i,x,y,r,theta,xK
6.136721134185791, 3.2, 0.1638143, -0.7835594, 0.0007990359, 281.9164, 0.151391148
11.132460117340088, -3.2, 0.1638143, -0.7689428, 0.0008005002, 282.3197, 0.158150643
16.130717992782593, 3.2, 0.2369301, -0.7908677, 0.0008368199, 289.7159, 0.275194108
21.139771938323975, -3.2, 0.2003722, -0.7981761, 0.000801695, 284.4737, 0.196022823
26.12830376625061, 3.2, 0.2588649, -0.7835594, 0.0008254782, 289.5788, 0.26976791
31.103596210479736, -3.2, 0.2003722, -0.7981761, 0.0008069931, 283.9666, 0.188302487
36.09407877922058, 3.2, 0.222307, -0.7616345, 0.0008137093, 289.0938, 0.263136178
41.08854842185974, -3.2, 0.1930606, -0.7908677, 0.0007946207, 284.3443, 0.184463933
46.07234311103821, 3.2, 0, 0, 0, 0, 0.270341396
51.07253289222717, -3.2, 0, 0, 0, 0, 0.197182998
56.078758239746094, 3.2, 0, 0, 0, 0, 0.34608975
