time,desired temp,current,tc_temp
1663981484.6844935,22.0136241,0.011080133130002388,22.0346946
1663981489.6956253,22.0136241,0.026055525630001828,22.0622158
1663981494.7175586,22.0136241,0.040655344186002355,22.0876998
1663981499.7280767,22.0136241,0.054170778870003315,22.1099014
1663981504.7280433,22.0136241,0.05880526431251086,22.11413
1663981509.733994,22.0136241,0.05512747931251148,22.1023387
1663981514.7557278,22.0136241,0.05526829394451273,22.0983695
1663981519.754332,22.0136241,0.05498870388699394,22.09379
1663981524.7615075,22.0136241,0.05293832888699523,22.0860671
1663981529.8031135,22.0136241,0.0505931149429963,22.0781307
1663981534.7806742,22.0136241,0.042606079162995567,22.0598526
1663981539.7848275,22.0136241,0.03808008416299502,22.0490303
1663981544.788061,22.0136241,0.035882386530997,22.0431537
1663981549.8090901,22.0136241,0.03953358903099686,22.0487022
1663981554.800337,22.0136241,0.046128718778500374,22.0595874
1663981559.8093667,22.0136241,0.037715871278499485,22.0413742
1663981564.8152823,22.0136241,0.0346271196544993,22.0341663
1663981569.8406293,22.0136241,0.039299304654500274,22.0420875
1663981574.8484375,22.0136241,0.04478318372650342,22.0511665
1663981579.8555946,22.0136241,0.04402441872650256,22.0479335
1663981585.005872,22.0136241,0.04731155569850446,22.052555
1663981589.8794365,22.0136241,0.0536691231985042,22.0628108
1663981594.911162,22.0136241,0.053326853427993454,22.059803
1663981599.8866682,22.0136241,0.0497819597559931,22.0508575
1663981604.9046674,22.0136241,0.04389246384399463,22.0378627
1663981609.8993828,22.0136241,0.044200018843993404,22.0372943
1663981614.9128664,22.0136241,0.04719606384399313,22.0418739
1663981619.9244728,22.0136241,0.04670476102799321,22.0395889
1663981624.9250648,22.0136241,0.0431675151429948,22.0316123
1663981629.938907,22.0136241,0.038580422642995424,22.0220184
1663981634.9540956,22.0136241,0.046649771538996306,22.0369853
1663981639.9447668,22.0136241,0.05048024403899503,22.043169
1663981644.9559493,22.0136241,0.050229504038995405,22.0412845
1663981649.9623134,22.0136241,0.05597786653899591,22.0509166
1663981654.9753892,22.0136241,0.05397675755499642,22.0453243
1663981660.0338497,22.0136241,0.05155379127899353,22.0391845
1663981664.9881968,22.0136241,0.047510561193495414,22.0302734
1663981669.9973705,22.0136241,0.052099413665495524,22.0382175
1663981675.005041,22.0136241,0.05189913366549725,22.0366649
1663981680.0217936,22.0136241,0.04948841736299286,22.0309734
1663981685.020583,22.0136241,0.0475168623629926,22.0263919
1663981690.0394175,22.0136241,0.05314295143499328,22.0364933
1663981695.0522988,22.0136241,0.05568432393499256,22.040245
1663981700.051,22.0136241,0.04833099643499354,22.024971
1663981705.049927,22.0136241,0.047246439397492956,22.0223636
1663981710.1480026,22.0136241,0.045476161500493245,22.0185718
1663981715.0931187,22.0136241,0.05199224502249576,22.0307579
1663981720.0934818,22.0136241,0.05365479605849617,22.0331058
1663981725.1628058,22.0136241,0.055682886236493125,22.0360279
1663981730.1186397,22.0136241,0.057598956753497,22.0386219
1663981735.1079516,22.0136241,0.058374104253497094,22.038908
1663981740.1261358,22.0136241,0.05732066985349811,22.0356941
1663981745.1292138,22.0136241,0.05417038235349845,22.0286426
1663981750.134567,22.0136241,0.057220457353497636,22.0337371
1663981755.1513746,22.0136241,0.056707756714993236,22.0317974
1663981760.1729093,22.0136241,0.05843344905899402,22.0342159
1663981765.1639097,22.0136241,0.057148806558993556,22.0307884
1663981770.1765575,22.0136241,0.059161051558993524,22.0338039
1663981775.1710649,22.0136241,0.06246631655899345,22.0391387
1663981780.1825686,22.0136241,0.059744654058993686,22.0327396
1663981785.21105,22.0136241,0.06241408792399628,22.0369071
1663981790.224561,22.0136241,0.06109965596799702,22.0332889
1663981795.195303,22.0136241,0.06392971892249627,22.0377502
1663981800.214983,22.0136241,0.058866247862495676,22.0269546
1663981805.2114718,22.0136241,0.05510498286249579,22.0191555
1663981810.2155187,22.0136241,0.056096392862496104,22.0207805
1663981815.2460575,22.0136241,0.05805652643999711,22.0241718
1663981820.2291129,22.0136241,0.05912730143999657,22.0257091
1663981825.2302191,22.0136241,0.058505163939996746,22.0239486
1663981830.251057,22.0136241,0.05796892124799616,22.0224342
1663981835.2530673,22.0136241,0.06086478374799576,22.0275306
1663981840.2725391,22.0136241,0.058299112955495384,22.0219802
1663981845.2746472,22.0136241,0.05431838801949549,22.0139999
1663981850.2878525,22.0136241,0.05768332051949521,22.0203914
1663981855.3369148,22.0136241,0.05178777178399346,22.0088424
1663981860.3119726,21.930709723741153,0.09662530674368493,22.0115852
1663981865.326702,21.8471992414299,0.14512727751625215,22.0165824
1663981870.3359256,21.763625419249472,0.1862127212276941,22.0031642
1663981875.3509371,21.680092346777855,0.21494643379405529,21.9629554
1663981880.36208,21.596570778002675,0.22627892654574905,21.8875083
1663981885.3659286,21.513088901947278,0.22679700174861459,21.7911167
1663981890.385559,21.429611639291384,0.23038825459427734,21.7012405
1663981895.3900895,21.346084129919944,0.22605510888969899,21.5964889
1663981900.4099078,21.262524016807813,0.21861513704022817,21.4867992
1663981905.4090729,21.179114373634594,0.21011854428597265,21.3765258
1663981910.4265594,21.095570572326917,0.20686026028585577,21.2773475
1663981915.4288743,21.01221725554301,0.19928737728923246,21.1709136
1663981920.4693084,20.92816929033432,0.2005514900850066,21.0816478
1663981925.4427345,20.845315671076712,0.20306278232257827,20.9962921
1663981930.4331846,20.761928129305776,0.20431517938574292,20.908123
1663981935.456983,20.67837205341492,0.21042986707552902,20.8292293
1663981940.4690454,20.594848040849307,0.22776946879383606,20.7715225
1663981945.4767113,20.51128407330348,0.22884811510617736,20.6815757
1663981950.4795153,20.427928380281067,0.22962507211035613,20.5915908
1663981955.4866266,20.34436957847112,0.23748929934727653,20.515192
1663981960.5091138,20.261022901644644,0.24803800771939918,20.4438037
1663981965.5060163,20.17743316502406,0.25063736459417296,20.3564357
1663981970.5148041,20.093993934105175,0.2551557042009872,20.2730789
1663981975.5296755,20.010415589919027,0.2555680943668944,20.1817321
1663981980.5403814,19.926919746508535,0.2638706230617084,20.1058654
1663981985.58747,19.842822353154755,0.2660133688335059,20.0172767
1663981990.5761929,19.759744052201846,0.26522169550491437,19.9243831
1663981995.5860405,19.67635565609767,0.2708462571545604,19.8438682
1663982000.5895581,19.59288227171733,0.27785698755179755,19.7657718
1663982005.594267,19.509249651541648,0.2786878108241223,19.6754398
1663982010.611125,19.425719503671267,0.2853137646675303,19.5966167
1663982015.6161957,19.342368988305665,0.2926910526426909,19.5191802
1663982020.6167674,19.258847173164625,0.2926963309662446,19.4272232
1663982025.62858,19.17531284104818,0.30018528833764546,19.3499107
1663982030.6513853,19.091904044260914,0.30262285312475445,19.2628307
1663982035.6396778,19.008660356313325,0.3081674056907175,19.1820087
1663982040.6457644,18.925127224237063,0.31892125112292125,19.1107044
1663982045.6617973,18.841613801430004,0.3262085523265894,19.0322055
1663982050.7185342,18.75727546623383,0.335561825090991,18.9564876
1663982055.6627657,18.674858808627064,0.3380966548478918,18.8695297
1663982060.6777966,18.591366942833204,0.34029272607056726,18.7809219
1663982065.6786282,18.507930251072185,0.3466656581742722,18.7005977
1663982070.6851327,18.42446251721217,0.3432505618676973,18.6014251
1663982075.7045047,18.34097052426173,0.34792601088643577,18.5183849
1663982080.710713,18.257620998333234,0.3540107763923535,18.4381771
1663982085.7053788,18.174166051656343,0.3614200259393897,18.3602371
1663982090.7139814,18.0908275684817,0.36859956331466964,18.2817134
1663982095.721438,18.00720522414678,0.36553233152853154,18.1831321
1663982100.7354114,17.923687632988234,0.3710406274806367,18.1017036
1663982105.7511568,17.840328705420433,0.37705223362902524,18.0213184
1663982110.7479846,17.756825494875844,0.3863593446298372,17.9468955
1663982115.8115125,17.672520216415663,0.39083645953914353,17.8619823
1663982120.7633607,17.589731907954153,0.3948689125443109,17.7779102
1663982125.773899,17.506280601134236,0.40775021870182654,17.7100028
1663982130.795865,17.42288490942154,0.4098886743226341,17.6209793
1663982135.7921872,17.339384937395987,0.4198514279095227,17.5469913
1663982140.7992482,17.255897875736494,0.4303640693458587,17.4736423
1663982145.8174882,17.172377971917726,0.43538384241692074,17.3892841
1663982150.8212798,17.088965471695204,0.44170188323580095,17.3075771
1663982155.83006,17.00543808153305,0.4349636307400328,17.2007751
1663982160.8332458,16.922103766709903,0.4406443289838592,17.1189594
1663982165.837761,16.838653512905378,0.44435459459045745,17.0331726
1663982170.8406262,16.755159314583082,0.4503210683870276,16.9517803
1663982175.862911,16.671561726043958,0.44931263031355156,16.8568725
1663982180.9065185,16.587477604657746,0.4615008173735805,16.7870903
1663982185.872141,16.50482343048884,0.46885298852151647,16.7090263
1663982190.8844805,16.421284103503165,0.4799621079304971,16.6368904
1663982195.902675,16.337588811030326,0.4823751242974069,16.5474624
1663982200.9123726,16.25427214315567,0.4821484546558427,16.45372
1663982205.9044821,16.170853118211365,0.49050185667271146,16.3767147
1663982210.9251163,16.087407994379934,0.5086613212289284,16.3180561
1663982215.9234626,16.00404100826416,0.5175349090515535,16.2405719
1663982220.9375021,15.920566674183148,0.5173945817374809,16.1455669
1663982225.9304128,15.83704241525167,0.5190332165283003,16.0544185
1663982230.9828513,15.75297964424922,0.5238590966834183,15.9690999
1663982235.984572,15.669478432447054,0.5199596867733252,15.8678798
1663982241.0230596,15.585839255760447,0.5322916890901597,15.7982501
1663982246.0723798,15.502398642013805,0.540617336657436,15.7205219
1663982251.0213075,15.418932807555137,0.5547613386978913,15.6536102
1663982256.0243962,15.335426553200023,0.5536668202451962,15.5568103
1663982261.0377147,15.251986340791323,0.556021337929763,15.4673128
1663982266.0518434,15.168457774430848,0.5726927075872783,15.4052495
1663982271.0656514,15.085100408504742,0.582696160477092,15.3296356
1663982276.0761585,15.00138153643443,0.5875444276864766,15.2434701
1663982281.0819254,14.918028382569887,0.5844077525545012,15.1426143
1663982286.0904508,14.834593014031984,0.5992180214726521,15.0766944
1663982291.1021237,14.751085567583974,0.6026659138296555,14.9881896
1663982296.0966318,14.667659815262097,0.6124593796090415,14.9121274
1663982301.1035817,14.584111213793692,0.6084277336073833,14.809226
1663982306.1056726,14.500826088697053,0.618964156438276,14.7352905
1663982311.1682534,14.416559533387758,0.6272540642083387,14.6555423
1663982316.1235957,14.333855402579246,0.6353756971975634,14.5769996
1663982321.124032,14.250396843860882,0.6403376054602236,14.491414
1663982326.1355324,14.16700364759598,0.6502374695191502,14.4153652
1663982331.1496937,14.083326443146007,0.6644072694460389,14.3468112
1663982336.1647737,13.999988134811657,0.6731275727429221,14.2675361
1663982341.150828,13.916698396315512,0.6718838570831067,14.169137
1663982346.1651392,13.833104980101524,0.6805290008291595,14.0899505
1663982351.1808338,13.749532810956575,0.6925531386044161,14.0170125
1663982356.1831572,13.666166667253114,0.7024118362748193,13.9396877
1663982361.1867545,13.582704965383149,0.7140437955752224,13.8653573
1663982366.2112653,13.498948292047121,0.7140426523033399,13.7680568
1663982371.2201288,13.415586932609814,0.7180635487067477,13.6795396
1663982376.2866511,13.33117618571752,0.7234983376243528,13.5927572
1663982381.2377398,13.2486058832311,0.7328125901433957,13.5155916
1663982386.2625334,13.165018089721935,0.7389823533357566,13.4310016
1663982391.2480543,13.081728847931164,0.7488869105328626,13.3539123
1663982396.2544596,12.998261873036958,0.7621628113385013,13.282731
1663982401.262126,12.914851264268496,0.77336975411602,13.2071208
1663982406.2729168,12.831440071374512,0.7857774412786489,13.1334257
1663982411.2771945,12.747876457482912,0.7972209827227825,13.0572319
1663982416.287816,12.664462812851207,0.8062103247173552,12.9762096
1663982421.2905774,12.581111999462383,0.8126534914252078,12.8902864
1663982426.306587,12.497692994386293,0.8222975085000488,12.8104667
1663982431.3168147,12.414152137548067,0.8289479987026661,12.7246551
1663982436.330956,12.330681041986086,0.8403062172106507,12.6479845
1663982441.3720198,12.246384612828829,0.8552614564855782,12.5769166
1663982446.3457816,12.163584669540661,0.8596930354068956,12.4869136
1663982451.3663938,12.080026392251588,0.8685147034282468,12.4047155
1663982456.3726647,11.996468313644664,0.8771616567695056,12.3221168
1663982461.367245,11.913179735452271,0.8887336662622264,12.2454137
1663982466.387154,11.829473614802298,0.8977617504507928,12.1629848
1663982471.3885195,11.746235299220023,0.9069003894239446,12.0813198
1663982476.3891063,11.662682163824973,0.9117541950159862,11.9910087
1663982481.4053817,11.579109907259879,0.926507417428461,11.9198513
1663982486.4193585,11.495672086984253,0.934640036752714,11.8356266
1663982491.4308646,11.412139090011852,0.9523226704886192,11.7695865
1663982496.4371955,11.328594339003502,0.9657994458073067,11.6946382
1663982501.4554915,11.245012148330945,0.9826360124234508,11.625637
1663982506.4992635,11.161098229994712,1.0001818629105843,11.5569019
1663982511.471633,11.078128862490592,1.005169701720039,11.4646406
1663982516.4849555,10.994543421378074,1.0229994850277717,11.3965539
1663982521.4893117,10.911143966625469,1.0390187107384379,11.3245239
1663982526.4931004,10.827556757241823,1.0492448278426423,11.2406673
1663982531.51635,10.744034787128705,1.0629326395243563,11.1634855
1663982536.5335617,10.660426545252738,1.078248461095408,11.0890111
1663982541.5376897,10.577212496708173,1.0952080117057155,11.0177593
1663982546.5291615,10.493840992560324,1.1150022926342342,10.9510431
1663982551.548529,10.410249356538392,1.1274780391472248,10.8693733
1663982556.5475326,10.327000574380495,1.1445955683806037,10.7969379
1663982561.5537524,10.243434441199241,1.1567353603259611,10.7140455
1663982566.5564332,10.16010248274638,1.1759416499837325,10.6448869
1663982571.6213946,10.075716745963035,1.1920744825231648,10.5678548
1663982576.5742102,9.993145350724793,1.2022040981260367,10.4813613
1663982581.5703013,9.909714524060822,1.2257138444865854,10.4193849
1663982586.580899,9.826281261553703,1.2387225467013023,10.3364601
1663982591.5860312,9.742754995932517,1.2591942209779163,10.2675533
1663982596.605557,9.65922847599818,1.2749887490451306,10.1891212
1663982601.6210442,9.575611523896791,1.296138468530248,10.1203956
1663982606.6217875,9.492300387333172,1.3129028921287285,10.0430746
1663982611.6267054,9.408810949435171,1.344388560797762,9.99324703
1663982616.6438074,9.325480441362,1.3660829610087826,9.92349433
1663982621.639759,9.241989410033163,1.3934425368012313,9.86355113
1663982626.6470087,9.15862114440435,1.4183412565055296,9.79801082
1663982631.6521275,9.075015187373099,1.447722381760249,9.73982048
1663982636.7110019,8.99078178814087,1.4741772535138482,9.67401409
1663982641.6828551,8.908104344318646,1.5003231828752026,9.60881042
1663982646.6754344,8.82461706808243,1.5266171160412503,9.54203987
1663982651.6893125,8.74112968058421,1.5660120087300144,9.49931907
1663982656.7098186,8.657511937727866,1.5977348454439841,9.4399023
1663982661.7118113,8.573996404916384,1.6283745045280356,9.37736892
1663982666.7203913,8.490666250497439,1.663334993975072,9.32237434
1663982671.71569,8.407206273188528,1.7026028175498138,9.27410507
1663982676.7164798,8.323949325194297,1.7405309506670723,9.22181129
1663982681.7367582,8.240377561360933,1.7914380672931958,9.19231414
1663982686.7440743,8.156821513285575,1.8448020526156892,9.16491985
1663982691.7646902,8.073246280461886,1.8931161367807192,9.12521648
1663982696.753494,7.989891163617708,1.9484483521123648,9.09716224
1663982701.7820306,7.906235154579418,2,9.07888603
1663982706.776646,7.82296195835902,2,9.08123683
