time,desired temp,current,tc_temp
1663981484.6844935,22.0136241,0.011080133130002388,22.0346946
1663981489.6956253,22.0136241,0.026055525630001828,22.0622158
1663981494.7175586,22.0136241,0.040655344186002355,22.0876998
1663981499.7280767,22.0136241,0.054170778870003315,22.1099014
1663981504.7280433,22.0136241,0.05880526431251086,22.11413
1663981509.733994,22.0136241,0.05512747931251148,22.1023387
1663981514.7557278,22.0136241,0.05526829394451273,22.0983695
1663981519.754332,22.0136241,0.05498870388699394,22.09379
1663981524.7615075,22.0136241,0.05293832888699523,22.0860671
1663981529.8031135,22.0136241,0.0505931149429963,22.0781307
1663981534.7806742,22.0136241,0.042606079162995567,22.0598526
1663981539.7848275,22.0136241,0.03808008416299502,22.0490303
1663981544.788061,22.0136241,0.035882386530997,22.0431537
1663981549.8090901,22.0136241,0.03953358903099686,22.0487022
1663981554.800337,22.0136241,0.046128718778500374,22.0595874
1663981559.8093667,22.0136241,0.037715871278499485,22.0413742
1663981564.8152823,22.0136241,0.0346271196544993,22.0341663
1663981569.8406293,22.0136241,0.039299304654500274,22.0420875
1663981574.8484375,22.0136241,0.04478318372650342,22.0511665
1663981579.8555946,22.0136241,0.04402441872650256,22.0479335
1663981585.005872,22.0136241,0.04731155569850446,22.052555
1663981589.8794365,22.0136241,0.0536691231985042,22.0628108
1663981594.911162,22.0136241,0.053326853427993454,22.059803
1663981599.8866682,22.0136241,0.0497819597559931,22.0508575
1663981604.9046674,22.0136241,0.04389246384399463,22.0378627
1663981609.8993828,22.0136241,0.044200018843993404,22.0372943
1663981614.9128664,22.0136241,0.04719606384399313,22.0418739
1663981619.9244728,22.0136241,0.04670476102799321,22.0395889
1663981624.9250648,22.0136241,0.0431675151429948,22.0316123
1663981629.938907,22.0136241,0.038580422642995424,22.0220184
1663981634.9540956,22.0136241,0.046649771538996306,22.0369853
1663981639.9447668,22.0136241,0.05048024403899503,22.043169
1663981644.9559493,22.0136241,0.050229504038995405,22.0412845
1663981649.9623134,22.0136241,0.05597786653899591,22.0509166
1663981654.9753892,22.0136241,0.05397675755499642,22.0453243
1663981660.0338497,22.0136241,0.05155379127899353,22.0391845
1663981664.9881968,22.0136241,0.047510561193495414,22.0302734
1663981669.9973705,22.0136241,0.052099413665495524,22.0382175
1663981675.005041,22.0136241,0.05189913366549725,22.0366649
1663981680.0217936,22.0136241,0.04948841736299286,22.0309734
1663981685.020583,22.0136241,0.0475168623629926,22.0263919
1663981690.0394175,22.0136241,0.05314295143499328,22.0364933
1663981695.0522988,22.0136241,0.05568432393499256,22.040245
1663981700.051,22.0136241,0.04833099643499354,22.024971
1663981705.049927,22.0136241,0.047246439397492956,22.0223636
1663981710.1480026,22.0136241,0.045476161500493245,22.0185718
1663981715.0931187,22.0136241,0.05199224502249576,22.0307579
1663981720.0934818,22.0136241,0.05365479605849617,22.0331058
1663981725.1628058,22.0136241,0.055682886236493125,22.0360279
1663981730.1186397,22.0136241,0.057598956753497,22.0386219
1663981735.1079516,22.0136241,0.058374104253497094,22.038908
1663981740.1261358,22.0136241,0.05732066985349811,22.0356941
1663981745.1292138,22.0136241,0.05417038235349845,22.0286426
1663981750.134567,22.0136241,0.057220457353497636,22.0337371
1663981755.1513746,22.0136241,0.056707756714993236,22.0317974
1663981760.1729093,22.0136241,0.05843344905899402,22.0342159
1663981765.1639097,22.0136241,0.057148806558993556,22.0307884
1663981770.1765575,22.0136241,0.059161051558993524,22.0338039
1663981775.1710649,22.0136241,0.06246631655899345,22.0391387
1663981780.1825686,22.0136241,0.059744654058993686,22.0327396
1663981785.21105,22.0136241,0.06241408792399628,22.0369071
1663981790.224561,22.0136241,0.06109965596799702,22.0332889
1663981795.195303,22.0136241,0.06392971892249627,22.0377502
1663981800.214983,22.0136241,0.058866247862495676,22.0269546
1663981805.2114718,22.0136241,0.05510498286249579,22.0191555
1663981810.2155187,22.0136241,0.056096392862496104,22.0207805
1663981815.2460575,22.0136241,0.05805652643999711,22.0241718
1663981820.2291129,22.0136241,0.05912730143999657,22.0257091
1663981825.2302191,22.0136241,0.058505163939996746,22.0239486
1663981830.251057,22.0136241,0.05796892124799616,22.0224342
1663981835.2530673,22.0136241,0.06086478374799576,22.0275306
1663981840.2725391,22.0136241,0.058299112955495384,22.0219802
1663981845.2746472,22.0136241,0.05431838801949549,22.0139999
1663981850.2878525,22.0136241,0.05768332051949521,22.0203914
1663981855.3369148,22.0136241,0.05178777178399346,22.0088424
1663981860.3119726,21.930709723741153,0.09662530674368493,22.0115852
1663981865.326702,21.8471992414299,0.14512727751625215,22.0165824
1663981870.3359256,21.763625419249472,0.1862127212276941,22.0031642
1663981875.3509371,21.680092346777855,0.21494643379405529,21.9629554
1663981880.36208,21.596570778002675,0.22627892654574905,21.8875083
1663981885.3659286,21.513088901947278,0.22679700174861459,21.7911167
1663981890.385559,21.429611639291384,0.23038825459427734,21.7012405
1663981895.3900895,21.346084129919944,0.22605510888969899,21.5964889
1663981900.4099078,21.262524016807813,0.21861513704022817,21.4867992
1663981905.4090729,21.179114373634594,0.21011854428597265,21.3765258
1663981910.4265594,21.095570572326917,0.20686026028585577,21.2773475
1663981915.4288743,21.01221725554301,0.19928737728923246,21.1709136
1663981920.4693084,20.92816929033432,0.2005514900850066,21.0816478
1663981925.4427345,20.845315671076712,0.20306278232257827,20.9962921
1663981930.4331846,20.761928129305776,0.20431517938574292,20.908123
1663981935.456983,20.67837205341492,0.21042986707552902,20.8292293
1663981940.4690454,20.594848040849307,0.22776946879383606,20.7715225
1663981945.4767113,20.51128407330348,0.22884811510617736,20.6815757
1663981950.4795153,20.427928380281067,0.22962507211035613,20.5915908
1663981955.4866266,20.34436957847112,0.23748929934727653,20.515192
1663981960.5091138,20.261022901644644,0.24803800771939918,20.4438037
1663981965.5060163,20.17743316502406,0.25063736459417296,20.3564357
1663981970.5148041,20.093993934105175,0.2551557042009872,20.2730789
1663981975.5296755,20.010415589919027,0.2555680943668944,20.1817321
1663981980.5403814,19.926919746508535,0.2638706230617084,20.1058654
1663981985.58747,19.842822353154755,0.2660133688335059,20.0172767
1663981990.5761929,19.759744052201846,0.26522169550491437,19.9243831
1663981995.5860405,19.67635565609767,0.2708462571545604,19.8438682
1663982000.5895581,19.59288227171733,0.27785698755179755,19.7657718
1663982005.594267,19.509249651541648,0.2786878108241223,19.6754398
1663982010.611125,19.425719503671267,0.2853137646675303,19.5966167
1663982015.6161957,19.342368988305665,0.2926910526426909,19.5191802
1663982020.6167674,19.258847173164625,0.2926963309662446,19.4272232
1663982025.62858,19.17531284104818,0.30018528833764546,19.3499107
1663982030.6513853,19.091904044260914,0.30262285312475445,19.2628307
1663982035.6396778,19.008660356313325,0.3081674056907175,19.1820087
1663982040.6457644,18.925127224237063,0.31892125112292125,19.1107044
1663982045.6617973,18.841613801430004,0.3262085523265894,19.0322055
1663982050.7185342,18.75727546623383,0.335561825090991,18.9564876
1663982055.6627657,18.674858808627064,0.3380966548478918,18.8695297
1663982060.6777966,18.591366942833204,0.34029272607056726,18.7809219
1663982065.6786282,18.507930251072185,0.3466656581742722,18.7005977
1663982070.6851327,18.42446251721217,0.3432505618676973,18.6014251
1663982075.7045047,18.34097052426173,0.34792601088643577,18.5183849
1663982080.710713,18.257620998333234,0.3540107763923535,18.4381771
1663982085.7053788,18.174166051656343,0.3614200259393897,18.3602371
1663982090.7139814,18.0908275684817,0.36859956331466964,18.2817134
1663982095.721438,18.00720522414678,0.36553233152853154,18.1831321
1663982100.7354114,17.923687632988234,0.3710406274806367,18.1017036
1663982105.7511568,17.840328705420433,0.37705223362902524,18.0213184
1663982110.7479846,17.756825494875844,0.3863593446298372,17.9468955
1663982115.8115125,17.672520216415663,0.39083645953914353,17.8619823
1663982120.7633607,17.589731907954153,0.3948689125443109,17.7779102
1663982125.773899,17.506280601134236,0.40775021870182654,17.7100028
1663982130.795865,17.42288490942154,0.4098886743226341,17.6209793
1663982135.7921872,17.339384937395987,0.4198514279095227,17.5469913
1663982140.7992482,17.255897875736494,0.4303640693458587,17.4736423
1663982145.8174882,17.172377971917726,0.43538384241692074,17.3892841
1663982150.8212798,17.088965471695204,0.44170188323580095,17.3075771
1663982155.83006,17.00543808153305,0.4349636307400328,17.2007751
1663982160.8332458,16.922103766709903,0.4406443289838592,17.1189594
1663982165.837761,16.838653512905378,0.44435459459045745,17.0331726
1663982170.8406262,16.755159314583082,0.4503210683870276,16.9517803
1663982175.862911,16.671561726043958,0.44931263031355156,16.8568725
1663982180.9065185,16.587477604657746,0.4615008173735805,16.7870903
1663982185.872141,16.50482343048884,0.46885298852151647,16.7090263
1663982190.8844805,16.421284103503165,0.4799621079304971,16.6368904
1663982195.902675,16.337588811030326,0.4823751242974069,16.5474624
1663982200.9123726,16.25427214315567,0.4821484546558427,16.45372
1663982205.9044821,16.170853118211365,0.49050185667271146,16.3767147
1663982210.9251163,16.087407994379934,0.5086613212289284,16.3180561
1663982215.9234626,16.00404100826416,0.5175349090515535,16.2405719
1663982220.9375021,15.920566674183148,0.5173945817374809,16.1455669
1663982225.9304128,15.83704241525167,0.5190332165283003,16.0544185
1663982230.9828513,15.75297964424922,0.5238590966834183,15.9690999
1663982235.984572,15.669478432447054,0.5199596867733252,15.8678798
1663982241.0230596,15.585839255760447,0.5322916890901597,15.7982501
1663982246.0723798,15.502398642013805,0.540617336657436,15.7205219
1663982251.0213075,15.418932807555137,0.5547613386978913,15.6536102
1663982256.0243962,15.335426553200023,0.5536668202451962,15.5568103
1663982261.0377147,15.251986340791323,0.556021337929763,15.4673128
1663982266.0518434,15.168457774430848,0.5726927075872783,15.4052495
1663982271.0656514,15.085100408504742,0.582696160477092,15.3296356
1663982276.0761585,15.00138153643443,0.5875444276864766,15.2434701
1663982281.0819254,14.918028382569887,0.5844077525545012,15.1426143
1663982286.0904508,14.834593014031984,0.5992180214726521,15.0766944
1663982291.1021237,14.751085567583974,0.6026659138296555,14.9881896
1663982296.0966318,14.667659815262097,0.6124593796090415,14.9121274
1663982301.1035817,14.584111213793692,0.6084277336073833,14.809226
1663982306.1056726,14.500826088697053,0.618964156438276,14.7352905
1663982311.1682534,14.416559533387758,0.6272540642083387,14.6555423
1663982316.1235957,14.333855402579246,0.6353756971975634,14.5769996
1663982321.124032,14.250396843860882,0.6403376054602236,14.491414
1663982326.1355324,14.16700364759598,0.6502374695191502,14.4153652
1663982331.1496937,14.083326443146007,0.6644072694460389,14.3468112
1663982336.1647737,13.999988134811657,0.6731275727429221,14.2675361
1663982341.150828,13.916698396315512,0.6718838570831067,14.169137
1663982346.1651392,13.833104980101524,0.6805290008291595,14.0899505
1663982351.1808338,13.749532810956575,0.6925531386044161,14.0170125
1663982356.1831572,13.666166667253114,0.7024118362748193,13.9396877
1663982361.1867545,13.582704965383149,0.7140437955752224,13.8653573
1663982366.2112653,13.498948292047121,0.7140426523033399,13.7680568
1663982371.2201288,13.415586932609814,0.7180635487067477,13.6795396
1663982376.2866511,13.33117618571752,0.7234983376243528,13.5927572
1663982381.2377398,13.2486058832311,0.7328125901433957,13.5155916
1663982386.2625334,13.165018089721935,0.7389823533357566,13.4310016
1663982391.2480543,13.081728847931164,0.7488869105328626,13.3539123
1663982396.2544596,12.998261873036958,0.7621628113385013,13.282731
1663982401.262126,12.914851264268496,0.77336975411602,13.2071208
1663982406.2729168,12.831440071374512,0.7857774412786489,13.1334257
1663982411.2771945,12.747876457482912,0.7972209827227825,13.0572319
1663982416.287816,12.664462812851207,0.8062103247173552,12.9762096
1663982421.2905774,12.581111999462383,0.8126534914252078,12.8902864
1663982426.306587,12.497692994386293,0.8222975085000488,12.8104667
1663982431.3168147,12.414152137548067,0.8289479987026661,12.7246551
1663982436.330956,12.330681041986086,0.8403062172106507,12.6479845
1663982441.3720198,12.246384612828829,0.8552614564855782,12.5769166
1663982446.3457816,12.163584669540661,0.8596930354068956,12.4869136
1663982451.3663938,12.080026392251588,0.8685147034282468,12.4047155
1663982456.3726647,11.996468313644664,0.8771616567695056,12.3221168
1663982461.367245,11.913179735452271,0.8887336662622264,12.2454137
1663982466.387154,11.829473614802298,0.8977617504507928,12.1629848
1663982471.3885195,11.746235299220023,0.9069003894239446,12.0813198
1663982476.3891063,11.662682163824973,0.9117541950159862,11.9910087
1663982481.4053817,11.579109907259879,0.926507417428461,11.9198513
1663982486.4193585,11.495672086984253,0.934640036752714,11.8356266
1663982491.4308646,11.412139090011852,0.9523226704886192,11.7695865
1663982496.4371955,11.328594339003502,0.9657994458073067,11.6946382
1663982501.4554915,11.245012148330945,0.9826360124234508,11.625637
1663982506.4992635,11.161098229994712,1.0001818629105843,11.5569019
1663982511.471633,11.078128862490592,1.005169701720039,11.4646406
1663982516.4849555,10.994543421378074,1.0229994850277717,11.3965539
1663982521.4893117,10.911143966625469,1.0390187107384379,11.3245239
1663982526.4931004,10.827556757241823,1.0492448278426423,11.2406673
1663982531.51635,10.744034787128705,1.0629326395243563,11.1634855
1663982536.5335617,10.660426545252738,1.078248461095408,11.0890111
1663982541.5376897,10.577212496708173,1.0952080117057155,11.0177593
1663982546.5291615,10.493840992560324,1.1150022926342342,10.9510431
1663982551.548529,10.410249356538392,1.1274780391472248,10.8693733
1663982556.5475326,10.327000574380495,1.1445955683806037,10.7969379
1663982561.5537524,10.243434441199241,1.1567353603259611,10.7140455
1663982566.5564332,10.16010248274638,1.1759416499837325,10.6448869
1663982571.6213946,10.075716745963035,1.1920744825231648,10.5678548
1663982576.5742102,9.993145350724793,1.2022040981260367,10.4813613
1663982581.5703013,9.909714524060822,1.2257138444865854,10.4193849
1663982586.580899,9.826281261553703,1.2387225467013023,10.3364601
1663982591.5860312,9.742754995932517,1.2591942209779163,10.2675533
1663982596.605557,9.65922847599818,1.2749887490451306,10.1891212
1663982601.6210442,9.575611523896791,1.296138468530248,10.1203956
1663982606.6217875,9.492300387333172,1.3129028921287285,10.0430746
1663982611.6267054,9.408810949435171,1.344388560797762,9.99324703
1663982616.6438074,9.325480441362,1.3660829610087826,9.92349433
1663982621.639759,9.241989410033163,1.3934425368012313,9.86355113
1663982626.6470087,9.15862114440435,1.4183412565055296,9.79801082
1663982631.6521275,9.075015187373099,1.447722381760249,9.73982048
1663982636.7110019,8.99078178814087,1.4741772535138482,9.67401409
1663982641.6828551,8.908104344318646,1.5003231828752026,9.60881042
1663982646.6754344,8.82461706808243,1.5266171160412503,9.54203987
1663982651.6893125,8.74112968058421,1.5660120087300144,9.49931907
1663982656.7098186,8.657511937727866,1.5977348454439841,9.4399023
1663982661.7118113,8.573996404916384,1.6283745045280356,9.37736892
1663982666.7203913,8.490666250497439,1.663334993975072,9.32237434
1663982671.71569,8.407206273188528,1.7026028175498138,9.27410507
1663982676.7164798,8.323949325194297,1.7405309506670723,9.22181129
1663982681.7367582,8.240377561360933,1.7914380672931958,9.19231414
1663982686.7440743,8.156821513285575,1.8448020526156892,9.16491985
1663982691.7646902,8.073246280461886,1.8931161367807192,9.12521648
1663982696.753494,7.989891163617708,1.9484483521123648,9.09716224
1663982701.7820306,7.906235154579418,2,9.07888603
1663982706.776646,7.82296195835902,2,9.08123683
1663982711.7738042,7.7396167239649465,2,9.08061313
1663982716.8047302,7.656046116461692,2,9.09525012
1663982721.8018563,7.572664245079297,2,9.13949012
1663982726.8142765,7.489109448701479,2,9.19288063
1663982731.8106003,7.405760757238008,2,9.24493789
1663982736.8074665,7.322348745773571,2,9.34184169
1663982741.8271458,7.238860384732821,2,9.4170866
1663982746.843002,7.155284071078238,2,9.50496482
1663982751.84912,7.071816833923595,2,9.59536266
1663982756.8981655,6.987619253109234,2,9.69976997
1663982761.8729131,6.904711504886883,2,9.82691192
1663982766.914536,6.821120325833894,2,9.96138858
1663982771.886644,6.737833825856782,2,10.1031675
1663982776.8854203,6.654384581357576,2,10.238718
1663982781.912889,6.570703824470776,2,10.3727865
1663982786.9219973,6.487080029756166,2,10.5074338
1663982791.9247515,6.403724269181826,2,10.6496906
1663982796.945987,6.320208831737775,2,10.8095588
1663982801.964131,6.236642003168997,2,10.9763174
1663982806.9948149,6.152666763574221,2,11.1483116
1663982811.9937644,6.069452162693279,2,11.3177404
1663982817.0094728,5.985855126490531,2,11.4815206
1663982822.0251212,5.902265842865248,2,11.6543149
1663982827.0407908,5.8186236700518315,2,11.857254
1663982832.0567336,5.735070220738983,2,12.0329875
1663982837.0722446,5.651474841545362,2,12.2090549
1663982842.0878623,5.56788027694855,2,12.4010858
1663982847.0870588,5.4842921059433,2,12.5848274
1663982852.120596,5.400690488130188,2,12.7665433
1663982857.1183832,5.31711353869273,2,12.9679641
1663982862.1509135,5.233501966903944,2,13.1649017
1663982867.1662521,5.149904441943107,2,13.3561983
1663982872.165623,5.066523377210238,2,13.5536327
1663982877.183301,4.98299704403712,2,13.7571296
1663982882.1850305,5,2,13.9605569
1663982887.1878843,5,2,14.1701869
1663982892.1977274,5,2,14.3667716
1663982897.1911778,5,2,14.5599584
1663982902.2077444,5,2,14.7583827
1663982907.2161546,5,2,14.9696397
1663982912.226582,5,2,15.1790952
1663982917.2361202,5,2,15.387536
1663982922.2520955,5,2,15.5941839
1663982927.2621598,5,2,15.8063106
1663982932.2745697,5,2,16.0119171
1663982937.3039703,5,2,16.2153015
1663982942.294326,5,2,16.4280147
1663982947.309115,5,2,16.6447658
1663982952.3086157,5,2,16.8336811
1663982957.3204346,5,2,17.038845
1663982962.3224423,5,2,17.2381057
1663982967.3306847,5,2,17.4469718
1663982972.3425539,5,2,17.6583766
1663982977.3547888,5,2,17.8802547
1663982982.3645554,5,2,18.084486
1663982987.369148,5,2,18.3059253
1663982992.3714864,5,2,18.5078411
1663982997.3778102,5,2,18.7106761
1663983002.440585,5,2,18.9270477
1663983007.3975773,5,2,19.1250877
1663983012.4065201,5,2,19.3613109
1663983017.4162045,5,2,19.567255
1663983022.4204686,5,2,19.7739162
1663983027.4244869,5,2,19.9724292
1663983032.4280818,5,2,20.1710109
1663983037.4321191,5,2,20.3848609
1663983042.4394398,5,2,20.5967922
1663983047.4467602,5,2,20.8054218
1663983052.4570925,5,2,21.0175342
1663983057.4769566,5,2,21.2274398
1663983062.4710207,5,2,21.4047565
1663983067.5212188,5,2,21.6181945
1663983072.5041223,5,2,21.8284263
1663983077.5038738,5,2,22.038208
1663983082.5023568,5,2,22.2515563
1663983087.5078392,5,2,22.4465694
1663983092.5166693,5,2,22.6856079
1663983097.522723,5,2,22.9291191
1663983102.5156426,5,2,23.181076
1663983107.5293016,5,2,23.411581
1663983112.5461242,5,2,23.6549663
1663983117.540662,5,2,23.9288253
1663983122.5655026,5,2,24.1551799
1663983127.572438,5,2,24.3900337
1663983132.594164,5,2,24.5867309
1663983137.5934474,5,2,24.8046646
1663983142.6051369,5,2,24.9910182
1663983147.5990472,5,2,25.1624298
1663983152.6164947,5,2,25.3323287
1663983157.6179497,5,2,25.5827579
1663983162.6177588,5,2,25.7567882
1663983167.6430745,5,2,25.9387092
1663983172.6459315,5,2,26.1208648
1663983183.6884382,26.3437461,2,26.8051052
1663983188.6970205,26.427042454611716,0,27.5890483
1663983193.7077765,22,0,28.1043148
1663983198.7187722,22,0,28.8463516
1663983203.7227256,22,0,29.6591606
1663983208.7307215,22,0,30.4490566
1663983213.741333,22,0,31.2475986
1663983218.7558188,22,0,32.0892753
1663983223.7596846,22,0,32.9062118
1663983228.7738738,22,0,33.6933937
1663983233.7730522,22,0,34.4454841
1663983238.7836337,22,0,35.1762733
1663983243.792417,22,0,35.8655471
1663983248.8097012,22,0,36.5030784
1663983253.8259995,22,0,37.1270179
1663983258.8602366,22,0,37.7005767
1663983263.8354113,22,0,38.2359848
1663983268.850852,22,0,38.7449684
1663983273.8491595,22,0,39.2258987
1663983278.8478656,22,0,39.6791572
1663983283.858118,22,0,40.1383972
1663983288.873565,22,0,40.5698928
1663983293.8781488,22,0,40.9431915
1663983298.887319,22,0,41.3112602
1663983303.8819637,22,0,41.6475219
1663983308.8986547,22,0,41.9745864
1663983313.9067585,22,0,42.2735176
1663983318.9205587,22,0,42.5569572
1663983323.9676661,22,0,42.8427429
1663983328.9302504,22,0,43.0917739
1663983333.9471986,22,0,43.3211784
1663983338.9554195,22,0,43.5496559
1663983343.96675,22,0,43.748001
1663983348.9723325,22,0,43.9452934
1663983353.9775836,22,0,44.1280174
1663983358.9892702,22,0,44.3082733
1663983364.0008924,22,0,44.478466
1663983369.0082648,22,0,44.6021308
1663983374.0138404,22,0,44.7596359
1663983379.0395467,22,0,44.8966941
1663983384.0408738,22,0,45.0058403
1663983389.0848906,22,0,45.1260414
1663983394.0477743,22,0,45.2322196
1663983399.0648823,22,0,45.3081626
1663983404.0691862,22,0,45.4029045
1663983409.0763345,22,0,45.484436
1663983414.098928,22,0,45.5689277
1663983419.101687,22,0,45.6316871
1663983424.1071897,22,0,45.7066078
1663983429.116732,22,0,45.7405586
1663983434.1209636,22,0,45.7738456
1663983439.1324177,22,0,45.8201484
1663983444.1404817,22,0,45.8488464
1663983449.1644633,22,0,45.8824348
1663983454.2036133,22,0,45.888298
1663983459.1781497,22,0,45.8948249
1663983464.1834307,22,0,45.8952445
1663983469.1811976,22,0,45.8797874
1663983474.1876671,22,0,45.8632736
1663983479.1916585,22,0,45.8283081
1663983484.194952,22,0,45.79253
1663983495.3344333,45.7351264,0.02355037717000389,45.6903419
1663983500.3328986,45.7351264,0.057503096762004345,45.627819
1663983505.3449445,45.7351264,0.08814166426200662,45.5745697
1663983510.3571763,45.7351264,0.11186917261951822,45.5370483
1663983515.373071,45.7351264,0.1285726668915214,45.514698
1663983520.3815224,45.7351264,0.13837120939152328,45.5065307
1663983525.383628,45.7351264,0.12791098371897805,45.5373687
1663983530.4009244,45.7351264,0.12930807871897707,45.5441246
1663983535.4046962,45.7351264,0.1199880287189776,45.5709724
1663983540.4035425,45.7351264,0.11840642281498263,45.5818252
1663983545.4084146,45.7351264,0.1216962078149817,45.582859
1663983550.4200232,45.7351264,0.13276201833498477,45.5690574
1663983555.4224133,45.7351264,0.13651316833498522,45.5698204
1663983560.4359343,45.7351264,0.14968610833498372,45.5526008
1663983565.4359522,45.7351264,0.14922736348999677,45.562191
1663983570.450769,45.7351264,0.15470432196999934,45.5600204
1663983575.452983,45.7351264,0.16433512196999778,45.5500144
1663983580.5163784,45.7351264,0.1761101005739747,45.536518
1663983585.484015,45.7351264,0.1835651993535158,45.5317153
1663983590.501954,45.7351264,0.1886226430215185,45.5317993
1663983595.501802,45.7351264,0.1880341405215194,45.5426025
1663983600.507313,45.7351264,0.1883188859364779,45.5512542
1663983605.5160947,45.7351264,0.19320407343647938,45.5507049
1663983610.5304542,45.7351264,0.20187347830848285,45.543003
1663983615.5540442,45.7351264,0.20324068735648548,45.5495758
1663983620.5482776,45.7351264,0.2043380858264977,45.5563468
1663983625.5697696,45.7351264,0.21293313082649826,45.5484886
1663983630.5613973,45.7351264,0.22292630332649693,45.5383415
1663983635.5669258,45.7351264,0.2242902844905022,45.5451431
1663983640.5766213,45.7351264,0.23451929199050014,45.5347061
1663983645.6176114,45.7351264,0.23968914098052238,45.5344924
1663983650.5960777,45.7351264,0.2418468676025061,45.5398788
1663983655.6145847,45.7351264,0.24278074776001599,45.5474243
1663983660.611672,45.7351264,0.2499066227600192,45.5427894
1663983665.6199958,45.7351264,0.2490398277120211,45.553627
1663983670.6283019,45.7351264,0.2474390127120192,45.565319
1663983675.6305702,45.7351264,0.2594387102120215,45.5505485
1663983680.6369936,45.7351264,0.26505650489197796,45.548664
1663983685.6562307,45.7351264,0.2584519531319813,45.5701484
1663983690.649075,45.7351264,0.2680398156319823,45.5597419
1663983695.6565695,45.7351264,0.27057590313198265,45.5632629
1663983700.65672,45.7351264,0.27889194313198185,45.5556068
1663983705.669675,45.7351264,0.2856537139399849,45.5513038
1663983710.6945007,45.7351264,0.2869560907774961,45.5576019
1663983715.6933646,45.7351264,0.29439830577749593,45.5518798
1663983720.6940205,45.7351264,0.294449298277497,45.5605087
1663983725.7083235,45.7351264,0.2916819513294985,45.5741195
1663983730.7198288,45.7351264,0.29051215592550017,45.5840377
1663983735.7325509,45.7351264,0.28899272190300995,45.5941467
1663983740.8417053,45.7351264,0.29493247690301094,45.5895462
1663983745.749621,45.7351264,0.3012135965150121,45.5845375
1663983750.7530346,45.7351264,0.31113887152247643,45.5728263
1663983755.7587655,45.7351264,0.3226864965224777,45.5585594
1663983760.762745,45.7351264,0.3300566840224789,45.5529289
1663983765.7690666,45.7351264,0.333746474022478,45.5545768
1663983770.779041,45.7351264,0.3343487398464812,45.5620536
1663983775.7721639,45.7351264,0.3305625248464821,45.577507
1663983780.7840815,45.7351264,0.3238916232504813,45.5977401
1663983785.7970772,45.7351264,0.3256840282504823,45.6008682
1663983790.8128135,45.7351264,0.33884524915799497,45.5822143
1663983795.8125968,45.7351264,0.3373728491579938,45.5923004
1663983800.8188374,45.7351264,0.3359473948019969,45.6018371
1663983805.8370724,45.7351264,0.3371066523019958,45.6059761
1663983810.8381412,45.7351264,0.34510091881399924,45.59692
1663983815.8888104,45.7351264,0.34727951835597765,45.599411
1663983820.8547072,45.7351264,0.3569621037490098,45.587387
1663983825.8502195,45.7351264,0.35201786874900803,45.6038398
1663983830.8579686,45.7351264,0.3586265387490078,45.5975036
1663983835.877353,45.7351264,0.3606900170850104,45.6001472
1663983840.874268,45.7351264,0.3694177645850112,45.5899505
1663983845.874124,45.7351264,0.3654007995850118,45.604515
1663983850.8846908,45.7351264,0.3685817344924834,45.6046943
1663983855.8922203,45.7351264,0.37037054199248215,45.6074981
1663983860.9104068,45.7351264,0.37666008533248535,45.6016159
1663983865.9116073,45.7351264,0.3746926703324832,45.611721
1663983870.9215462,45.7351264,0.37447668080848573,45.6180267
time,desired temp,current,tc_temp
1664135699.1209612,22.0672473,0.0022417411800013214,22.0715103
1664135704.127054,22.0672473,0.00752229618000163,22.0813655
1664135709.1479702,22.0672473,0.02264945269249174,22.1095008
1664135714.1484644,22.0672473,0.037384826564494066,22.1355457
1664135719.1543195,22.0672473,0.04626898406449416,22.1492156
1664135724.1704066,22.0672473,0.05282153414849561,22.1577796
1664135729.1688998,22.0672473,0.062275609148494115,22.1714763
1664135734.1676059,22.0672473,0.0629196716484948,22.1677398
1664135739.181891,22.0672473,0.06287468723350252,22.1628551
1664135744.1836162,22.0672473,0.05902840723350239,22.1509761
1664135749.2031946,22.0672473,0.05988598723350097,22.1486225
1664135754.2027442,22.0672473,0.05809405578950299,22.141323
1664135759.273824,22.0672473,0.05095238585449635,22.1241588
1664135764.2159812,22.0672473,0.047199343972502944,22.1143207
1664135769.2234993,22.0672473,0.04778884258000528,22.1131954
1664135774.2267075,22.0672473,0.045482835080006785,22.106615
1664135779.2355764,22.0672473,0.036674389532006565,22.0879592
1664135784.238533,22.0672473,0.036973892032007155,22.0875434
1664135789.2472146,22.0672473,0.050610127032006506,22.1125507
1664135794.2621274,22.0672473,0.048908867024497774,22.1071472
1664135799.2690322,22.0672473,0.0495338245244976,22.1064376
1664135804.2822201,22.0672473,0.04686725372449829,22.0994873
1664135809.282595,22.0672473,0.039183741224497706,22.0833168
1664135814.2789822,22.0672473,0.04031184725649847,22.0846977
1664135819.3013115,22.0672473,0.04198175225649907,22.0870475
1664135824.3467517,22.0672473,0.042424317259000116,22.0869388
1664135829.3187845,22.0672473,0.04673646457649874,22.0942268
1664135834.3153005,22.0672473,0.04754413927400012,22.0944766
1664135839.324703,22.0672473,0.0441879772340012,22.0867843
1664135844.333212,22.0672473,0.04770452631400128,22.0925483
1664135849.3294213,22.0672473,0.04761911381400101,22.0911808
1664135854.3354473,22.0672473,0.04980358131400062,22.094202
1664135859.3599157,22.0672473,0.050265134801503034,22.0937938
1664135864.3702242,22.0672473,0.04625088298150352,22.0848808
1664135869.378194,22.0672473,0.05114272298150243,22.0933589
1664135874.380703,22.0672473,0.046497574331500154,22.0832653
1664135879.3829849,22.0672473,0.04572842933150022,22.0810375
1664135884.400339,22.0672473,0.044612161831500435,22.0782546
time,desired temp,current,tc_temp
1664226514.4248881,24.393711,0.02093957609000675,24.433525
1664226519.4135172,24.393711,0.025569868590007552,24.4404487
1664226524.416017,24.393711,0.036147235937501625,24.4583797
1664226529.4326408,24.393711,0.03729607856750717,24.4574794
1664226534.4332874,24.393711,0.041757706135528226,24.4629306
1664226539.442827,24.393711,0.05852361863552859,24.4915695
1664226544.4659657,24.393711,0.05143851891550642,24.473402
1664226549.4583228,24.393711,0.05294803093051246,24.4724712
1664226554.4801638,24.393711,0.04391308843051189,24.4515113
1664226559.4696133,24.393711,0.03540262593051158,24.4325485
1664226564.4896896,24.393711,0.036418729338501765,24.4326286
1664226569.4766169,24.393711,0.038740499338501766,24.4351978
1664226574.5452206,24.393711,0.03524969807550668,24.4265537
1664226579.5140202,24.393711,0.036739627055503085,24.427843
1664226584.507354,24.393711,0.037945412055503946,24.4285144
1664226589.5134022,24.393711,0.03453184325551173,24.420351
1664226594.5118449,24.393711,0.038346110755512135,24.4263477
1664226599.523322,24.393711,0.03419327075551153,24.4168834
1664226604.52785,24.393711,0.03118603782750634,24.4100494
1664226609.5334175,24.393711,0.02951266282750712,24.406084
1664226614.5390992,24.393711,0.03588421532750784,24.4176311
1664226619.5641346,24.393711,0.041492492230009725,24.4271697
1664226624.549425,24.393711,0.03869506723001002,24.420248
1664226629.5481422,24.393711,0.027211987230010195,24.3971118
1664226634.5742707,24.393711,0.02284958915400795,24.3886413
1664226639.628406,24.309317292088828,0.06826050816479215,24.3909378
1664226644.5694022,24.22701555223719,0.1067735678877155,24.3781738
1664226649.5766742,24.143432364180246,0.1491645353116828,24.3681373
1664226654.5886397,24.05994524688975,0.1754893384936888,24.3240547
1664226659.599969,23.976502582743326,0.19241303099831708,24.260271
1664226664.6121879,23.89296625188446,0.20261968735040806,24.182619
1664226669.6189013,23.80959554246521,0.19786602099840317,24.0764007
1664226674.6267674,23.7261821839358,0.19370306816471267,23.9723529
1664226679.6322536,23.64273813696162,0.18467075419250573,23.859951
1664226684.6384566,23.55925964645004,0.1692765782870441,23.7368068
1664226689.6423132,23.475876455818177,0.16328995970752178,23.6335659
1664226694.6397648,23.39250685901896,0.15629195553497605,23.5293369
1664226699.6455674,23.30907666813787,0.15161184477859152,23.430458
1664226704.6489742,23.2256854348526,0.16114621054991057,23.3594474
1664226709.6511915,23.142270308052062,0.1640542087488781,23.2752017
1664226714.659316,23.058719032321928,0.17574477330589608,23.2075881
1664226719.6714194,22.97526403398768,0.18444860183579015,23.1336002
1664226724.6792781,22.891936752512613,0.18811908626050866,23.0497245
1664226729.6858957,22.808404375428516,0.1926893693268593,22.9673595
1664226734.6901171,22.725000927164714,0.196516482779642,22.8836765
1664226739.6908543,22.641537520601908,0.2032149505459969,22.8054161
1664226744.7599473,22.5572169038798,0.20975561828678346,22.7256507
1664226749.7234871,22.474523505880992,0.206799943645107,22.6293525
1664226754.7166386,22.391256440991718,0.20209398756495184,22.5297489
1664226759.7305868,22.307723889067333,0.2020596688004609,22.4395561
1664226764.7195601,22.224346543664296,0.21404797541037054,22.3727359
1664226769.7318032,22.14092666438675,0.22374666024228088,22.3006992
1664226774.7494283,22.057443055823008,0.22760022562857676,22.2169475
1664226779.7469063,21.973978214775084,0.24068802924956556,22.1507911
1664226784.7589214,21.890635475828805,0.24603221432698547,22.0692081
1664226789.7645988,21.807020586048125,0.2485902252592912,21.9819355
1664226794.7766993,21.7237949304924,0.24654857227484503,21.8864917
1664226799.7660925,21.640401209706624,0.24709655992506635,21.7963943
1664226804.7882173,21.55653524926758,0.25380607248673026,21.7178325
1664226809.8404927,21.472491357042948,0.2549036126998512,21.6281509
1664226814.7920818,21.389967832281748,0.25851840181097707,21.5451698
1664226819.807917,21.306423518374125,0.268742870506569,21.4736862
1664226824.7934635,21.22316499284363,0.25849330345072635,21.3629398
1664226829.8024318,21.13973579537328,0.26255236230156787,21.2805862
1664226834.8015804,21.05630970529175,0.26445372422165947,21.1940536
1664226839.8272555,20.972714604253134,0.27216264482225794,21.1185607
1664226844.8199391,20.88933765224075,0.2791679320224305,21.0415821
1664226849.835398,20.805912686700186,0.27835444512520846,20.9493579
1664226854.827654,20.722649420613607,0.2849606201531584,20.8718471
1664226859.840156,20.639045057013192,0.2929108390662718,20.7962589
1664226864.8530018,20.555622062399546,0.29593860231310587,20.7111167
1664226869.8535676,20.472237238600414,0.3035286825605277,20.6347599
1664226874.89919,20.388035807326,0.3090392688993818,20.5532417
1664226879.863644,20.305275282576243,0.3184799367710591,20.4806499
1664226884.8787541,20.221840947185516,0.3220368157867852,20.3956394
1664226889.8885586,20.138360267196653,0.3212848568039747,20.3024253
1664226894.8809178,20.054997358038584,0.32407892243204517,20.2165718
1664226899.9009252,19.971375442857106,0.3216273664958864,20.1205635
1664226904.911953,19.888017858380636,0.3278678197746059,20.0419883
1664226909.9194338,19.80459448229726,0.33421837825886225,19.9633293
1664226914.9331365,19.72084074945704,0.3402007094999421,19.8833637
1664226919.9462574,19.63734177878952,0.34688183786396487,19.8048515
1664226924.9529653,19.55381326011276,0.35121919723066836,19.7215824
1664226929.9602644,19.470376461063385,0.35713848751920524,19.641407
1664226934.9830685,19.38689692151006,0.3641683467243449,19.5631465
1664226939.983476,19.30346268546041,0.3681706176126604,19.4789428
1664226944.9941578,19.219918876205444,0.3701614203350081,19.3908348
1664226950.0033793,19.13660641244507,0.37644182551314676,19.3113212
1664226955.011855,19.05300274820582,0.38004905642762565,19.2262687
1664226960.024873,18.969637860173542,0.382936570578666,19.1401271
1664226965.0275338,18.886043704861958,0.39236120811290837,19.0663661
1664226970.0199924,18.80267273318227,0.38610688448449776,18.962471
1664226975.049132,18.719077846720378,0.39131639818894204,18.8811664
1664226980.0966725,18.634864772672017,0.40027640550276017,18.8062248
1664226985.0617929,18.55210880171712,0.39834721970007864,18.7116813
1664226990.0689733,18.46874095332082,0.39789327256520907,18.6198501
1664226995.0641487,18.38553674748993,0.4077491917934072,18.5482234
1664227000.079203,18.30189017982737,0.4193125861865674,18.4788284
1664227005.0750818,18.218549097890218,0.4172089172078873,18.3830547
1664227010.087337,18.13505784006373,0.4280902026195377,18.3124561
1664227015.0900807,18.051653299048105,0.44097563315114846,18.2451477
1664227020.0913222,17.9681774589564,0.4468083138986818,18.1635398
1664227025.1040425,17.884783372595468,0.4462264852642617,18.0697345
1664227030.108724,17.80129294923401,0.44919957055415116,17.9830722
1664227035.1198463,17.71777105859375,0.45785337036755636,17.9073505
1664227040.1389163,17.63412226171748,0.4567132104978736,17.8124752
1664227045.1771538,17.550141768966675,0.45689151329538374,17.7202911
1664227050.157376,17.46711636514918,0.4561666968752758,17.6278057
1664227055.1720448,17.38356286815262,0.4670463188496415,17.5572986
1664227060.1732116,17.30019286604182,0.4705344357539959,17.4722995
1664227065.188075,17.216701783055623,0.48208819636411615,17.4025917
1664227070.200034,17.133251803432465,0.48422183858988427,17.3143539
1664227075.194015,17.04987132679876,0.4896690212367683,17.2327251
1664227080.2032356,16.96636215181605,0.497417642588524,17.1552391
1664227085.2035768,16.88304416071828,0.5079960941194512,17.0830764
1664227090.2251651,16.799409704719544,0.5075302539379918,16.9890022
1664227095.2228541,16.715979958886464,0.5155747553823682,16.9118671
1664227100.2280366,16.632704386427562,0.5295816669511306,16.8459434
1664227105.256776,16.549054933900198,0.5286345973805401,16.7503051
1664227110.2985961,16.46486592026011,0.5369197671548382,16.6721916
1664227115.2512414,16.38224883607483,0.5431173007280633,16.5916004
1664227120.262701,16.298794799362184,0.5429146291003317,16.4977912
1664227125.2704983,16.215359927529654,0.5436229440662106,16.4062004
1664227130.2620072,16.131973768586477,0.5517027993231385,16.3291168
1664227135.2774193,16.048528215601603,0.5608976579255349,16.2537975
1664227140.269404,15.965187622422537,0.5612790792486573,16.1613788
1664227145.2918446,15.881532658452352,0.5680035519280697,16.0811614
1664227150.2982914,15.79818568360265,0.5687138272628551,15.9896612
1664227155.3018913,15.714804412240346,0.5779855651379981,15.9148225
1664227160.2975407,15.6314205580101,0.5825536033028684,15.830615
1664227165.2992713,15.548068826709747,0.5874601907853014,15.7471237
1664227170.2969892,15.464764155263264,0.5910993726269616,15.661272
1664227175.303316,15.38128408324178,0.5989612916260618,15.5833787
1664227180.3244286,15.29776241512553,0.603969015306049,15.499772
1664227185.324141,15.214273040805816,0.6204786806824344,15.438076
1664227190.3438988,15.130771662110647,0.6285409487076105,15.3592414
1664227195.3401968,15.04740479123052,0.6343090618669107,15.2759819
1664227200.3453567,14.964019180650075,0.6376017751408811,15.1879835
1664227205.3516135,14.880642566397349,0.6404755106073107,15.0994157
1664227210.3507164,14.797161624148051,0.6453229730662666,15.0147171
1664227215.4145923,14.712763338600158,0.6459026747332788,14.9209403
1664227220.3851876,14.630083101306916,0.652425209577513,14.8408651
1664227225.3821247,14.54663863710022,0.6726360571664612,14.7858438
1664227230.3844097,14.463265988543192,0.6864440667313954,14.7173814
1664227235.3929603,14.379789862349192,0.690719173269665,14.6299476
1664227240.3994665,14.296364543154398,0.6986755482366804,14.5497264
1664227245.410207,14.212888981217702,0.7027182646745851,14.4618864
1664227250.411203,14.129487138305663,0.7011732499776068,14.3636512
1664227255.4248326,14.046088974987029,0.7097907747622485,14.2855167
1664227260.4337366,13.962607075089773,0.7265746678336323,14.2226028
1664227265.4465065,13.879064573163351,0.7344592569259872,14.1416578
1664227270.4438066,13.79577249816513,0.7437011465990427,14.0634241
1664227275.4539053,13.712271036023457,0.7538323742692918,13.9864749
1664227280.5130818,13.627887258246103,0.7622387601958083,13.9048824
1664227285.4667265,13.545393420571646,0.768890390376052,13.8219919
1664227290.469124,13.461884404534658,0.7723303857811796,13.7318639
1664227295.4781306,13.378502187445322,0.7833560071397141,13.6566267
1664227300.4780707,13.295038300071717,0.7890395089606421,13.5707025
1664227305.4913309,13.211483638797759,0.7948633404722869,13.4850749
1664227310.4966416,13.128225172871907,0.7985517916134147,13.3958139
1664227315.5113416,13.044650027468363,0.8094151261284782,13.3201885
1664227320.5099266,12.961173488015493,0.8086562807475646,13.2221059
1664227325.5141625,12.87776964238739,0.8122933225019312,13.1332044
1664227330.5303288,12.794497209106446,0.8177118632019441,13.0480508
1664227335.5357523,12.710909916276297,0.8295219342101107,12.9748849
1664227340.5552108,12.627469600552876,0.8394100220579993,12.8977088
1664227345.6077363,12.543127748682657,0.8486629199909983,12.8179607
1664227350.5573623,12.460388399476368,0.8579179488032092,12.7398452
1664227355.568164,12.377011852775574,0.8693667358342169,12.6649684
1664227360.5705903,12.293667301848094,0.8796118083715265,12.5873813
1664227365.5832412,12.210330050502776,0.8959700902816163,12.5212163
1664227370.5837035,12.126857293958029,0.9095173812050393,12.4487438
1664227375.6017444,12.043379530623119,0.9189395790521417,12.3678388
1664227380.60773,11.959710313195547,0.9309776884748925,12.2915983
1664227385.6149964,11.87635651560084,0.9406636693822251,12.2108898
1664227390.6134548,11.792892938171386,0.9511913546426667,12.1315488
1664227395.6191885,11.709352673405965,0.962329772414747,12.053049
1664227400.6440551,11.6257715635643,0.9716192634694932,11.9707431
1664227405.6477733,11.542210083518983,0.9753279834974029,11.8777675
1664227410.6729496,11.458589304799398,0.9828766459268744,11.7924985
1664227415.65949,11.375347118888856,0.9978787959099242,11.7219314
1664227420.679279,11.292017798934937,1.0042492186659064,11.6342811
1664227425.679275,11.208476946070354,1.0108985401005077,11.547059
1664227430.6978717,11.124798160110474,1.0220128605040786,11.4683227
1664227435.6939662,11.041439391488392,1.0249548450279098,11.3742094
1664227440.7139359,10.957939415489196,1.0305639276402778,11.2855472
1664227445.7143416,10.874433324053447,1.044404866965036,11.2127561
1664227450.7342627,10.790934567962646,1.0594292729418369,11.1417112
1664227455.7269034,10.707721314146678,1.0824375080333897,11.0856771
1664227460.7434773,10.624114828620911,1.086870927790359,10.9924612
1664227465.7516158,10.540644337052663,1.1026310554704142,10.9214153
1664227470.7600589,10.457167924756368,1.122048423499653,10.8567924
1664227475.7612257,10.37377083432134,1.1357471379045134,10.7803964
1664227480.7654142,10.290383415733338,1.1446706368051798,10.694643
1664227485.7713878,10.206815530175527,1.1628577283111676,10.6264028
1664227490.7866287,10.12356201143519,1.1775288873954568,10.551114
1664227495.7865028,10.040190066212972,1.1958023858512412,10.4821891
1664227500.7919953,9.95661215515391,1.2079632675019245,10.4007272
1664227505.782258,9.873347402924855,1.2229821985433307,10.3249216
1664227510.7947166,9.7897599153862,1.2507604778793828,10.2726726
1664227515.8106852,9.70632448327001,1.2656172731452162,10.1944656
1664227520.8042119,9.623045259033203,1.283756716888359,10.122569
1664227525.808203,9.539672674054463,1.300577942526367,10.04745
1664227530.809926,9.456172936473846,1.3193054773416713,9.97536277
1664227535.8215156,9.37297703158315,1.33592077199744,9.89909172
1664227540.830808,9.28937894236501,1.3565489127254475,9.82964992
1664227545.8313153,9.205895059619904,1.3759442723575035,9.75738239
1664227550.8389895,9.12252274882253,1.395168429535627,9.68436622
1664227555.8263118,9.03932830225881,1.417489590761017,9.61693382
1664227560.8374538,8.955714942330678,1.442368111127433,9.55311775
1664227565.849414,8.87218151223119,1.462419691604252,9.47923755
1664227570.8623073,8.78877665729777,1.4980905516385172,9.43486976
1664227575.8699405,8.705287052506765,1.5274937247402092,9.37652397
1664227580.8807256,8.62182689638392,1.5518791183920337,9.30754852
1664227585.8798099,8.538342163279216,1.5773730723107593,9.23986339
1664227590.881991,8.454972439323425,1.6047461873055693,9.17522716
1664227595.8895862,8.37151245406723,1.641825493081986,9.12809658
1664227600.899605,8.288012430384317,1.6758759184815883,9.07330703
1664227605.9080164,8.204702275310517,1.7125954716357255,9.0225439
1664227610.9244025,8.121009029263814,1.7443796162858456,8.96032714
1664227615.9287422,8.037554479951222,1.7972604470508409,8.93749332
1664227620.98359,7.953519842341105,1.836341908382068,8.88477039
1664227625.947547,7.870714614107769,1.8843910518517792,8.84943103
1664227630.951487,7.787195961986541,1.9312903048350902,8.80848312
1664227635.966627,7.703782500142417,1.9920954970035922,8.79225635
1664227640.962086,7.620350358202618,2,8.77446651
1664227645.976015,7.536948229188283,2,8.76725196
1664227650.9795556,7.453346690848033,2,8.77550506
1664227655.9922838,7.369803720031737,2,8.80199527
1664227661.0019746,7.286305460646311,2,8.85321235
1664227666.021575,7.2029755327250164,2,8.88850498
1664227671.0242846,7.119360515787761,2,8.96111202
1664227676.0313272,7.035816865478516,2,9.02122402
1664227681.0500207,6.952338521991731,2,9.09681415
1664227686.0778885,6.868534586146037,2,9.17951011
1664227691.0601938,6.785463711931865,2,9.26007556
1664227696.0661385,6.702180076951343,2,9.34338188
1664227701.0635073,6.6186109198277805,2,9.45800113
1664227706.0806384,6.535166900669097,2,9.56371212
1664227711.084791,6.451739260866802,2,9.67965984
1664227716.082163,6.368467022294361,2,9.8017435
1664227721.0849237,6.28511701158142,2,9.92058658
1664227726.096807,6.201508706127168,2,10.0520849
1664227731.1025202,6.117994965428672,2,10.1907234
1664227736.110858,6.03459003102239,2,10.3165264
1664227741.1169002,5.951218999738057,2,10.4529438
1664227746.1309023,5.867785546496073,2,10.5909509
1664227751.1318583,5.784408880585989,2,10.7263536
1664227756.1276798,5.701056505555471,2,10.8788185
1664227761.1356068,5.617564917916617,2,11.0343236
1664227766.1462946,5.534265622809091,2,11.1915683
1664227771.1346245,5.450761975163779,2,11.3296794
1664227776.136977,5.367388575588226,2,11.4913587
1664227781.153003,5.283952642793018,2,11.633645
1664227786.1654477,5.200579112087251,2,11.7869758
1664227791.1669025,5.1171901159629805,2,11.9456844
1664227796.176073,5.03348078858312,2,12.0969657
1664227801.1888585,4.95008417498525,2,12.2687845
1664227806.2654963,5,2,12.4240417
1664227811.1957874,5,2,12.5911169
1664227816.213277,5,2,12.7349777
1664227821.217028,5,2,12.8995943
1664227826.2284343,5,2,13.0725126
1664227831.2279913,5,2,13.221157
1664227836.2290542,5,2,13.3923883
1664227841.2542322,5,2,13.5415086
1664227846.2399876,5,2,13.6955842
1664227851.257753,5,2,13.8594245
1664227856.264732,5,2,14.0145568
1664227861.2570398,5,2,14.1626386
1664227866.2659783,5,2,14.3180685
1664227871.3188426,5,2,14.4682559
1664227876.2873363,5,2,14.6204795
1664227881.2795033,5,2,14.7794084
1664227886.2921097,5,2,14.9389133
1664227891.3006337,5,2,15.1106996
1664227896.3070977,5,2,15.2655963
1664227901.312188,5,2,15.4214067
1664227906.3184273,5,2,15.5752143
1664227911.324194,5,2,15.7353439
1664227916.3193507,5,2,15.874279
1664227921.3323028,5,2,16.0242252
1664227926.3376768,5,2,16.175579
1664227931.343109,5,2,16.3097648
1664227936.3526676,5,2,16.4480876
1664227941.3682287,5,2,16.6039104
1664227946.3809896,5,2,16.7667121
1664227951.391155,5,2,16.8987159
1664227956.388942,5,2,17.0512046
1664227961.4013405,5,2,17.2058162
1664227966.403302,5,2,17.3637809
1664227971.4188395,5,2,17.4950313
1664227976.4604578,5,2,17.6410446
1664227981.424042,5,2,17.7774562
1664227986.429967,5,2,17.9291324
1664227991.4342391,5,2,18.0711746
1664227996.438243,5,2,18.215887
1664228001.4436266,5,2,18.3417148
1664228006.455587,5,2,18.4590511
1664228011.4616897,5,2,18.6028594
1664228016.4765353,5,2,18.736803
1664228021.4872692,5,2,18.8735523
1664228026.4749494,5,2,18.9978523
1664228031.4861114,5,2,19.1271972
1664228036.4912097,5,2,19.2567672
1664228041.5614922,5,2,19.3931617
1664228046.5113375,5,2,19.5164909
1664228051.5104077,5,2,19.6470813
1664228056.5271335,5,2,19.7663345
1664228061.533699,5,2,19.8980255
1664228066.5212934,5,2,20.0233707
1664228071.5299964,5,2,20.1561164
1664228076.5320773,5,2,20.2767848
1664228081.563074,5,2,20.3969707
1664228086.5601246,5,2,20.5045585
1664228091.5690799,5,2,20.6312637
1664228096.5777874,5,2,20.7617683
1664228107.6289496,20.8925971,2,21.1962985
1664228112.6421697,20.976205540558116,2,21.7572422
1664228117.640339,21.0595657794281,2,22.1046829
1664228122.6529844,21.14287795708618,2,22.2894096
1664228127.6660516,21.226543610155996,2,22.4305877
1664228132.6812022,21.31007499780299,2,22.5395317
1664228137.6869133,21.393345209817504,2,22.6408557
1664228142.6758108,21.47682178105952,2,22.7224292
1664228147.6847234,21.56023837810796,2,22.7936954
1664228152.6947706,21.643744179467774,2,22.8747768
1664228157.7059236,21.7270097701355,2,22.9396457
1664228162.7017062,21.81037564760488,2,23.003149
1664228167.7110925,21.8938005257253,2,23.0603981
1664228172.7219558,21.977348980168916,2,23.1196498
1664228177.7447958,22.0609333642924,0,23.1754074
1664228182.747713,22,0,23.3002433
1664228187.7500281,22,0,23.6558761
1664228192.7623954,22,0,24.1991767
1664228197.7745705,22,0,24.9944782
1664228202.7678535,22,0,25.8220138
1664228207.780257,22,0,26.5921421
1664228212.7823634,22,0,27.3000087
1664228217.7941728,22,0,28.0036697
1664228222.7973435,22,0,28.6480789
1664228227.815846,22,0,29.2738475
1664228232.8747988,22,0,29.8710041
1664228237.840697,22,0,30.4329166
1664228242.8478563,22,0,30.9757595
1664228247.841937,22,0,31.4780502
1664228252.8470576,22,0,31.9748668
1664228257.8630278,22,0,32.4569206
1664228262.8625443,22,0,32.9113197
1664228267.878302,22,0,33.3436965
1664228272.894456,22,0,33.7583007
1664228277.8931894,22,0,34.1618728
1664228282.9098055,22,0,34.5267257
1664228287.9099488,22,0,34.8667373
1664228292.9081569,22,0,35.161087
1664228297.9546208,22,0,35.4508857
1664228302.9290643,22,0,35.7019462
1664228307.9315827,22,0,35.961029
1664228312.9485729,22,0,36.1734657
1664228317.9492671,22,0,36.3885841
1664228322.9666355,22,0,36.5795516
1664228327.981626,22,0,36.7490768
1664228332.9801733,22,0,36.9115486
1664228338.0052307,22,0,37.0531158
1664228343.0071661,22,0,37.1889266
1664228348.0130453,22,0,37.2984008
1664228353.0172677,22,0,37.416542
1664228358.011133,22,0,37.5142707
1664228363.0756817,22,0,37.5863876
1664228368.040462,22,0,37.652832
1664228373.0401163,22,0,37.7245063
1664228378.0477388,22,0,37.7889175
1664228383.070595,22,0,37.8196411
1664228388.0641725,22,0,37.8620452
1664228393.072059,22,0,37.9045333
1664228398.0825698,22,0,37.9397163
1664228403.0838997,22,0,37.9644813
1664228408.08298,22,0,37.9805564
1664228413.092934,22,0,37.9917182
1664228418.0926723,22,0,38.0052528
1664228423.0985363,22,0,37.9922599
1664228428.0934505,22,0,37.9881057
1664228433.1043491,22,0,37.9725952
1664228438.1200778,22,0,37.9558639
1664228443.13847,22,0,37.9349441
1664228448.1297405,22,0,37.9141998
1664228453.135146,22,0,37.8875885
1664228458.1441326,22,0,37.8591613
1664228463.1598034,22,0,37.8191757
1664228468.1993105,22,0,37.7815895
1664228473.169488,22,0,37.7445716
1664228484.2703648,37.6891784,0.02807393006200775,37.6357917
1664228489.2755177,37.6891784,0.045562480062005646,37.6050224
1664228494.2945344,37.6891784,0.06550199390997387,37.5710678
time,desired temp,current,tc_temp
1665958934.1957445,22.6039142,0,22.412815
1665958939.1976943,22.520600218308,0,22.3350257
1665958944.1966448,22.437170051268765,0,22.2954998
1665958949.2023783,22.353688874574534,0,22.2888584
1665958954.2113507,22.270315359763334,0.013597311124249778,22.296215
1665958959.2237873,22.186831969749957,0.06635019414703917,22.3119621
1665958964.2293696,22.103403467667132,0.13131483849677458,22.3463172
1665958969.2384553,22.019920288256834,0.19774236663613542,22.3777408
1665958974.2475896,21.93635741346283,0.25733361297335205,22.3905811
1665958979.255613,21.852882372073363,0.32468709186625094,22.4137687
1665958984.251478,21.76970713012619,0.3992180945866835,22.4458484
1665958989.2857025,21.685762964419553,0.47012423089568445,22.464529
1665958994.3204627,21.601720760993192,0.5397899005842746,22.475708
1665958999.2793787,21.51912584973577,0.6187828286328239,22.5023975
1665959004.30512,21.435476460786692,0.6974666866888152,22.5216445
1665959009.294087,21.352214291425575,0.769893669083734,22.5246162
1665959014.3065236,21.268619742723338,0.8616611811092506,22.5597915
1665959019.3288152,21.18508088065389,0.9546366156559717,22.59165
1665959024.3445544,21.101485890877278,0.9874905658964427,22.5034542
1665959029.3501468,21.01811936173045,0.8958069414265957,22.1786918
1665959034.3553276,20.934629840385945,0.7358605335891999,21.7352771
1665959039.354933,20.851312858593495,0.5408021605205875,21.2422943
1665959044.3606555,20.767827565205128,0.35104627683141604,20.7787494
1665959049.3630207,20.684344795080058,0.19457725751213117,20.3967514
1665959054.382225,20.60090581052704,0.07863896702546513,20.1061725
1665959059.4390824,20.51658275796178,0.005616078403542946,19.9066829
1665959064.407794,20.43398668242696,0,19.8093204
1665959069.3934283,20.350504889818062,0,19.7779445
1665959074.4080248,20.267128911348216,0.028854450228556372,19.7873477
1665959079.4151628,20.183646399509936,0.0887543186599476,19.8408069
1665959084.420657,20.100217488141887,0.1388884180942016,19.8692302
1665959089.4261687,20.01682872248891,0.19678981285846697,19.9071292
1665959094.4274313,19.933343353601327,0.24356189596222605,19.9179573
1665959099.4333413,19.849991884561412,0.2758577433681469,19.8968544
1665959104.4402356,19.766558018060557,0.2872187495377132,19.8328189
1665959109.445829,19.68318261974258,0.29240160052949477,19.7561492
1665959114.451655,19.599700918527475,0.28486155067386154,19.6548309
1665959119.464391,19.51627807093862,0.2832563551948244,19.5657253
1665959124.456391,19.432788799933622,0.27701742849150973,19.4679927
1665959129.4678469,19.34943102472229,0.27212120047911986,19.3736324
1665959134.4809518,19.26599982850952,0.26112064548648173,19.268095
1665959139.4829924,19.18251184099121,0.2481811582208564,19.1598606
1665959144.5013168,19.098917236657968,0.23944054577575602,19.0607013
1665959149.5102038,19.015315428109993,0.2415010945407715,18.9828491
1665959154.5105572,18.93212079081141,0.23374662673500274,18.8864231
1665959159.5020998,18.84869652860565,0.2391022996227421,18.8153762
1665959164.5706716,18.76432719502055,0.25801228562334916,18.76861
1665959169.533113,18.681676577262113,0.26234286373149357,18.6940078
1665959174.5488374,18.59808118614756,0.27615137517355576,18.6361217
1665959179.5578282,18.51453909748001,0.28384272679060635,18.5654106
1665959184.553511,18.431336568526458,0.28640905941962475,18.484682
1665959189.5625188,18.34790704919103,0.2955674103575628,18.4161567
1665959194.569379,18.264405467840067,0.3005268791317246,18.3388404
1665959199.5772934,18.180925443502296,0.3067588675735012,18.2636737
1665959204.5826802,18.097401339542895,0.3042851185646298,18.1714973
1665959209.5886457,18.013970949979655,0.30493980742305843,18.0857753
1665959214.594344,17.93048942757848,0.30800101793418283,18.0047054
1665959219.6110756,17.846878578992715,0.30272575521387574,17.9075031
1665959224.6204512,17.76355824741923,0.30114099731513716,17.8182773
1665959229.6725297,17.679352794818115,0.30655167735282307,17.7417354
1665959234.6416047,17.59675652854843,0.31029813676939383,17.6633243
1665959239.6374068,17.513271890811154,0.31467801836775283,17.5850124
1665959244.6489832,17.429837909074656,0.32753899400913566,17.5226593
1665959249.6490111,17.346336097252397,0.3330116648213201,17.4451465
1665959254.6570961,17.26295110258662,0.3427325395895439,17.3755722
1665959259.656802,17.179631569715372,0.34954191678228225,17.29986
1665959264.6691947,17.09604472988052,0.35342151662024957,17.2179203
1665959269.6710813,17.01276374134623,0.3552800098537401,17.1323757
1665959274.6755157,16.929169975451657,0.35191789591473494,17.0366821
1665959279.6776934,16.845766952367654,0.3563721224355179,16.9566268
1665959284.6975207,16.762190098297626,0.366645144865121,16.8873195
1665959289.6997468,16.67877047333323,0.36748318551398845,16.7995376
1665959294.764696,16.594504482281238,0.3695315167753972,16.7133522
1665959299.7222798,16.511918138198087,0.37073919587711957,16.6274585
1665959304.7200894,16.428491026890306,0.3769270208587527,16.5503158
1665959309.722428,16.345121048621365,0.3846128412776894,16.4757843
1665959314.7429402,16.261485253504944,0.3865881472298855,16.3896694
1665959319.748886,16.177989894878895,0.39322509687390916,16.3126926
1665959324.763911,16.094496622415413,0.3972178748753551,16.2303695
1665959329.7590454,16.011244470608265,0.3991448290137238,16.1443176
1665959334.772846,15.927681091161599,0.3996482780229111,16.0553569
1665959339.7881947,15.844091664485166,0.39467996348897455,15.9562082
1665959344.7949746,15.760645610821278,0.3995689400503862,15.8767356
1665959349.8016207,15.677201655240884,0.39993985407530563,15.7884531
1665959354.8081074,15.593759909005989,0.4083467494676037,15.7157268
1665959359.869925,15.509229754141998,0.4229177198022058,15.653058
1665959364.8234763,15.426837284100085,0.4238578441329415,15.5656681
1665959369.8323798,15.343355515333048,0.4312147990470791,15.4895677
1665959374.832944,15.259855753910571,0.4505537759105529,15.4359416
1665959379.8383648,15.176588398945363,0.45057057341952306,15.3443212
1665959384.8490455,15.093077149721017,0.45533859592854803,15.2618789
1665959389.8587637,15.009421855938465,0.45153721392136326,15.1629447
1665959394.8629491,14.926178795826466,0.4551452962996137,15.0792417
1665959399.8773248,14.842647288970184,0.45277052000349943,14.9838981
1665959404.8837998,14.75924364202423,0.4580627174258706,14.9038486
1665959409.88594,14.675732988846331,0.4644191710904266,14.8255367
1665959414.8894272,14.592380089294942,0.46778468863374767,14.7414608
1665959419.8880308,14.50893214417699,0.48228604258829816,14.6785354
1665959424.9648397,14.424488404126992,0.4856185062558918,14.5922622
1665959429.908238,14.342089321943154,0.4876453354570615,14.5058078
1665959434.9241765,14.258532729478707,0.4896451791098393,14.4182415
1665959439.9439814,14.175019354355365,0.4883693003126259,14.3246927
1665959444.9377973,14.091562452646127,0.49550063331111,14.2476682
1665959449.9402611,14.008195069166055,0.49988196332199475,14.1652126
1665959454.9609568,13.924586326611072,0.5007463770519505,14.0757503
1665959459.9521904,13.841337254377237,0.5082149518094377,13.9995288
1665959464.9504385,13.757887926431527,0.5097674601215045,13.9115037
1665959469.9746478,13.67431632949117,0.5183746107597975,13.8369884
1665959474.9744468,13.590987744661202,0.5299622920582513,13.7679853
1665959479.9874234,13.507548374664815,0.5412342651898252,13.6975879
1665959484.976533,13.424123472702533,0.5456471311834241,13.6134901
1665959490.047413,13.339825271300505,0.5545953242839194,13.5371303
1665959495.0075371,13.257177729141743,0.560111148415298,13.4556541
1665959499.9971037,13.173942493132781,0.5636583590914594,13.3697242
1665959505.0158834,13.090521906546781,0.5733253022207898,13.2953939
1665959510.0183222,13.006870797010293,0.5768342785998429,13.20864
1665959515.0301685,12.923361482950082,0.5799391546578523,13.1214065
1665959520.0316622,12.840134281647236,0.5869324385183283,13.0420999
1665959525.022073,12.756694105001321,0.5839878385961272,12.9434051
1665959530.0411587,12.673266942036182,0.5961306505618028,12.8741874
1665959535.0370312,12.589784374566904,0.6064713174322695,12.8008337
1665959540.0595832,12.506357342731983,0.6093610550543154,12.7128295
1665959545.0714393,12.422704433135221,0.6111004415243153,12.6226577
1665959550.0838177,12.339328418902586,0.6146320834543879,12.536457
1665959555.1232607,12.25501339309616,0.6285690687208801,12.4692077
1665959560.0984876,12.172253818047077,0.6311228591354624,12.3811426
1665959565.107478,12.088829714787037,0.6354280628958061,12.2959718
1665959570.133223,12.00517450842463,0.6409020189983972,12.2128496
1665959575.1325045,11.921805416278074,0.6509733996647236,12.1387748
1665959580.1246023,11.838322145473988,0.6578503989299168,12.0580587
1665959585.1435454,11.754770313433836,0.662734147972885,11.9733123
1665959590.1483793,11.671415820451609,0.6652845214527088,11.8844089
1665959595.1572814,11.587978238594562,0.6748145214576053,11.8089475
1665959600.1741757,11.5043257541776,0.6857499380546953,11.735569
1665959605.1766071,11.420951599609882,0.6933663241126837,11.6556549
1665959610.1849663,11.337519044411213,0.6975697906017376,11.5690526
1665959615.2009275,11.254045731556445,0.7010562253894917,11.4811601
1665959620.2402892,11.169942310186258,0.7051465170848045,11.3939666
1665959625.2058825,11.087133608988951,0.7030233694591701,11.2965078
1665959630.2146666,11.003748669954172,0.7061264161200923,11.2090339
1665959635.2172532,10.920274256400297,0.7133079439870226,11.1294631
1665959640.2161489,10.836846223207345,0.722584015003315,11.0537424
1665959645.2319798,10.753532630932362,0.7345395678674973,10.9828729
1665959650.2434409,10.669803653887938,0.7401968953620037,10.8989639
1665959655.2395945,10.586480175189207,0.7412475628316391,10.8067293
1665959660.2524412,10.503021370104978,0.747012581911015,10.7237319
1665959665.2715325,10.419586589666238,0.7605140623887283,10.6555042
1665959670.2733977,10.336005304984281,0.7694140050164942,10.5776042
1665959675.2665753,10.25263798905614,0.7789612482541618,10.5009174
1665959680.2946813,10.16898060911102,0.7892224090429808,10.4249067
1665959685.3077254,10.085372470549773,0.7999908183706054,10.3495826
1665959690.3096106,10.002074133090208,0.8087208274193853,10.2703723
1665959695.3156538,9.918484547468056,0.8069134073203332,10.1705255
1665959700.3308156,9.835052334002684,0.8180323624560084,10.0962305
1665959705.33309,9.751718738408913,0.8272843067926706,10.0180826
1665959710.3235872,9.66834666603012,0.8379363025813148,9.94231605
1665959715.3464062,9.585006180139413,0.8499371943881068,9.86874771
1665959720.340071,9.501500291359456,0.8480161407440996,9.76807117
1665959725.3639596,9.417891858748625,0.8547902682390701,9.68463134
1665959730.3774288,9.334532013269296,0.8583856548970025,9.59541797
1665959735.3813171,9.250872630608113,0.8745088404952777,9.5300064
1665959740.3951843,9.16744527690811,0.8763006187581937,9.43665885
1665959745.3958523,9.083962661755116,0.8861546320408122,9.35912609
1665959750.408709,9.000588459503682,0.8969667221233925,9.28320026
1665959755.4111245,8.917159420979054,0.9102573036112304,9.21162891
1665959760.4227607,8.83368222587509,0.920072457766335,9.13282489
1665959765.4218166,8.750134144953917,0.9322407157079361,9.05816555
1665959770.424162,8.666819245350391,0.9368653261259391,8.96899127
1665959775.4357169,8.583334758611551,0.9428778579590213,8.88252449
1665959780.4425297,8.49985318852666,0.9565879337883002,8.81091022
1665959785.4616191,8.416311902534993,0.9542436357711066,8.70804691
1665959790.5128975,8.332013498477172,0.9679326031585739,8.6357975
1665959795.4685738,8.249418909084827,0.9816590220704484,8.56497573
1665959800.4775534,8.16585167917811,0.9926736637213446,8.48731327
1665959805.4832733,8.082507239512633,1.001384607816267,8.40525341
1665959810.4824102,7.999077922832996,1.0152195715852605,8.33280754
1665959815.504638,7.915484494698077,1.0213034494616307,8.24486351
1665959820.493632,7.832221625975798,1.031464259423375,8.16526985
1665959825.5167615,7.748527303071848,1.0353823477360304,8.07312965
1665959830.5183809,7.665090174210102,1.0445494165616507,7.99169635
1665959835.5240977,7.5816601820111575,1.0546376571215692,7.91187906
1665959840.539834,7.498231218985747,1.0759644074096304,7.85334777
1665959845.5538511,7.414681624106597,1.0827520861206437,7.76576662
1665959850.5512078,7.33137498968048,1.0932094075916905,7.68566036
1665959855.610227,7.247022373211415,1.1028239674007716,7.60253715
1665959860.565927,7.164296363524626,1.11222408931077,7.52089214
1665959865.575003,7.0808666137179035,1.1229949688711836,7.4409976
1665959870.5806205,6.99738482508265,1.1381863810617445,7.36930274
1665959875.5996225,6.913825780880481,1.1478046655062433,7.28630065
1665959880.6178048,6.830184859764607,1.1594006292865244,7.20689916
1665959885.6078818,6.74693841013514,1.1831034679851262,7.15091991
1665959890.6367576,6.663282488516996,1.1960826191809015,7.07269048
1665959895.6425366,6.57985284997228,1.2103692916259974,6.99691438
1665959900.6514566,6.496340209972889,1.2165990638763708,6.9054079
1665959905.6438317,6.412997979652911,1.2382219532736984,6.84370708
1665959910.6528435,6.32956842852834,1.2541888456227754,6.7701807
1665959915.6686454,6.24608431531194,1.264769532848177,6.68586874
1665959920.7175806,6.161822635662585,1.2728729730889565,6.59584379
1665959925.673302,6.079173448415627,1.2854053549383182,6.51659393
1665959930.686968,5.995800390573372,1.305182133688134,6.44999217
1665959935.6991596,5.91222061587575,1.3200738503900513,6.37314939
1665959940.7004397,5.8288177557111105,1.3400998299743274,6.30586957
1665959945.7094574,5.745316011440785,1.3572937360734707,6.23240137
1665959950.7151618,5.661975763968655,1.371868160460319,6.15362739
1665959955.714131,5.578546638023884,1.389379731985333,6.08007001
1665959960.7298543,5.495064233473968,1.4108675304234415,6.01363468
1665959965.725492,5.411690090827179,1.43385564275203,5.94927167
1665959970.7412407,5.32820787303848,1.4534051940704176,5.87742757
1665959975.7402046,5.2447782185991905,1.4741736498250824,5.80740356
1665959980.7560313,5.161294574272663,1.4984797359680884,5.74334239
1665959985.815153,5.076898521912128,1.524708837013548,5.68082761
1665959990.7606034,4.994439994029236,1.5460617207545797,5.6105585
1665959995.762481,5,1.5219558105191977,5.54086351
1665960000.782117,5,1.5029695666887022,5.47887086
1665960005.7881064,5,1.492557233438702,5.43623447
1665960010.796788,5,1.482465540377788,5.39618253
1665960015.802496,5,1.4786760967639323,5.37004232
1665960020.8117266,5,1.4632962495139326,5.32312631
1665960025.8192484,5,1.4566374210139323,5.29505586
1665960030.8300798,5,1.4523014691692988,5.27270507
1665960035.8439155,5,1.4650138568667341,5.28389263
1665960040.8421388,5,1.467172723366734,5.27448606
1665960045.8587663,5,1.4663339333667338,5.2598176
1665960050.9145224,5,1.4743986190675917,5.26264905
1665960055.8634117,5,1.487123529670994,5.27450275
1665960060.8659117,5,1.492446509670994,5.2715702
1665960065.8694668,5,1.4835470856071513,5.24165248
1665960070.8805997,5,1.4907762626071512,5.24391508
1665960075.8815541,5,1.5027026601105329,5.25497817
1665960080.9052212,5,1.5129040546105326,5.26226758
1665960085.8974686,5,1.5245033376105326,5.27187252
1665960090.9066238,5,1.5323754891849357,5.27387905
1665960095.9265172,5,1.547888460751699,5.29034423
1665960100.9193072,5,1.5566866552516994,5.29327678
1665960105.9225085,5,1.5647750997516994,5.29471778
1665960110.9319642,5,1.5722128902516992,5.29485082
1665960115.980662,5,1.5855194608613745,5.30597257
1665960120.9450824,5,1.5925296058403982,5.30489158
1665960125.9500356,5,1.609483324415722,5.32261657
1665960130.9443355,5,1.6167387356047969,5.32112264
1665960135.9560077,5,1.630238705188513,5.3314948
1665960140.9587262,5,1.6483679246885132,5.35024118
1665960145.961149,5,1.655484982938513,5.34711933
1665960150.9848385,5,1.670537765975497,5.35921049
1665960155.9792733,5,1.6784873797254969,5.35724735
1665960160.979998,5,1.6912774180851848,5.364542
1665960165.9866683,5,1.7056393353351849,5.37453889
1665960170.991902,5,1.7192544805349341,5.38258266
1665960176.0107281,5,1.7390356520349342,5.40204286
1665960181.0150006,5,1.7571013420349342,5.4173088
1665960186.0188382,5,1.7815267039756073,5.44382619
1665960191.0287278,5,1.7989689682256074,5.45591497
1665960196.0435512,5,1.8202294662256073,5.47470092
1665960201.04684,5,1.8427953265740278,5.49500799
1665960206.055241,5,1.8628682128240277,5.50967025
1665960211.0706265,5,1.8868301054572092,5.53096103
1665960216.0699859,5,1.9141489312072093,5.55771303
1665960221.120183,5,1.9420033745998702,5.58386659
1665960226.1023085,5,1.9747695649551933,5.61874628
1665960231.0930903,5,2,5.6692996
1665960236.0930083,5,2,5.71816539
1665960241.1154554,5,2,5.75855016
1665960246.1129081,5,2,5.80693292
1665960251.1204743,5,2,5.85292816
1665960256.1324592,5,2,5.91210937
1665960261.1387484,5,2,5.98766851
1665960266.1545308,5,2,6.04577159
1665960271.1501188,5,2,6.13962745
1665960276.1720896,5,2,6.2060604
1665960281.1828713,5,2,6.28948593
1665960286.2236483,5,2,6.37533712
1665960297.2710643,6.47580671,2,6.90195798
1665960302.2763946,6.55907812602834,2,7.61759805
1665960307.282197,6.642549773926697,2,7.90352964
1665960312.2917862,6.725982456281941,2,8.01922416
1665960317.2977257,6.809475096936187,2,8.10450267
1665960322.303642,6.892901183044077,2,8.16831874
1665960327.312306,6.976547536129913,2,8.21041584
1665960332.335076,7.0600975323470045,2,8.2469635
1665960337.3434033,7.143357631440124,2,8.31214523
1665960342.349479,7.226837782934468,2,8.35788726
1665960347.3476918,7.310267989710134,2,8.40117073
1665960352.3542767,7.3937510817002865,2,8.43960189
1665960357.352771,7.477099387720387,2,8.4841032
1665960362.369339,7.560644095018667,2,8.54551887
1665960367.3795872,7.6440365760278315,2,8.60772323
1665960372.3866298,7.727735691145223,2,8.66090965
1665960377.396405,7.81095378883199,2,8.71096134
1665960382.4052696,7.8944703547906485,2,8.76706695
1665960387.410714,7.977865466351471,2,8.82230091
1665960392.4100795,8.06143050280726,2,8.88395309
1665960397.4621713,8.145540814474385,2,8.94471645
1665960402.4366174,8.228416662290853,2,9.00158119
1665960407.4427788,8.311725645139973,2,9.06324386
1665960412.4450207,8.395263708507182,2,9.12612628
1665960417.4672964,8.478967615838013,2,9.2031269
1665960422.4637244,8.56224236972646,2,9.26057624
1665960427.4789267,8.645837816472016,2,9.33675861
1665960432.486011,8.729359937583567,2,9.40636348
1665960437.4893987,8.81271229274587,2,9.47466373
1665960442.4961257,8.896143393591206,2,9.53850936
1665960447.4922485,8.979506338512063,2,9.60513782
1665960452.5118563,9.06292822845296,2,9.66415023
1665960457.5045688,9.14636395064509,2,9.73554134
1665960462.5289574,9.230059326564433,2,9.80086994
1665960467.5218108,9.313249970351816,2,9.88246822
1665960472.5252404,9.396624661361338,2,9.94760036
1665960477.5305614,9.480057470873158,2,10.0241584
1665960482.5357463,9.563539370770416,2,10.1126146
1665960487.5441718,9.64694741256551,2,10.1865301
1665960492.5536666,9.730410095925293,2,10.2641782
1665960497.5456262,9.813772079224549,2,10.3246841
1665960502.560845,9.8972542652241,2,10.3914546
1665960507.556404,9.980612759664815,2,10.4592418
1665960512.5704308,10.063956201945903,2,10.5303401
1665960517.5821824,10.14760098544276,2,10.600234
1665960522.5976186,10.230898385122579,2,10.6660757
1665960527.590517,10.314349930361074,2,10.7372922
1665960532.5923367,10.397719471529285,2,10.8250427
1665960537.6017075,10.481150318061472,2,10.8833398
1665960542.605797,10.564673309400838,2,10.9486579
1665960547.6264565,10.648066422219237,2,11.016345
1665960552.6144104,10.73153886484619,2,11.0748319
1665960557.633531,10.814811874305368,2,11.1433649
1665960562.6299403,10.898367111757558,2,11.2196063
1665960567.6535923,10.982026335473023,2,11.2714586
1665960572.6489174,11.065454694504698,2,11.3351087
1665960577.65688,11.1488993256044,2,11.4062995
1665960582.6630487,11.232272872204742,2,11.4698801
1665960587.6790438,11.315857458984018,2,11.5425024
1665960592.687784,11.39923413284139,2,11.5886421
1665960597.6929893,11.482713743920288,2,11.6486291
1665960602.6912105,11.566095460330606,2,11.7220821
1665960607.6911705,11.649528718864085,2,11.7902822
1665960612.6969244,11.732849829271597,2,11.8508272
1665960617.7061965,11.816339521482746,2,11.8909339
1665960622.7085044,11.899816211934052,2,11.9401521
1665960627.717411,11.983156213040314,2,11.9959955
1665960632.7214751,12.06665771889206,2,12.0668106
1665960637.736009,12.14993090716517,1.982740096238285,12.1170549
1665960642.7346144,12.23341821519053,1.9747949518846668,12.1869812
1665960647.7501366,12.316908308739624,1.958467431265925,12.2415933
1665960652.7526727,12.400390904024404,1.9481276485229249,12.3089675
1665960657.7537317,12.48389970548467,1.934674278399333,12.3712215
1665960662.7573352,12.567291916286113,1.9167127475914583,12.4257669
1665960667.7726796,12.650890180344543,1.9031837010829658,12.4903593
1665960672.8320892,12.735108753914794,1.8910067549909877,12.5591068
1665960677.794551,12.817755680158895,1.8807028485819053,12.6304512
1665960682.8030705,12.901287361855468,1.858042146187232,12.6797389
1665960687.8088264,12.984660030280711,1.8267507312175928,12.7140588
1665960692.8181312,13.068253482257486,1.802927804469742,12.7652072
1665960697.8295949,13.151761274412435,1.7781183308942912,12.8159408
1665960702.8360693,13.2352252412589,1.7543089093287536,12.8700971
1665960707.8550148,13.318857833619079,1.7219759910898482,12.9095926
1665960712.8641865,13.402250167603455,1.6893884249075735,12.9504022
1665960717.8800945,13.485613565519612,1.6591986418562734,12.9978475
1665960722.872394,13.569052891805928,1.628470138917967,13.0459833
1665960727.8748534,13.652563163514099,1.5908151189760296,13.0826778
1665960732.8780754,13.735980428134562,1.5516622374967113,13.1187496
1665960737.9385364,13.820066842312773,1.5224778863920287,13.1769266
1665960742.891439,13.902867043887735,1.4940554954800134,13.2359161
1665960747.8907523,13.98619223125295,1.4587650710160813,13.283781
1665960752.9166796,14.069771441693266,1.4246055788971765,13.3358545
1665960757.9213016,14.153201827282867,1.3833367580670617,13.3757371
1665960762.9198773,14.236674687142333,1.3556231159587704,13.4434442
1665960767.953445,14.32014817086375,1.3192949500475863,13.4956197
1665960772.9481022,14.403648015732728,1.281416354719779,13.5462331
1665960777.967659,14.487031198417306,1.2441963857699445,13.5996856
1665960782.9660327,14.57057095853007,1.2161389092503108,13.6720371
1665960787.962239,14.653909886752725,1.1869368054701646,13.7425403
1665960792.9862416,14.737497179582874,1.1640858970864552,13.8261308
1665960797.9805934,14.820806023354493,1.1343534971167841,13.8962049
1665960803.047123,14.905264795695903,1.1094000721355344,13.9778509
1665960807.9980404,14.987806929027201,1.082150881975533,14.0522336
1665960812.9976554,15.071089252705537,1.0543732188187265,14.1271572
1665960817.9970942,15.154465866958262,1.0218524300184082,14.1935386
1665960823.006083,15.238001554086964,0.996463625101883,14.2744731
1665960828.0156076,15.321597084279023,0.9768896676489536,14.3668127
1665960833.02424,15.405075384055735,0.9552784961350811,14.4547376
1665960838.043437,15.488352307553253,0.9334270491974908,14.5416469
1665960843.032117,15.571876149252216,0.9141182571167044,14.6334733
1665960848.0533705,15.655261898910165,0.8931790772316219,14.7217941
1665960853.0497553,15.738738418494822,0.873445026976923,14.8121328
1665960858.0658815,15.822122566774649,0.8539930811676433,14.9025897
1665960863.0750153,15.905857424810687,0.8286798702728191,14.9821777
1665960868.1171532,15.989953828727366,0.817665233005286,15.089673
1665960873.082037,16.07246010390437,0.8073757533714656,15.1950664
1665960878.0853548,16.155929292117715,0.7834668644618499,15.2747755
1665960883.094578,16.239371415848694,0.7691904449358897,15.3731079
1665960888.100193,16.322800597424468,0.7565716892123904,15.473752
1665960893.1161537,16.40623740442113,0.7360309631035313,15.5584945
1665960898.1121304,16.48970803109324,0.7201094631323759,15.6521348
1665960903.127097,16.57308378703908,0.6996066838189046,15.7364616
1665960908.123348,16.656555164729717,0.6838986683553439,15.8298521
1665960913.1353493,16.740158427631023,0.6691993518564034,15.9249477
1665960918.1580114,16.823697798326773,0.6577534965503584,16.025505
1665960923.1636925,16.907160910839995,0.6403490829007128,16.1139469
1665960928.1624877,16.990633818383177,0.629417951169543,16.2143707
1665960933.2239013,17.074820662414194,0.6138154379206471,16.3062572
1665960938.16634,17.157346921041768,0.6052709883057085,16.4087715
1665960943.169093,17.240768810982665,0.5953253680606937,16.5088958
1665960948.1690848,17.324154350037535,0.5852506522823198,16.6079425
1665960953.1990101,17.40774972923116,0.5685188575273399,16.6938819
1665960958.1952348,17.49123413649714,0.5525871965276082,16.7811222
1665960963.2093015,17.574712122356058,0.5414298230392484,16.8771629
1665960968.224985,17.658253928894958,0.5225316768698025,16.9580249
1665960973.22675,17.74168636885798,0.5151901401668415,17.0608177
1665960978.2355936,17.825053915257417,0.5011008471690453,17.1498737
1665960983.2453,17.908494854842782,0.4792124535052934,17.2237739
1665960988.237202,17.991815750673574,0.47970014932305705,17.3406295
1665960993.2379098,18.07527705517924,0.4723558856907434,17.4411106
1665960998.2922952,18.159315861140847,0.4646060247582684,17.540863
1665961003.2643716,18.242252752060853,0.45324220978980645,17.6315116
1665961008.2772825,18.325734592353463,0.43957732483466505,17.718048
1665961013.274088,18.409055539841614,0.4239694400945505,17.8005771
1665961018.281953,18.492541413381854,0.41539224298793653,17.8967914
1665961023.2772295,18.575800169383648,0.40418291325244704,17.9870681
1665961028.2864864,18.659170250967303,0.38956179868643803,18.0706233
1665961033.2888103,18.742825958008726,0.3802635000146263,18.1646766
1665961038.2972717,18.826297995324097,0.3720708964738382,18.2600746
1665961043.3234909,18.909819818412423,0.36227011948707144,18.3519763
1665961048.329206,18.993333654478352,0.3537844288442582,18.4459743
1665961053.3362572,19.076859848573964,0.34816959308210327,18.5448703
1665961058.3369832,19.160163276270193,0.3414087673272349,18.6406288
1665961063.3387735,19.24365638184067,0.33305597010450805,18.7330245
1665961068.364307,19.327251498773855,0.3177826978091085,18.811922
1665961073.3735466,19.410663919523518,0.31161745444618905,18.9081306
1665961078.3692176,19.49416603334264,0.3098054552727474,19.0121803
1665961083.3901393,19.57759358572479,0.2992006894385515,19.09836
1665961088.3937643,19.661076347902576,0.2895070052726706,19.1862716
1665961093.4096355,19.74468377518173,0.27745333569483566,19.2696018
1665961098.4052608,19.828047403569183,0.26783476891187974,19.3572673
1665961103.4564009,19.912195651605884,0.25413745223875855,19.4379558
1665961108.4298732,19.995011918619436,0.25014193596975787,19.5356044
1665961113.4440238,20.07867142446355,0.24361287303749218,19.6287727
1665961118.4502063,20.16216673143224,0.2274594498932203,19.7029933
1665961123.4507382,20.24546394832448,0.22431169773898785,19.8021602
1665961128.4600177,20.328892092779437,0.21812134569202352,19.8949069
1665961133.4650142,20.412374576802215,0.21648317325454758,19.9959945
1665961138.474051,20.495749780411682,0.21391968943952244,20.0943145
1665961143.4897199,20.579455181832273,0.2071579630972118,20.1843166
1665961148.4987588,20.662826848899485,0.1997478197471979,20.2724456
1665961153.5077686,20.746310751512805,0.19750791465271744,20.3702526
1665961158.5168374,20.829738951598763,0.18296724275197213,20.4439506
1665961163.5224917,20.91327852892395,0.17028463336627941,20.5217037
1665961168.574863,20.99748518553889,0.16400848498173487,20.612833
1665961173.5440066,21.080260047192535,0.15904467775087994,20.7043552
1665961178.552959,21.16375348654902,0.13889886840891363,20.7673759
1665961183.5462632,21.247096209600727,0.14051043664304141,20.8726634
1665961188.5593882,21.33058528192357,0.1335850844344315,20.9608478
1665961193.5700881,21.41401696689443,0.12311173777664114,21.0419368
1665961198.5691178,21.497369075690866,0.11947589648615242,21.1360816
1665961203.568154,21.58075953014211,0.11620592350697673,21.2304477
1665961208.5804794,21.664245145395558,0.104283896974038,21.3079605
1665961213.5961194,21.747784682984314,0.09997820832610271,21.4003143
1665961218.5952241,21.831214734787903,0.09286720905461066,21.4867458
1665961223.6123126,21.914694719389242,0.08784484481994681,21.5771141
1665961228.6199703,21.99829292781667,0.09137744503852521,21.6835613
1665961233.668946,22.082494347170154,0,21.7654685
1665961238.6479526,22,0,21.8493499
1665961243.6617808,22,0,21.9675064
1665961248.6654735,22,0,22.0954189
1665961253.6717284,22,0,22.218378
1665961258.6663518,22,0,22.3332901
1665961263.6864462,22,0,22.4494991
1665961268.6722367,22,0,22.5638828
1665961273.6813548,22,0,22.6795921
1665961278.6813693,22,0,22.7979393
1665961283.6892514,22,0,22.9072475
1665961288.6983943,22,0,23.0112266
1665961293.7039697,22,0,23.1112499
1665961298.7020319,22,0,23.2061824
1665961303.725468,22,0,23.2896881
1665961308.7320063,22,0,23.3742084
1665961313.7333663,22,0,23.4684677
1665961318.7492342,22,0,23.5365028
1665961323.7515125,22,0,23.6222724
1665961328.7572124,22,0,23.6911926
1665961333.7663348,22,0,23.7672595
1665961338.80727,22,0,23.8280754
1665961343.780934,22,0,23.8803176
1665961348.7833018,22,0,23.9145317
1665961353.7956533,22,0,23.9721603
1665961358.7914708,22,0,24.0363216
1665961363.810655,22,0,24.0815544
1665961368.822784,22,0,24.1263198
1665961373.8418179,22,0,24.1640682
1665961378.8376489,22,0,24.2165756
1665961383.8532712,22,0,24.2483444
1665961388.8489966,22,0,24.2756137
1665961393.8514132,22,0,24.3029994
1665961398.8681772,22,0,24.3370456
1665961403.9198978,22,0,24.3529243
1665961408.8759043,22,0,24.3736763
1665961413.8882246,22,0,24.3936958
1665961418.8942103,22,0,24.3999309
1665961423.917836,22,0,24.4141845
1665961428.915118,22,0,24.4359683
1665961433.9252374,22,0,24.4585494
1665961438.9321215,22,0,24.4706707
1665961443.9298763,22,0,24.4776573
1665961448.9448235,22,0,24.4742164
1665961453.9511662,22,0,24.4928417
1665961458.9599288,22,0,24.5025157
1665961463.9519641,22,0,24.4935016
1665961468.9682744,22,0,24.4951343
1665961473.9669144,22,0,24.5178318
1665961478.9925075,22,0,24.5247154
1665961483.9918387,22,0,24.524662
1665961489.0041826,22,0,24.5135231
1665961494.016421,22,0,24.5126991
1665961499.008939,22,0,24.5098171
1665961504.0210295,22,0,24.5141811
1665961509.0729697,22,0,24.5146083
1665961514.0315084,22,0,24.5229301
1665961519.0445077,22,0,24.530117
1665961524.0550356,22,0,24.5171718
1665961529.0581694,22,0,24.5029945
1665961540.1243298,24.5320472,0.0060249883639884524,24.5205898
1665961545.135844,24.5320472,0.009739447193999363,24.5140628
1665961550.1417978,24.5320472,0.008547802194000944,24.517189
1665961555.13495,24.5320472,0.009337096829985908,24.5163955
1665961560.1503708,24.5320472,0.012692090318017506,24.5107536
1665961565.1626537,24.5320472,0.011409977818018807,24.5142097
1665961570.1745985,24.5320472,0.014574306225480362,24.5090351
1665961575.1737962,24.5320472,0.013500373725480155,24.5121765
1665961580.1727622,24.5320472,0.010399263725479826,24.5190296
1665961585.2011254,24.5320472,0.01567420406951183,24.5096054
1665961590.208278,24.5320472,0.015120356777495434,24.5117321
1665961595.2534158,24.5320472,0.018279698289506784,24.5066928
1665961600.2285166,24.5320472,0.014852314085009914,24.5144233
1665961605.2380528,24.5320472,0.01269538552899918,24.5193729
1665961610.2438307,24.5320472,0.00985195302900006,24.5253925
1665961615.246667,24.5320472,0.00952167052899877,24.5263385
1665961620.2582352,24.5320472,0.0046732957089972325,24.5358448
1665961625.265937,24.61550846874288,0.04730526531244271,24.5379333
1665961630.280076,24.699004645939382,0.09443700005917664,24.5353488
1665961635.2735748,24.7824652709521,0.1401806608573713,24.5395088
1665961640.2910993,24.86591822286021,0.17230331488293152,24.5733451
1665961645.2859151,24.949187691803488,0.18810031414965894,24.6404571
1665961650.2913506,25.032657269433848,0.2016795583503568,24.7128086
1665961655.293973,25.11608824312261,0.19507183627280386,24.8240566
1665961660.3110528,25.199738001620485,0.17800778736274236,24.954153
1665961665.2953565,25.282832006410473,0.1606526633211907,25.0819683
1665961670.3111162,25.366260695254518,0.14112292868842263,25.2121849
1665961675.3101509,25.44968979338379,0.1194350950876535,25.3442611
1665961680.3281844,25.533212669487508,0.11967867342617314,25.4323558
1665961685.3214612,25.616547230676524,0.11712447978759442,25.5253582
1665961690.327347,25.700031268393708,0.12839910285602946,25.5917091
1665961695.3395903,25.783403344746144,0.13769809965090035,25.662527
1665961700.3471327,25.86689820666682,0.14597528835599602,25.7360305
1665961705.3486857,25.95027895350825,0.1571241581144159,25.8044071
1665961710.3558266,26.033688258921813,0.1663570622942423,25.8771762
1665961715.349115,26.117060740585835,0.17203419950800947,25.9572124
1665961720.3708007,26.200636040961456,0.17751612484803508,26.037981
1665961725.363807,26.283972823416903,0.18603002916117994,26.1128463
1665961730.3827167,26.367400852636212,0.18565917508674074,26.2051296
1665961735.3885796,26.450886304970297,0.18596671487430386,26.2957801
1665961740.3874404,26.53425776540807,0.18778319922839384,26.3830776
1665961745.3998897,26.617741008396656,0.18981258593260214,26.4698944
1665961750.4010594,26.701170293287152,0.1903607970217006,26.5593414
1665961755.404579,26.784651700452677,0.19349224561578077,26.6436119
1665961760.4178724,26.8680406091568,0.1921634651967622,26.736248
1665961765.428177,26.951652538573455,0.1897753696746163,26.8307018
1665961770.4187737,27.034866118228152,0.1897989624576675,26.91963
1665961775.4206767,27.118200274105583,0.18672287724902292,27.0143108
1665961780.4364312,27.20168261507721,0.19042486632113012,27.095705
1665961785.4467075,27.285114550387576,0.19499530023600117,27.1754779
1665961790.452571,27.368763712839,0.1970501818556245,27.2604503
1665961795.4701152,27.452230258579764,0.20543314165247073,27.3331241
1665961800.4825795,27.53578608015747,0.2082433834795717,27.4170169
1665961805.4883358,27.619215567703755,0.21649883144530727,27.4903774
1665961810.4972332,27.70278324265849,0.21613162144991555,27.5807971
1665961815.492914,27.786124594803365,0.22633983489243661,27.6505031
1665961820.5020533,27.86949851492615,0.23566634782698442,27.7225704
1665961825.5153172,27.95299801806183,0.24004215435168688,27.8047542
1665961830.5133092,28.036424688295238,0.2386138916757718,27.8979606
1665961835.5158007,28.119727794126383,0.23176129444450536,28.0009098
1665961840.5161395,28.203156478996785,0.2354664213546248,28.0829391
1665961845.543832,28.286805991128794,0.22949436783429233,28.1837043
1665961850.5498595,28.37023495812785,0.22526220913372344,28.280117
1665961855.5484989,28.453717680569206,0.22753217986863233,28.3635673
1665961860.5510578,28.53709314643911,0.22801720791640442,28.450325
1665961865.5698588,28.620522713458254,0.22888077176243352,28.5362415
1665961870.6256402,28.704836757774864,0.23887406102297973,28.6055927
1665961875.5846975,28.787432877019757,0.24618295297415635,28.6789455
1665961880.5903392,28.870915595487467,0.2520834720951979,28.7563552
1665961885.5893717,28.954304424718732,0.25318317362322484,28.8431205
1665961890.596323,29.037827412084454,0.2562972951081973,28.9260063
1665961895.6133363,29.12134862323176,0.2539311541684157,29.0193748
1665961900.6064777,29.204683446681216,0.2610010770601744,29.094099
1665961905.6145122,29.288112326260123,0.2634179700061312,29.1781902
1665961910.631136,29.371677926973216,0.2671541626616035,29.2598896
1665961915.6369014,29.45519102791519,0.27125271418460695,29.3409366
1665961920.642646,29.538567562695057,0.2720385981419155,29.4282569
1665961925.660521,29.62216734468511,0.26537232793778165,29.5298213
1665961930.657333,29.705476343428803,0.26743354589534774,29.6136016
1665961935.7129936,29.7897926328537,0.27472858535128136,29.6884574
1665961940.680107,29.872390568053437,0.28183841828385414,29.762289
1665961945.6977572,29.9560387172259,0.2837211750662709,29.8476104
1665961950.6978195,30.039373047943624,0.2889975216237236,29.9260578
1665961955.7233055,30.122977379754893,0.28935548878951767,30.0143928
1665961960.7095022,30.20637495894801,0.28836201788926474,30.1048679
1665961965.7139626,30.289775208429212,0.294278042840595,30.1818332
1665961970.729563,30.373235547339632,0.293235778479295,30.2724189
1665961975.7252693,30.456650467510734,0.29454986556193063,30.3581466
1665961980.7410252,30.540093135630798,0.29504779051273233,30.4453315
1665961985.7433321,30.623544776236727,0.29820579652239715,30.5272941
1665961990.7557414,30.707005138989004,0.30195215887325955,30.6082019
1665961995.7513864,30.790432500636292,0.2973566122128122,30.7050876
1665962000.8284602,30.87481113254598,0.3006580667835925,30.7872943
1665962005.7772949,30.95732713520101,0.30908224810623397,30.8578872
1665962010.779186,31.04073218881658,0.31816141563770417,30.9287509
1665962015.790655,31.124252966836803,0.3181540763187359,31.0176181
1665962020.7872043,31.207577526366425,0.3190786592427074,31.1042594
1665962025.7926226,31.291081952845765,0.32146039531481285,31.1881618
1665962030.8075252,31.374520071144612,0.3246909187428517,31.2703475
1665962035.8198957,31.45807238796921,0.3334062129455878,31.3422775
1665962040.8228629,31.54145285268199,0.33061473911902794,31.4364891
1665962045.8362021,31.625046574866488,0.3386926363328304,31.5097122
1665962050.8350725,31.708405462697858,0.3369978843159621,31.6017913
1665962055.8372326,31.791812387899274,0.3372608383833109,31.6897888
1665962060.8453531,31.87525943497391,0.33290534029497526,31.7863903
1665962065.8972893,31.959428357875062,0.33487626087893496,31.8710765
1665962070.8644996,32.04224652031632,0.331114614747838,31.9652442
1665962075.8591037,32.125495739574944,0.34085682786652527,32.0336036
1665962080.867097,32.208938618298085,0.3399438501855474,32.1231613
1665962085.8832078,32.29255448559494,0.34645556904259744,32.1984863
1665962090.8891451,32.37605648815206,0.3582211550249564,32.2640571
1665962095.9060118,32.45943631310832,0.3554005553307941,32.3581428
1665962100.9090142,32.54284558673274,0.3570280787024094,32.4432907
1665962105.9098663,32.62633561670354,0.3569042516053979,32.5317573
1665962110.9255836,32.70975615957947,0.3587313751421611,32.6162147
1665962115.9441779,32.79339111228358,0.36363808025843125,32.6949729
1665962120.9412596,32.876758781865945,0.36387818959626567,32.7825698
1665962125.951326,32.960191094672396,0.36190356086629977,32.8742485
1665962131.009948,33.044594696954604,0.36659148445928663,32.9538688
1665962135.9645514,33.12708028931986,0.3697297679033306,33.0346565
1665962140.9654999,33.210412633216094,0.37928837818184685,33.1041831
1665962145.9747443,33.29404284933777,0.3758972948448897,33.1993446
1665962150.9780629,33.377472285226695,0.38359340148675014,33.2726402
1665962155.978557,33.460785186087804,0.37910654406949773,33.3694915
1665962160.9903939,33.54417652666143,0.38145001752284724,33.4527664
1665962165.9906268,33.62760119417877,0.3800508561359896,33.543209
1665962171.0051286,33.71107355335923,0.3773433149767462,33.635868
1665962176.0153313,33.794582362766775,0.3799470662496902,33.7179985
1665962181.0215838,33.87803028801651,0.3897043592459357,33.7865219
1665962186.0129745,33.961349904334256,0.3927345850131633,33.8684272
1665962191.0278387,34.04498328744939,0.3901756901360838,33.9613723
1665962196.0745125,34.12898457030029,0.3926383841169204,34.0446891
1665962201.0436697,34.211923618908436,0.39840939837605543,34.1206359
1665962206.0541906,34.29531262695363,0.40513545807249657,34.1955604
1665962211.0664542,34.37876732726466,0.3982253426119304,34.2969398
1665962216.0659738,34.46222474554749,0.39694422039203076,34.386734
1665962221.0774171,34.545795925255334,0.40707733553527875,34.4546127
1665962226.083513,34.62924760559768,0.4148210533463954,34.5276565
1665962231.0930054,34.71261377711665,0.42076540807715035,34.6045532
1665962236.088727,34.79597187816671,0.42757615055634524,34.6800842
1665962241.0894048,34.879301158384195,0.41973534962469444,34.7838668
1665962246.10054,34.96276731868159,0.41763138774043423,34.875885
1665962251.1144273,35.046329641139224,0.4180625217809486,34.9627761
1665962256.1041472,35.12964085320206,0.4164233416424179,35.0531883
1665962261.107568,35.21303024669062,0.41746556705396387,35.1382331
1665962266.124554,35.296551088289135,0.42657692338712877,35.2079734
1665962271.1278327,35.37984792768529,0.43048115127733716,35.2880516
1665962276.147787,35.46343017001521,0.4355968565501942,35.3662757
1665962281.1455374,35.54686537563375,0.43249027875031104,35.4602546
1665962286.1536436,35.63042478541107,0.43428710244520624,35.5445289
1665962291.1593986,35.71386785089544,0.43921645645977797,35.622673
1665962296.1739,35.79730773349177,0.4428277124025907,35.7035903
1665962301.2230158,35.8815599081871,0.4418209649869673,35.7942619
1665962306.1822336,35.96410805364024,0.4464621762543231,35.8720855
1665962311.175166,36.04740612883937,0.4455946145748701,35.9614181
1665962316.1807547,36.13091632107468,0.44307955350119266,36.0538253
1665962321.200383,36.21437563875885,0.4441864771672866,36.1388587
1665962326.2001667,36.29790368059845,0.450737472602047,36.2135047
1665962331.2138636,36.38114071269404,0.45606597646719277,36.2906112
1665962336.2134504,36.46451585272522,0.4581755678009128,36.374279
1665962341.219139,36.54806643306783,0.45787897850395076,36.4627037
1665962346.2189195,36.631533380146536,0.4689078315469667,36.5292282
1665962351.2277775,36.714932397798414,0.4694117753178638,36.616539
1665962356.2368283,36.79825497050654,0.46855417343459127,36.7061805
1665962361.2345707,36.88181691546809,0.4652494269272401,36.8004341
1665962366.2500386,36.965187481836196,0.471879186358393,36.8750648
1665962371.2531507,37.04878753006032,0.47257864622196244,36.9616241
1665962376.2648778,37.131991183554845,0.4787498075580955,37.0372238
1665962381.2685645,37.215350993271386,0.48150208974814895,37.1198539
1665962386.264042,37.29880977451376,0.47633615252206923,37.2177124
1665962391.2689893,37.38217964549433,0.48251705664971734,37.2931709
1665962396.2833025,37.46566336929372,0.47969898028175323,37.3862609
1665962401.282712,37.549013765450034,0.4785432201975052,37.475605
1665962406.3014686,37.63273153682124,0.48409573764126557,37.5522537
1665962411.2875335,37.716005106564076,0.4937013201767853,37.6210632
1665962416.3099828,37.79951213577957,0.4965592481790257,37.7036476
1665962421.3180277,37.88310564736099,0.5040102382217027,37.7776298
1665962426.3283699,37.966569212869516,0.5054827356746443,37.863327
1665962431.3334064,38.049966196016186,0.509321524648382,37.9443283
1665962436.32731,38.133364550069686,0.5035978854268752,38.0436592
1665962441.3538306,38.21680674929988,0.5001144253182175,38.1380195
1665962446.3560588,38.30018073300094,0.49760800049377313,38.2299194
1665962451.3536363,38.383636446590934,0.4945196828532169,38.3226127
1665962456.366628,38.467186724936674,0.5026621639114208,38.3935699
1665962461.3722956,38.550615620410156,0.5078539037793338,38.4706039
1665962466.3774428,38.634033421472424,0.5205311399289552,38.533699
1665962471.3833666,38.71746604819667,0.515315766995993,38.6318435
1665962476.375899,38.80084105312398,0.5285718957877497,38.694046
1665962481.3860302,38.884177168007405,0.5253619374296448,38.7885818
1665962486.3803463,38.96758181233775,0.522213177512176,38.8825492
1665962491.3994298,39.05106658120524,0.5157614214760531,38.9823722
1665962496.3994133,39.134565647240194,0.5189159943584185,39.0631446
1665962501.4133067,39.217964525814565,0.5248722142909674,39.1385993
1665962506.4180014,39.30137617567749,0.5283661136143698,39.2191352
1665962511.4365456,39.38501867035599,0.5268797407594079,39.3095474
1665962516.4332736,39.468297691937,0.5313361988483412,39.3879318
1665962521.4392233,39.55189604738922,0.5355519502591797,39.4673271
1665962526.4468882,39.63535694260966,0.5351787544419813,39.5555381
1665962531.4621327,39.71878869910609,0.5368280176678473,39.6396293
1665962536.4537227,39.80213466862411,0.5496750116424625,39.7022743
1665962541.4770603,39.88565631687215,0.5468455680168822,39.7959671
1665962546.4857144,39.969133555686184,0.5469330088160537,39.8835487
1665962551.510815,40.05272072135976,0.5407062376059828,39.9830818
1665962556.5089138,40.13617985625636,0.541215554073134,40.0688972
1665962561.5238693,40.21976394633026,0.5467268929801556,40.1451988
1665962566.5314534,40.30326777676315,0.5482326201156819,40.2293853
1665962571.5547485,40.3867795902448,0.5505181021292674,40.3120727
1665962576.5572572,40.4703635690567,0.5529927463792728,40.3945121
1665962581.566447,40.55385000685425,0.5591464312898798,40.469902
1665962586.576542,40.63735164780985,0.5562933529629267,40.5628356
1665962591.581437,40.720765781199646,0.5612835362839579,40.6403045
1665962596.6019986,40.80445263762843,0.5628704779390586,40.7248001
1665962601.596452,40.88768177806905,0.5676276176110991,40.802761
1665962606.6025329,40.97111821154327,0.5697361300536402,40.886238
1665962611.6182778,41.054487844105275,0.5638373558858052,40.9848747
1665962616.6680028,41.13887606838913,0.5716211536360354,41.0578002
1665962621.6216412,41.221436591740165,0.5778049442623234,41.1324157
1665962626.6284435,41.30500195800832,0.5754345463466108,41.2247352
1665962631.6499195,41.38840754409205,0.5766369583182358,41.3096847
1665962636.649069,41.47189365207723,0.5768574592250347,41.396511
1665962641.6523526,41.555273894266,0.5795824151760701,41.4782905
1665962646.666855,41.63869047939352,0.578431122224667,41.5675659
1665962651.676899,41.722190932229864,0.5791372499108874,41.6531181
1665962656.6718354,41.80560642063192,0.5844707096277137,41.7296638
1665962661.6852558,41.88916328727773,0.5883722122796639,41.8094177
1665962666.693721,41.97263779619904,0.6013895698689011,41.87191
1665962671.6997616,42.05607210774791,0.6076377729165067,41.9482231
1665962677.0302582,42.13958095689189,0.6027078311112678,42.0462722
1665962681.7651122,42.22382793803584,0.6023879158858922,42.1356239
1665962686.7331405,42.30662783364029,0.5949701657369246,42.2367324
1665962691.7415733,42.39010289887162,0.6011124658243776,42.3118362
1665962696.7508185,42.47358797768326,0.5926235843281434,42.4152259
1665962701.7501779,42.557079036827595,0.5908896698210011,42.5047988
1665962706.7638943,42.64047340929082,0.5872039723895914,42.5977096
1665962711.7723176,42.72394797781678,0.5910433812602867,42.6759147
1665962716.7771678,42.807362655595654,0.5967095890396158,42.7508239
1665962721.790806,42.89075826386185,0.6033434522692575,42.8242759
1665962726.7898443,42.974239965076954,0.6109839089034856,42.8963813
1665962731.7817984,43.05760503987045,0.625054542291675,42.9566383
1665962736.8044915,43.141147847767385,0.6280616476992088,43.0392913
1665962741.8134165,43.22463318486582,0.633824755870073,43.1166496
1665962746.8623395,43.30894812722575,0.6343731175194665,43.2051086
1665962751.8357122,43.39167111297023,0.6277859553524727,43.3052978
1665962756.8439977,43.4751424946345,0.6214300518351112,43.4049987
1665962761.8487928,43.55855568229726,0.6215733180264515,43.4914894
1665962766.854749,43.64198832491608,0.626264809958763,43.5691795
1665962771.858047,43.72537664949468,0.6301913959854268,43.6485557
1665962776.8639624,43.808803061441296,0.634294385979429,43.7278366
1665962781.8718357,43.89226760446599,0.6389476126034281,43.8062934
1665962786.8746817,43.975817000663,0.636865150718509,43.8979034
1665962791.8937037,44.05930413384806,0.638944735367878,43.9811515
1665962796.889436,44.14256655354869,0.6368885590569126,44.072052
1665962801.8883579,44.22604276716283,0.6346235775430534,44.1632003
