1700014351.733585, 9.6858e-08, 6.33304e-08, 1.26661e-07, 27.822, 120.7
1700014352.9037068, 1.49013e-07, 5.58796e-08, 1.56463e-07, 12.654, 120.7
1700014354.0677783, 9.31327e-08, 1.00583e-07, 1.41562e-07, 47.814, 120.7
1700014355.2504342, 1.26661e-07, 7.82316e-08, 1.49013e-07, 27.696, 120.7
1700014356.419847, 7.45063e-08, 1.34111e-07, 1.56463e-07, 54.906, 120.7
1700014357.5932357, 9.31327e-08, 1.22935e-07, 1.52738e-07, 50.526, 120.7
1700014358.7594752, 1.26661e-07, 2.60771e-08, 1.37837e-07, 8.13, 120.7
1700014359.9294715, 5.66248e-07, 3.05476e-07, 6.70556e-07, 29.16, 120.7
1700014361.0924087, 1.08034e-07, -1.08034e-07, 1.56463e-07, -43.212, 120.7
1700014362.2729821, 8.19568e-08, 1.1921e-07, 1.49013e-07, 52.35, 120.7
1700014363.4489791, 4.93604e-06, -3.55022e-06, 5.6811e-06, -36.252, 120.7
1700014364.6260324, 2.90574e-07, -1.60188e-07, 3.12926e-07, -27.12, 120.7
1700014365.7923887, 2.68223e-07, -1.7509e-07, 3.09201e-07, -28.302, 120.7
1700014366.965313, 3.72531e-08, -2.01167e-07, 1.89991e-07, -77.904, 120.7
1700014368.1215684, 8.94074e-08, 0.0, 8.19568e-08, -2.604, 120.6
1700014369.2977345, 7.45063e-08, -1.86266e-08, 8.19568e-08, -11.766, 120.6
1700014370.4610052, 1.04309e-07, 4.8429e-08, 1.22935e-07, 23.808, 120.6
1700014371.6278038, 3.35278e-08, 0.0, 3.72531e-08, 9.462, 120.6
1700014372.79744, 1.22935e-07, 9.31327e-08, 1.56463e-07, 38.856, 120.6
1700014373.9634824, -3.72532e-09, -7.45064e-09, 2.23519e-08, -135.0, 120.6
1700014375.1364222, 4.32135e-07, -5.96051e-08, 4.43311e-07, -8.004, 120.6
1700014376.3232493, -1.15484e-07, 5.96051e-08, 1.1921e-07, 151.26, 120.6
1700014377.5026004, -2.19794e-06, -1.36719e-06, 2.76791e-06, -154.338, 120.6
1700014378.6691468, -3.09201e-06, 1.85893e-06, 3.48689e-06, 148.902, 120.6
1700014379.845451, -2.3842e-07, 1.11759e-07, 2.45871e-07, 155.226, 120.5
1700014381.0093162, -3.72532e-09, 7.0781e-08, 7.45063e-08, 99.462, 120.5
1700014382.1921332, -1.08034e-07, 2.98025e-08, 1.08034e-07, 162.12, 120.5
1700014383.358188, 4.8429e-08, -6.70557e-08, 7.45063e-08, -56.31, 120.5
1700014384.5345385, 3.72532e-09, -3.50179e-07, 3.53904e-07, -85.842, 120.5
1700014385.6951199, 2.98025e-08, 7.45064e-09, 4.09784e-08, 39.804, 120.5
1700014386.8820055, 3.05476e-07, -3.16651e-07, 4.35861e-07, -47.49, 120.5
1700014388.0505288, -6.03501e-07, 5.28995e-07, 7.89765e-07, 136.722, 120.5
1700014389.210279, -1.04309e-07, -7.00358e-07, 6.81732e-07, -98.088, 120.5
1700014390.3773909, 0.0, -3.35278e-08, 3.35278e-08, -74.748, 120.5
1700014391.5361748, 0.0, 4.8429e-08, 4.8429e-08, 90.0, 120.5
1700014392.7004485, -1.86266e-08, 0.0, 1.86266e-08, 170.538, 120.5
1700014393.869868, 7.0781e-08, -5.21543e-08, 8.56821e-08, -30.582, 120.5
1700014395.04639, 2.98025e-08, 1.49013e-08, 2.98025e-08, 23.964, 120.5
1700014396.2195172, 2.98025e-08, 4.47037e-08, 5.58796e-08, 59.034, 120.5
1700014397.3986125, 2.98025e-08, 3.35278e-08, 4.47037e-08, 53.976, 120.5
1700014398.5656784, -1.11759e-08, 7.45064e-09, 1.11759e-08, 135.0, 120.5
1700014399.7321897, 3.72532e-09, -1.11759e-08, 1.11759e-08, -36.87, 120.5
1700014400.9021065, 5.58796e-08, 2.98025e-08, 6.33304e-08, 34.506, 120.5
1700014402.067624, -7.45064e-09, 2.60771e-08, 2.60771e-08, 119.748, 120.5
1700014403.2519512, -5.58796e-08, 1.11759e-08, 5.21543e-08, 169.992, 120.5
1700014404.4178793, 2.98025e-08, -1.11759e-08, 3.72531e-08, -14.034, 120.5
1700014405.5969448, -2.23519e-08, 1.49013e-08, 2.98025e-08, 153.438, 120.5
1700014406.7637703, -2.23519e-08, 4.8429e-08, 5.21543e-08, 111.804, 120.5
1700014407.9333487, -2.60771e-08, 2.98025e-08, 4.09784e-08, 114.444, 120.5
1700014409.1068044, 0.0, 1.49013e-08, 1.86266e-08, 51.342, 120.5
1700014410.2766836, 2.98025e-08, -7.45064e-09, 2.98025e-08, -14.034, 120.5
1700014411.4499059, -2.60771e-08, 1.11759e-08, 2.23519e-08, 135.0, 120.5
1700014412.6156933, -4.47037e-08, 1.49013e-08, 4.8429e-08, 160.344, 120.5
1700014413.8091514, -3.72531e-08, -1.86266e-08, 4.09784e-08, -151.392, 120.5
1700014414.9756038, 0.0, -2.23519e-08, 1.49013e-08, -101.31, 120.4
1700014416.1388593, -5.21543e-08, 1.86266e-08, 5.58796e-08, 160.56, 120.4
1700014417.3152146, 3.72532e-09, 1.49013e-08, 1.49013e-08, 53.13, 120.4
1700014418.4751754, 0.0, 1.86266e-08, 1.86266e-08, 90.0, 120.4
1700014419.6480715, -8.19568e-08, 2.23519e-08, 8.19568e-08, 164.358, 120.4
1700014420.8179135, -2.60771e-08, 1.49013e-08, 2.98025e-08, 139.398, 120.4
1700014421.9946404, -1.11759e-08, 0.0, 1.11759e-08, 146.31, 120.4
1700014423.1643357, 0.0, 2.98025e-08, 2.98025e-08, 83.658, 120.4
1700014424.3306057, -7.45064e-09, -5.58796e-08, 4.8429e-08, -101.31, 120.4
1700014425.4970253, 3.35278e-08, 1.49013e-08, 4.09784e-08, 22.62, 120.4
1700014426.6659439, 0.0, 7.45064e-09, 7.45064e-09, 108.432, 120.4
1700014427.8366795, 2.98025e-08, 2.98025e-08, 3.35278e-08, 45.0, 120.4
1700014429.012945, 1.86266e-08, 9.31327e-08, 9.31327e-08, 75.468, 120.4
1700014430.1855671, -5.96051e-08, -2.23519e-08, 5.96051e-08, -163.608, 120.4
1700014431.3520136, 0.0, -1.11759e-08, 3.72532e-09, -153.438, 120.4
1700014432.5190625, 2.23519e-08, 7.45064e-09, 2.23519e-08, 26.562, 120.4
1700014433.6920116, -2.60771e-08, 2.60771e-08, 3.35278e-08, 135.0, 120.4
1700014434.8621163, -2.98025e-08, -1.49013e-08, 2.98025e-08, -153.438, 120.4
1700014436.0317352, 2.60771e-08, 2.60771e-08, 3.72531e-08, 38.658, 120.4
1700014437.1948338, 6.33304e-08, -7.45064e-09, 5.58796e-08, -6.708, 120.4
1700014438.3745465, 1.11759e-08, -3.35278e-08, 3.35278e-08, -63.438, 120.4
1700014439.5434117, -3.72532e-09, 1.49013e-08, 1.11759e-08, 90.0, 120.4
1700014440.7169015, -3.72532e-09, 6.33304e-08, 6.33304e-08, 95.712, 120.4
1700014441.886019, -3.35278e-08, -1.86266e-08, 2.98025e-08, -144.462, 120.4
1700014443.0602794, 2.23519e-08, -3.72532e-09, 2.23519e-08, -8.13, 120.4
1700014444.2163374, 0.0, 0.0, 3.72532e-09, 90.0, 120.4
1700014445.393434, -5.21543e-08, -2.60771e-08, 5.21543e-08, -161.568, 120.4
1700014446.56587, -1.11759e-08, 0.0, 1.11759e-08, 153.438, 120.4
1700014447.7330456, 4.8429e-08, 3.35278e-08, 5.96051e-08, 33.69, 120.4
1700014448.9023051, 4.09784e-08, -3.72532e-09, 4.09784e-08, -8.13, 120.4
1700014450.0650845, 3.72531e-08, -4.8429e-08, 5.96051e-08, -52.434, 120.4
1700014451.2448466, 5.21543e-08, 7.45064e-09, 4.8429e-08, 12.096, 120.4
1700014452.4218922, 6.33304e-08, 5.96051e-08, 8.19568e-08, 48.18, 120.4
1700014453.5908968, -1.49013e-08, -3.72532e-09, 1.11759e-08, 180.0, 120.4
1700014454.7547479, 0.0, 1.49013e-08, 1.11759e-08, 104.034, 120.3
1700014455.9318748, 3.72532e-09, 2.98025e-08, 2.98025e-08, 68.196, 120.3
1700014457.1034706, 0.0, 1.86266e-08, 1.86266e-08, 90.0, 120.3
1700014458.2632115, 0.0, -3.35278e-08, 3.35278e-08, -94.764, 120.3
1700014459.4442835, -1.11759e-08, -1.11759e-08, 1.49013e-08, -170.538, 120.3
1700014460.6133409, -1.86266e-08, 2.98025e-08, 2.98025e-08, 120.966, 120.3
1700014461.7898674, 2.23519e-08, -3.72532e-09, 2.23519e-08, -8.13, 120.3
1700014462.963267, -1.86266e-08, 2.98025e-08, 3.35278e-08, 126.87, 120.3
1700014464.1256893, 1.49013e-08, -3.72532e-09, 1.11759e-08, 18.432, 120.3
1700014465.3078842, -3.72531e-08, -2.23519e-08, 4.09784e-08, -151.392, 120.3
1700014466.479264, -1.49013e-08, -2.60771e-08, 2.98025e-08, -110.556, 120.3
1700014467.6456335, -1.11759e-08, 1.11759e-08, 1.86266e-08, 126.87, 120.3
1700014468.8281002, -3.35278e-08, 1.49013e-08, 2.98025e-08, 147.996, 120.3
1700014469.9920099, -2.23519e-08, -5.21543e-08, 5.21543e-08, -111.804, 120.3
1700014471.174846, -3.35278e-08, 7.45064e-09, 2.98025e-08, 143.13, 120.3
1700014472.354519, 2.98025e-08, 5.58796e-08, 6.33304e-08, 54.78, 120.3
1700014473.5345213, -3.72531e-08, 1.49013e-08, 4.09784e-08, 153.438, 120.3
1700014474.6935027, 1.49013e-08, -2.60771e-08, 2.23519e-08, -63.438, 120.3
1700014475.8738284, 2.98025e-08, 2.98025e-08, 4.8429e-08, 39.804, 120.3
1700014477.0436068, 0.0, 7.45064e-09, 1.11759e-08, 143.13, 120.3
1700014478.4399457, 7.0781e-08, -7.82316e-08, 1.13622e-07, -39.51, 120.3
1700014479.613446, -2.00235e-08, 1.1269e-07, 1.11294e-07, 94.212, 120.3
1700014480.785902, 1.1921e-07, 4.65664e-08, 1.17347e-07, 20.856, 120.3
1700014481.9530826, -3.07339e-08, -3.71832e-07, 3.74393e-07, -94.542, 120.3
1700014483.1185305, -1.05007e-07, 4.19098e-09, 1.22703e-07, 173.616, 120.3
1700014484.2920735, -3.81845e-08, -1.00118e-08, 3.51577e-08, -163.086, 120.2
1700014485.4616675, -1.02446e-08, -1.53669e-08, 1.65311e-08, -133.026, 120.2
1700014486.6349516, 1.53669e-08, -6.98495e-09, 1.86266e-08, -20.154, 120.2
1700014487.798471, -2.14205e-08, -5.1223e-09, 2.30503e-08, -164.994, 120.2
1700014488.9677029, 1.55998e-08, -1.51341e-08, 2.2119e-08, -39.756, 120.2
1700014490.1437216, 1.49013e-08, -1.44356e-08, 1.93251e-08, -42.54, 120.2
1700014491.3209302, -5.35513e-09, 2.79398e-09, 4.65664e-09, 136.398, 120.2
1700014492.4904778, -3.02681e-09, 1.97907e-08, 2.11877e-08, 94.992, 120.2
1700014493.6539197, 6.05363e-09, 5.1223e-09, 8.61479e-09, 40.464, 120.2
1700014494.833921, 7.68347e-09, -1.25729e-08, 1.55998e-08, -64.176, 120.2
1700014496.0064678, -5.35513e-09, -8.38196e-09, 8.14913e-09, -106.818, 120.2
1700014497.1762242, -9.08045e-09, 5.58796e-09, 1.16416e-08, 143.286, 120.2
1700014498.346689, 1.04774e-08, -5.1223e-09, 1.21073e-08, -22.248, 120.2
1700014499.5219972, 2.51458e-08, -1.37371e-08, 3.02682e-08, -22.818, 120.2
1700014500.6892507, -9.54611e-09, 5.1223e-09, 1.11759e-08, 145.902, 120.2
1700014501.8549619, -9.08045e-09, 3.25964e-09, 9.54611e-09, 144.042, 120.2
1700014503.0247777, 1.86266e-09, 3.95815e-09, 3.95815e-09, 87.612, 120.2
1700014504.188466, 1.02446e-08, -1.95579e-08, 2.37488e-08, -60.834, 120.2
1700014505.352131, -2.09549e-09, 8.61479e-09, 1.00118e-08, 111.48, 120.2
1700014506.5277598, -2.79398e-09, 1.39699e-09, 2.56115e-09, 69.774, 120.2
1700014507.7073143, -1.60654e-08, -1.51341e-08, 2.16534e-08, -128.874, 120.2
1700014508.8974278, -1.55998e-08, -3.25964e-09, 1.67639e-08, -163.242, 120.2
1700014510.070048, 2.79398e-09, -9.08045e-09, 9.31328e-09, -67.38, 120.2
1700014511.2334309, -9.08045e-09, -7.68347e-09, 1.16416e-08, -144.66, 120.2
1700014512.4132497, -1.00118e-08, -7.45064e-09, 1.44356e-08, -139.266, 120.2
1700014513.581453, -1.39699e-08, 5.1223e-09, 1.58326e-08, 158.964, 120.2
1700014514.7569468, 3.49247e-09, -1.83937e-08, 1.97907e-08, -76.074, 120.2
1700014515.9333184, 7.9163e-09, -1.74624e-08, 1.83937e-08, -68.922, 120.2
1700014517.1047325, -1.11759e-08, 4.19098e-09, 1.16416e-08, -178.212, 120.2
1700014518.2887537, 9.77894e-09, 1.09431e-08, 1.51341e-08, 49.206, 120.2
1700014519.4555485, 1.39699e-08, 1.16416e-09, 1.37371e-08, 10.782, 120.2
1700014520.6247869, -1.46684e-08, -1.60654e-08, 2.23519e-08, -130.602, 120.2
1700014521.8068466, 1.58326e-08, -5.58796e-09, 1.69968e-08, -19.266, 120.2
1700014522.967086, 6.98495e-09, -1.30386e-08, 1.62983e-08, -65.112, 120.2
1700014524.1600227, -1.18744e-08, -2.53787e-08, 2.98025e-08, -111.57, 120.1
1700014525.3297842, -6.05363e-09, -8.38196e-09, 1.09431e-08, -128.904, 120.1
1700014526.5094678, -3.25964e-09, -1.44356e-08, 1.44356e-08, -97.206, 120.1
1700014527.6830673, 1.21073e-08, -2.79398e-09, 1.30386e-08, -17.526, 120.1
1700014528.8625472, 2.95696e-08, -1.55998e-08, 3.39935e-08, -26.562, 120.1
1700014530.0265024, 3.49247e-09, -4.19098e-09, 6.51929e-09, -26.562, 120.1
1700014531.1940134, 2.00235e-08, -8.84762e-09, 2.46802e-08, -20.514, 120.1
1700014532.3594115, -1.37371e-08, 9.31328e-09, 1.51341e-08, 138.75, 120.1
1700014533.5376627, 2.53787e-08, -2.02564e-08, 3.21309e-08, -40.254, 120.1
1700014534.70283, 1.51341e-08, -2.37488e-08, 2.79398e-08, -61.812, 120.1
1700014535.876217, -1.14088e-08, -1.79281e-08, 2.04892e-08, -124.92, 120.1
1700014537.051074, -2.51458e-08, -1.32714e-08, 2.98025e-08, -156.756, 120.1
1700014538.2143555, -4.19098e-09, -1.39699e-08, 1.62983e-08, -116.82, 120.1
1700014539.3823447, -6.98495e-10, 4.65665e-10, 1.39699e-09, 138.012, 120.1
1700014540.5478098, -4.65665e-10, 4.65664e-09, 4.65664e-09, 81.252, 120.1
1700014541.7202575, -3.25964e-09, -3.4692e-08, 3.44592e-08, -95.49, 120.1
1700014542.8878708, -4.88947e-09, -6.75212e-09, 1.04774e-08, -116.562, 120.1
1700014544.069977, -1.23401e-08, 6.28646e-09, 1.35042e-08, 152.1, 120.1
1700014545.2566702, 1.35042e-08, -1.11759e-08, 1.81609e-08, -35.418, 120.1
1700014546.419339, -2.09549e-09, 6.75212e-09, 6.75212e-09, 86.1, 120.1
1700014547.5767853, -7.68347e-09, -2.7707e-08, 3.00354e-08, -109.488, 120.1
1700014548.7561524, 1.16416e-08, -1.74624e-08, 2.00235e-08, -65.712, 120.1
1700014549.9297037, -2.56115e-09, -2.18862e-08, 2.14205e-08, -86.868, 120.1
1700014551.1120284, -6.28646e-09, 5.82079e-09, 7.68347e-09, 113.628, 120.1
1700014552.2884865, -7.21778e-09, 6.28646e-09, 7.45064e-09, 131.184, 120.1
1700014553.4547749, -2.32832e-09, 1.09431e-08, 1.07103e-08, 93.468, 120.1
1700014554.6127443, 1.16416e-09, 4.42381e-09, 3.95815e-09, 65.694, 120.1
1700014555.7989044, 9.3133e-10, -6.05363e-09, 6.28646e-09, -78.18, 120.1
1700014556.9616373, -1.04774e-08, -1.00118e-08, 1.25729e-08, -124.548, 120.1
1700014558.1323988, 1.49013e-08, 2.32832e-09, 1.67639e-08, 14.964, 120.1
1700014559.316447, 1.86266e-09, -1.55998e-08, 1.58326e-08, -73.542, 120.0
1700014560.4865, -1.11759e-08, -1.95579e-08, 2.2119e-08, -131.802, 120.0
1700014561.6430469, 3.02681e-09, -7.68347e-09, 8.14913e-09, -41.058, 120.0
1700014562.8313143, -2.00235e-08, 4.65664e-09, 2.0722e-08, 165.498, 120.0
1700014563.9961352, -9.77894e-09, 3.72532e-09, 9.77894e-09, 141.894, 120.0
1700014565.1738281, 3.49247e-09, 2.32832e-09, 3.49247e-09, -10.308, 120.0
1700014566.3425014, 1.74624e-08, -6.98495e-10, 1.53669e-08, -12.054, 120.0
1700014567.522307, 8.61479e-09, -6.98495e-10, 8.61479e-09, -16.092, 120.0
1700014568.6821742, -5.35513e-09, -6.28646e-09, 6.98495e-09, -142.35, 120.0
1700014569.8655567, -4.65664e-09, -1.46684e-08, 1.58326e-08, -103.746, 120.0
1700014571.0381532, -7.68347e-09, -9.54611e-09, 1.09431e-08, -128.904, 120.0
1700014572.2147453, -9.77894e-09, -9.08045e-09, 1.21073e-08, -134.382, 120.0
1700014573.3806746, -3.72532e-09, 3.95815e-09, 5.82079e-09, 141.63, 120.0
1700014574.5628102, 1.32714e-08, -1.39699e-09, 1.09431e-08, -12.618, 120.0
1700014575.7370012, -6.98495e-10, -1.07103e-08, 1.07103e-08, -90.882, 120.0
1700014576.9072597, -1.76952e-08, -1.49013e-08, 2.39817e-08, -143.664, 120.0
1700014578.0734336, -1.46684e-08, -1.42027e-08, 2.25847e-08, -137.058, 120.0
1700014579.2466927, 1.21073e-08, -3.49247e-09, 1.39699e-08, -8.904, 120.0
1700014580.4033191, 8.14913e-09, -4.88947e-09, 9.31328e-09, -30.258, 120.0
1700014581.579854, 1.11759e-08, 1.39699e-08, 1.60654e-08, 53.748, 120.0
1700014582.7457383, 2.46802e-08, -1.16416e-09, 2.53787e-08, 0.0, 120.0
1700014583.9193127, -1.44356e-08, -1.42027e-08, 1.97907e-08, -129.36, 120.0
1700014585.0954788, 6.28646e-09, -6.05363e-09, 7.9163e-09, -55.41, 120.0
1700014586.2587469, -1.37371e-08, -3.72532e-09, 9.77894e-09, -164.196, 120.0
1700014587.4247327, 1.23401e-08, 1.04774e-08, 1.58326e-08, 41.586, 120.0
1700014588.5951433, 2.79398e-09, -8.38196e-09, 9.31328e-09, -81.996, 120.0
1700014589.7611766, -1.35042e-08, 2.44473e-08, 2.91039e-08, 120.348, 120.0
1700014590.9213474, -7.68347e-09, -5.35513e-09, 1.07103e-08, -116.94, 120.0
1700014592.1007507, -4.65664e-09, -1.16416e-09, 3.25964e-09, -104.934, 120.0
1700014593.2675607, 4.88947e-09, -1.30386e-08, 1.39699e-08, -67.782, 120.0
1700014594.4348094, -6.98495e-09, 9.31328e-09, 1.18744e-08, 132.66, 120.0
1700014595.6204736, 2.32832e-09, 1.16416e-09, 5.58796e-09, 18.972, 120.0
1700014596.7904117, 3.25964e-09, -7.68347e-09, 7.9163e-09, -78.906, 119.9
1700014597.9600632, -9.77894e-09, -1.21073e-08, 1.69968e-08, -121.608, 120.0
1700014599.1260836, -1.18744e-08, 4.65664e-09, 1.21073e-08, 154.47, 119.9
1700014600.309538, 0.0, 1.67639e-08, 1.69968e-08, 82.164, 120.0
1700014601.4729807, 1.55998e-08, 1.07103e-08, 1.83937e-08, 27.642, 119.9
1700014602.6485944, 2.79398e-09, -1.32714e-08, 1.32714e-08, -84.744, 119.9
1700014603.814936, 2.32832e-09, -1.07103e-08, 9.77894e-09, -70.974, 119.9
1700014604.9919155, -1.62982e-09, -9.31328e-09, 1.07103e-08, -104.034, 119.9
1700014606.1678472, -1.30386e-08, -1.60654e-08, 2.16534e-08, -119.91, 119.9
1700014607.3415136, -1.53669e-08, 1.16416e-09, 1.35042e-08, -174.666, 119.9
1700014608.5111582, -9.77894e-09, 8.38196e-09, 1.21073e-08, 137.832, 119.9
1700014609.6976814, -7.68347e-09, -4.19098e-09, 7.9163e-09, -132.51, 119.9
1700014610.8644686, -1.14088e-08, -6.75212e-09, 1.28057e-08, -152.142, 119.9
1700014612.0367782, -4.65664e-09, -1.53669e-08, 1.53669e-08, -115.752, 119.9
1700014613.20665, -1.39699e-09, -2.67756e-08, 2.72413e-08, -94.452, 119.9
1700014614.3835473, 1.16416e-09, -6.51929e-09, 6.51929e-09, -103.446, 119.9
1700014615.557269, -7.68347e-09, 1.00118e-08, 1.30386e-08, 117.45, 119.9
1700014616.7330403, -2.32832e-08, 1.21073e-08, 2.631e-08, 154.086, 119.9
1700014617.9056714, 1.09431e-08, 2.79398e-09, 8.84762e-09, 9.132, 119.9
1700014619.0793433, -1.90922e-08, 3.49247e-09, 1.93251e-08, 162.348, 119.9
1700014620.2517805, -1.53669e-08, -1.49013e-08, 2.11877e-08, -135.306, 119.9
1700014621.4193127, -1.07103e-08, 9.3133e-10, 8.38196e-09, 169.158, 119.9
1700014622.5886714, 4.19098e-09, -1.83937e-08, 1.86266e-08, -85.524, 119.9
1700014623.7613788, 1.18744e-08, -2.09549e-09, 1.39699e-08, -1.362, 119.9
1700014624.9314227, 1.11759e-08, 1.81609e-08, 2.16534e-08, 56.784, 119.9
1700014626.1010957, 3.02681e-09, 6.98495e-09, 5.82079e-09, 54.09, 119.9
1700014627.2804947, 6.05363e-09, 1.21073e-08, 1.55998e-08, 61.578, 119.9
1700014628.4608798, 1.81609e-08, -1.30386e-08, 2.04892e-08, -31.74, 119.9
1700014629.627186, 1.32714e-08, 6.98495e-09, 1.58326e-08, 21.804, 119.9
1700014630.8034303, 1.09431e-08, -1.16416e-09, 1.11759e-08, -12.426, 119.9
1700014631.9694633, -1.46684e-08, 3.72532e-09, 1.62983e-08, 161.568, 119.8
1700014633.1462815, 2.79398e-09, -8.61479e-09, 9.31328e-09, -72.216, 119.8
1700014634.3187082, 8.14913e-09, -2.60771e-08, 2.67756e-08, -73.8, 119.8
1700014635.4847982, 1.16416e-09, -6.05363e-09, 6.51929e-09, -71.568, 119.8
1700014636.6452668, 9.3133e-10, -1.04774e-08, 1.00118e-08, -86.058, 119.8
1700014637.8190067, 4.42381e-09, -2.79398e-09, 5.1223e-09, -27.408, 119.8
1700014638.9851456, -1.07103e-08, 4.42381e-09, 1.39699e-08, 170.88, 119.8
1700014640.1514263, -1.86266e-09, -5.1223e-09, 6.51929e-09, -120.732, 119.8
1700014641.3145902, 2.56115e-09, -1.16416e-08, 1.30386e-08, -76.866, 119.8
1700014642.508005, 1.90922e-08, -1.42027e-08, 2.2119e-08, -41.772, 119.8
1700014643.6750624, -3.4692e-08, -1.39699e-09, 3.56233e-08, 179.226, 119.8
1700014644.850393, 2.11877e-08, 2.32832e-09, 1.97907e-08, 3.72, 119.8
1700014646.0336916, -1.11759e-08, -1.39699e-09, 1.21073e-08, -178.428, 119.8
1700014647.1936545, 0.0, -1.11759e-08, 1.09431e-08, -79.764, 119.8
1700014648.3696022, 4.65665e-10, -1.39699e-09, 3.49247e-09, -127.182, 119.8
1700014649.5432026, -2.79398e-08, -1.00118e-08, 2.56115e-08, -153.27, 119.8
1700014650.7257884, -1.30386e-08, -1.88594e-08, 2.39817e-08, -123.126, 119.8
1700014651.9066198, -6.75212e-09, 1.86266e-09, 4.65664e-09, -174.558, 119.8
1700014653.075792, 1.58326e-08, -1.18744e-08, 1.93251e-08, -35.148, 119.8
1700014654.2489831, 2.56115e-09, -2.37488e-08, 2.3516e-08, -82.512, 119.8
1700014655.4247007, -6.75212e-09, -2.60771e-08, 2.67756e-08, -110.514, 119.8
1700014656.588208, -2.88711e-08, 6.05363e-09, 2.98025e-08, 171.276, 119.8
1700014657.7647476, -1.72296e-08, -2.7707e-08, 3.3295e-08, -124.32, 119.8
1700014658.938034, -2.3516e-08, -8.84762e-09, 2.46802e-08, -158.964, 119.8
1700014660.1152325, -1.93251e-08, -1.09431e-08, 2.39817e-08, -148.08, 119.8
1700014661.2910066, -2.58443e-08, 2.32832e-09, 2.7707e-08, 170.754, 119.8
1700014662.4537342, 1.32714e-08, -1.21073e-08, 1.86266e-08, -40.866, 119.8
1700014663.6235812, 1.16416e-08, -1.86266e-09, 1.04774e-08, -13.572, 119.8
1700014664.7865837, 4.65664e-09, -2.58443e-08, 2.631e-08, -81.342, 119.8
1700014665.9529498, -2.3516e-08, -1.21073e-08, 2.44473e-08, -158.196, 119.8
1700014667.1225214, -1.46684e-08, -5.1223e-09, 1.62983e-08, -160.428, 119.8
1700014668.2859974, 5.1223e-09, -2.56115e-08, 2.51458e-08, -82.038, 119.8
1700014669.4560168, -2.30503e-08, -2.32832e-09, 2.32832e-08, -169.404, 119.8
1700014670.6191804, -1.35042e-08, -1.97907e-08, 2.39817e-08, -120.966, 119.8
1700014671.7886765, 1.11759e-08, -2.39817e-08, 2.53787e-08, -70.644, 119.8
1700014672.9618857, -2.09549e-09, -1.58326e-08, 1.62983e-08, -101.976, 119.8
1700014674.1280522, 2.3516e-08, -9.54611e-09, 2.53787e-08, -19.884, 119.7
1700014675.2980201, 1.88594e-08, -1.11759e-08, 2.02564e-08, -33.18, 119.7
1700014676.4740086, -2.32832e-09, -8.38196e-09, 6.75212e-09, -135.0, 119.7
1700014677.6442366, 6.98495e-10, -7.68347e-09, 8.61479e-09, -52.494, 119.7
1700014678.8102117, 1.39699e-09, 9.08045e-09, 8.84762e-09, 90.0, 119.7
1700014679.987003, -1.44356e-08, -1.42027e-08, 2.09549e-08, -134.67, 119.7
1700014681.1597416, -1.65311e-08, 0.0, 1.44356e-08, 180.0, 119.7
1700014682.327265, 6.28646e-09, -9.54611e-09, 1.18744e-08, -62.742, 119.7
1700014683.5096216, -1.88594e-08, -1.46684e-08, 2.30503e-08, -142.458, 119.7
1700014684.67275, -1.16416e-09, -2.56115e-09, 3.25964e-09, -124.284, 119.7
1700014685.8559256, 6.98495e-10, -8.14913e-09, 7.45064e-09, -103.392, 119.7
1700014687.0224218, 4.88947e-09, 1.39699e-09, 4.65664e-09, 24.624, 119.7
1700014688.191814, -1.46684e-08, 2.04892e-08, 2.44473e-08, 127.878, 119.7
1700014689.365526, 8.61479e-09, -2.88711e-08, 3.0501e-08, -66.438, 119.7
1700014690.548256, 0.0, -4.19098e-09, 4.42381e-09, -63.438, 119.7
1700014691.7184768, 2.79398e-09, -7.68347e-09, 9.31328e-09, -75.258, 119.7
1700014692.8876214, 5.58796e-09, 1.65311e-08, 1.69968e-08, 66.876, 119.7
1700014694.0575795, 6.98495e-09, 3.25964e-09, 6.98495e-09, 27.474, 119.7
1700014695.2339587, 7.68347e-09, -2.02564e-08, 2.14205e-08, -58.722, 119.7
1700014696.400888, 1.74624e-08, -1.93251e-08, 2.58443e-08, -47.142, 119.7
1700014697.5703378, -1.21073e-08, -3.25964e-09, 1.39699e-08, -165.966, 119.7
1700014698.7368517, -1.72296e-08, -3.72532e-09, 1.86266e-08, -174.72, 119.7
1700014699.9062476, 1.18744e-08, 6.98495e-09, 1.28057e-08, 39.174, 119.7
1700014701.082735, 7.68347e-09, -8.84762e-09, 1.28057e-08, -42.468, 119.7
1700014702.2592547, 2.09549e-08, -2.88711e-08, 3.6089e-08, -53.538, 119.7
1700014703.4261453, 5.58796e-09, -1.86266e-09, 3.72532e-09, -25.02, 119.7
1700014704.6019785, -4.88947e-09, 3.49247e-09, 5.82079e-09, 142.254, 119.7
1700014705.7721844, -4.19098e-09, -6.98495e-10, 4.19098e-09, -155.556, 119.7
1700014706.938488, 8.14913e-09, 6.98495e-09, 1.04774e-08, 48.654, 119.7
1700014708.1126204, 1.09431e-08, -1.02446e-08, 1.44356e-08, -43.506, 119.7
1700014709.284544, 6.75212e-09, 4.65665e-10, 8.61479e-09, 19.176, 119.7
1700014710.4646995, 7.68347e-09, -1.11759e-08, 1.72296e-08, -50.004, 119.7
1700014711.6304562, -1.86266e-09, -3.88829e-08, 3.86501e-08, -92.736, 119.6
1700014712.8039594, -5.35513e-09, -7.45064e-09, 9.77894e-09, -137.724, 119.6
1700014713.9640055, -1.16416e-09, -3.72532e-09, 3.95815e-09, -75.066, 119.6
1700014715.13694, 4.65664e-09, -6.98495e-10, 3.95815e-09, 19.8, 119.6
1700014716.3098783, -1.18744e-08, 6.05363e-09, 1.37371e-08, 159.288, 119.6
1700014717.4797516, -2.46802e-08, -2.2119e-08, 3.16652e-08, -138.93, 119.6
1700014718.6459959, 1.81609e-08, -1.53669e-08, 2.28175e-08, -41.424, 119.6
1700014719.8263266, 1.21073e-08, -1.46684e-08, 1.93251e-08, -51.816, 119.6
1700014721.0019693, -1.11759e-08, 1.30386e-08, 1.79281e-08, 136.776, 119.6
1700014722.165521, -1.86266e-09, 0.0, 1.62982e-09, -90.0, 119.6
1700014723.3261545, -1.07103e-08, -1.35042e-08, 2.0722e-08, -133.134, 119.6
1700014724.5140362, 2.60771e-08, -4.19098e-09, 2.7707e-08, -7.212, 119.6
1700014725.6848338, 3.14324e-08, 3.95815e-09, 2.95696e-08, 7.008, 119.6
1700014726.851676, 1.00118e-08, 1.16416e-08, 1.39699e-08, 55.302, 119.6
1700014728.0344844, 4.65664e-09, -6.05363e-09, 7.45064e-09, -72.474, 119.6
1700014729.2006552, 1.09431e-08, -2.00235e-08, 2.30503e-08, -56.538, 119.6
1700014730.3806586, 2.23519e-08, -5.82079e-09, 2.2119e-08, -16.062, 119.6
1700014731.5470324, 1.28057e-08, -4.19098e-09, 1.21073e-08, -16.698, 119.6
1700014732.7243328, -6.51929e-09, -2.3516e-08, 2.53787e-08, -114.444, 119.6
1700014733.9174173, -5.58796e-09, 2.00235e-08, 2.04892e-08, 105.174, 119.6
1700014735.0967832, -7.45064e-09, -7.21778e-09, 1.09431e-08, -140.196, 119.6
1700014736.2729023, -1.09431e-08, -1.18744e-08, 1.65311e-08, -125.862, 119.6
1700014737.4399743, 7.68347e-09, 2.79398e-09, 7.45064e-09, 14.622, 119.6
1700014738.607903, 2.79398e-09, 2.32832e-09, 1.39699e-09, -18.432, 119.6
1700014739.765215, 4.42381e-09, -4.65664e-09, 5.82079e-09, -47.046, 119.6
1700014740.938486, 3.02681e-09, 2.16534e-08, 2.09549e-08, 80.31, 119.6
1700014742.1046486, 9.08045e-09, 1.42027e-08, 1.58326e-08, 63.144, 119.6
1700014743.2717154, -1.46684e-08, -1.39699e-09, 1.39699e-08, -173.58, 119.6
1700014744.4400628, 3.72532e-09, -4.88947e-09, 5.1223e-09, -75.966, 119.6
1700014745.604632, 7.21778e-09, -1.23401e-08, 1.44356e-08, -50.196, 119.6
1700014746.781595, 9.31328e-09, 6.98495e-09, 1.00118e-08, 22.17, 119.6
1700014747.9472306, 1.39699e-09, -1.72296e-08, 1.72296e-08, -69.972, 119.6
1700014749.1133935, -4.42381e-09, -7.68347e-09, 8.14913e-09, -112.62, 119.6
1700014750.2900512, 8.14913e-09, -3.72532e-09, 8.61479e-09, -40.29, 119.6
1700014751.4635262, 1.62982e-09, -2.42145e-08, 2.44473e-08, -83.706, 119.6
1700014752.6428335, -1.42027e-08, -2.18862e-08, 2.631e-08, -121.818, 119.6
1700014753.8192852, 1.60654e-08, -3.72532e-09, 1.74624e-08, -14.28, 119.6
1700014754.9795358, 1.11759e-08, 6.28646e-09, 1.11759e-08, 19.29, 119.6
1700014756.1518774, -1.81609e-08, 6.98495e-09, 1.93251e-08, 154.722, 119.5
1700014757.3122227, 1.39699e-09, 4.19098e-09, 5.58796e-09, 55.494, 119.6
1700014758.4787357, -6.28646e-09, 1.00118e-08, 1.23401e-08, 144.552, 119.6
1700014759.641521, 1.09431e-08, -4.42381e-09, 1.32714e-08, -15.948, 119.6
1700014760.8201227, -9.54611e-09, 1.16416e-08, 1.51341e-08, 134.046, 119.6
1700014761.984682, -9.77894e-09, -1.44356e-08, 1.90922e-08, -123.06, 119.6
1700014763.1609607, -1.00118e-08, -2.65428e-08, 2.84055e-08, -110.274, 119.5
1700014764.3304522, -9.3133e-10, -1.83937e-08, 1.79281e-08, -88.332, 119.5
1700014765.5064445, 1.30386e-08, 1.44356e-08, 1.93251e-08, 47.022, 119.5
1700014766.6765537, 1.62982e-09, 1.04774e-08, 1.09431e-08, 81.192, 119.5
1700014767.8569617, -1.46684e-08, 1.58326e-08, 2.18862e-08, 130.872, 119.5
1700014769.0239315, 1.16416e-09, -2.37488e-08, 2.37488e-08, -81.87, 119.5
1700014770.2034595, 1.58326e-08, -3.02681e-09, 1.81609e-08, -9.822, 119.5
1700014771.3628852, 1.04774e-08, -8.84762e-09, 1.51341e-08, -24.396, 119.5
1700014772.5460184, 7.68347e-09, -8.38196e-09, 1.16416e-08, -46.608, 119.5
1700014773.7091584, -9.08045e-09, -1.02446e-08, 1.28057e-08, -127.182, 119.5
1700014774.8954263, -4.19098e-09, -1.53669e-08, 1.65311e-08, -107.724, 119.5
1700014776.074382, -9.08045e-09, 6.28646e-09, 1.21073e-08, 154.092, 119.5
1700014777.2522147, 1.69968e-08, -1.18744e-08, 2.3516e-08, -27.96, 119.5
1700014778.4080055, 4.42381e-09, -9.77894e-09, 9.54611e-09, -69.57, 119.5
1700014779.5818658, -1.55998e-08, -3.49247e-09, 1.58326e-08, -166.428, 119.5
1700014780.764203, 8.61479e-09, 5.82079e-09, 1.09431e-08, 32.784, 119.5
1700014781.9300394, 1.39699e-08, -5.1223e-09, 1.28057e-08, -28.542, 119.5
1700014783.1103082, -1.90922e-08, -7.68347e-09, 2.04892e-08, -158.7, 119.5
1700014784.2770224, -1.88594e-08, 1.81609e-08, 2.51458e-08, 133.314, 119.5
1700014785.4527802, 6.98495e-09, 3.49247e-09, 7.9163e-09, 36.384, 119.5
1700014786.6261919, -2.56115e-09, 6.98495e-09, 7.45064e-09, 132.276, 119.5
1700014787.7927196, 1.07103e-08, 5.35513e-09, 1.18744e-08, 40.602, 119.5
1700014788.968475, -1.86266e-09, -3.23637e-08, 3.21309e-08, -95.034, 119.5
1700014790.1328907, -1.62983e-08, -1.67639e-08, 2.39817e-08, -131.928, 119.5
1700014791.300404, 9.3133e-10, 9.77894e-09, 9.08045e-09, 95.388, 119.5
1700014792.4719152, -1.79281e-08, -4.88947e-09, 2.04892e-08, -157.518, 119.5
1700014793.6420703, -2.39817e-08, 1.42027e-08, 2.60771e-08, 145.572, 119.5
1700014794.8077474, 1.07103e-08, -2.32832e-09, 9.77894e-09, -20.07, 119.5
1700014795.9741511, 2.70085e-08, -3.02681e-09, 2.91039e-08, -3.012, 119.5
1700014797.1477401, 3.25964e-09, 1.44356e-08, 1.51341e-08, 78.348, 119.5
1700014798.32334, 2.09549e-08, 0.0, 2.02564e-08, 2.964, 119.5
1700014799.4901104, -1.16416e-09, 3.95815e-09, 3.49247e-09, 111.804, 119.5
1700014800.6636431, 1.49013e-08, 1.39699e-09, 1.42027e-08, 0.0, 119.5
1700014801.8530834, -9.08045e-09, -2.56115e-08, 2.67756e-08, -109.866, 119.5
1700014803.0266335, 1.32714e-08, -2.00235e-08, 2.30503e-08, -63.786, 119.5
1700014804.1929522, 7.21778e-09, 3.49247e-09, 6.05363e-09, 49.398, 119.4
1700014805.3599691, -7.45064e-09, -6.98495e-09, 7.9163e-09, -117.822, 119.4
1700014806.5463593, 1.93251e-08, -1.86266e-09, 1.72296e-08, -1.83, 119.4
1700014807.7256732, -8.14913e-09, 2.32832e-10, 8.61479e-09, 147.318, 119.4
1700014808.9020524, 1.53669e-08, 5.58796e-09, 1.65311e-08, 10.452, 119.4
1700014810.0718253, -2.56115e-09, -7.68347e-09, 8.61479e-09, -115.68, 119.4
1700014811.241557, -2.37488e-08, -1.02446e-08, 2.58443e-08, -157.992, 119.4
1700014812.4177244, 2.37488e-08, 6.98495e-09, 2.30503e-08, 19.062, 119.4
1700014813.5976596, 1.21073e-08, 2.32832e-09, 1.21073e-08, 17.748, 119.4
1700014814.76779, -4.88947e-09, 9.77894e-09, 1.16416e-08, 114.324, 119.4
1700014815.9436486, 5.1223e-09, -2.0722e-08, 2.18862e-08, -70.314, 119.4
1700014817.1234071, -3.0501e-08, 1.35042e-08, 3.14324e-08, 152.202, 119.4
1700014818.3129127, -2.32832e-10, 1.04774e-08, 8.61479e-09, 83.796, 119.4
1700014819.4862037, 5.82079e-09, 2.79398e-09, 5.82079e-09, 26.562, 119.4
1700014820.6441011, 4.88947e-09, -6.05363e-09, 9.54611e-09, -55.302, 119.4
1700014821.8261192, 0.0, -3.58561e-08, 3.4692e-08, -84.858, 119.4
1700014822.9988723, 7.45064e-09, -1.46684e-08, 1.62983e-08, -74.208, 119.4
1700014824.1723897, -1.23401e-08, 7.21778e-09, 1.51341e-08, 148.314, 119.4
1700014825.342062, -1.30386e-08, -2.09549e-09, 1.32714e-08, -174.36, 119.4
1700014826.5156069, -1.21073e-08, 8.38196e-09, 1.23401e-08, 133.98, 119.4
1700014827.684688, -2.18862e-08, -1.42027e-08, 2.631e-08, -149.034, 119.4
1700014828.8611636, -2.18862e-08, -1.51341e-08, 2.81726e-08, -147.888, 119.4
1700014830.03475, 1.30386e-08, -9.77894e-09, 1.62983e-08, -28.074, 119.4
1700014831.2182655, 1.21073e-08, -1.39699e-08, 2.04892e-08, -38.442, 119.4
1700014832.3837686, 1.81609e-08, -1.65311e-08, 2.631e-08, -39.9, 119.4
1700014833.5501413, 2.32832e-10, -1.04774e-08, 1.23401e-08, -115.344, 119.4
1700014834.7230742, 2.79398e-08, -1.21073e-08, 2.88711e-08, -28.212, 119.4
1700014835.8865235, -3.02681e-09, -4.42381e-09, 4.19098e-09, -96.012, 119.4
1700014837.0728717, -3.72532e-09, -1.51341e-08, 1.55998e-08, -114.69, 119.4
1700014838.2390354, -3.02681e-09, -1.86266e-09, 1.16416e-09, 146.31, 119.4
1700014839.4157388, 3.02681e-09, -1.95579e-08, 1.93251e-08, -77.904, 119.4
1700014840.5863168, 7.21778e-09, -7.68347e-09, 9.54611e-09, -54.924, 119.3
1700014841.765225, 6.28646e-09, -1.00118e-08, 1.16416e-08, -67.62, 119.3
1700014842.9323266, -1.23401e-08, 1.00118e-08, 1.60654e-08, 141.438, 119.3
1700014844.0980167, -1.86266e-09, -1.62982e-09, 3.49247e-09, -156.798, 119.3
1700014845.2778635, 1.90922e-08, 2.98025e-08, 3.4692e-08, 59.13, 119.3
1700014846.4378626, -5.82079e-09, 6.05363e-09, 7.68347e-09, 112.542, 119.3
1700014847.6142027, 7.9163e-09, 6.98495e-10, 9.08045e-09, 1.764, 119.3
1700014848.7804263, 1.93251e-08, 7.9163e-09, 1.93251e-08, 16.65, 119.3
1700014849.954278, 1.58326e-08, 3.95815e-09, 1.69968e-08, 22.53, 119.3
1700014851.1299226, 1.32714e-08, 1.04774e-08, 1.65311e-08, 43.386, 119.3
1700014852.3001268, 2.56115e-09, -3.28293e-08, 3.11995e-08, -87.12, 119.3
1700014853.4596496, 5.35513e-09, 1.11759e-08, 1.28057e-08, 76.608, 119.3
1700014854.626738, -9.31328e-09, 0.0, 1.00118e-08, 177.276, 119.3
1700014855.812511, -1.69968e-08, -3.72532e-09, 1.58326e-08, -159.228, 119.3
1700014856.9974322, -3.49247e-09, -1.53669e-08, 1.65311e-08, -103.206, 119.3
1700014858.1692762, -2.32832e-09, -1.93251e-08, 1.97907e-08, -102.324, 119.3
1700014859.3451743, -1.88594e-08, -2.98025e-08, 3.53905e-08, -125.478, 119.3
1700014860.5181344, -8.84762e-09, 1.21073e-08, 1.60654e-08, 122.064, 119.3
1700014861.6820667, -1.62982e-09, 2.18862e-08, 2.16534e-08, 93.06, 119.3
1700014862.8546581, -1.65311e-08, -1.81609e-08, 2.39817e-08, -127.518, 119.3
1700014864.0178165, -9.3133e-10, -9.08045e-09, 8.14913e-09, -108.432, 119.3
1700014865.1938713, -3.25964e-09, -3.72532e-09, 6.98495e-09, -135.936, 119.3
1700014866.360572, -8.84762e-09, 4.65664e-09, 1.14088e-08, 163.938, 119.3
1700014867.5231538, 5.1223e-09, -2.56115e-08, 2.58443e-08, -79.452, 119.3
1700014868.7005484, -6.98495e-09, 1.02446e-08, 1.30386e-08, 125.616, 119.3
1700014869.8778641, -7.21778e-09, 1.32714e-08, 1.44356e-08, 121.788, 119.3
1700014871.0503597, -1.93251e-08, 4.65665e-10, 2.02564e-08, 180.0, 119.3
1700014872.2160065, 2.79398e-09, -1.46684e-08, 1.44356e-08, -78.18, 119.3
1700014873.3924391, 1.25729e-08, 1.62982e-09, 1.16416e-08, 8.13, 119.3
1700014874.572721, -2.00235e-08, -4.42381e-09, 1.65311e-08, -158.964, 119.3
1700014875.7452636, 0.0, -4.19098e-09, 4.88947e-09, -98.97, 119.3
1700014876.9092484, 1.23401e-08, -4.88947e-09, 1.39699e-08, -25.692, 119.3
1700014878.075298, 6.98495e-10, -1.23401e-08, 1.32714e-08, -74.862, 119.3
1700014879.2412548, -8.84762e-09, 1.16416e-09, 4.88947e-09, 140.196, 119.3
1700014880.4082391, 7.45064e-09, 6.28646e-09, 1.21073e-08, 33.312, 119.3
1700014881.5976632, -3.95815e-09, 2.631e-08, 2.631e-08, 101.382, 119.3
1700014882.774363, -1.39699e-08, 9.77894e-09, 1.62983e-08, 149.568, 119.3
1700014883.940618, 1.09431e-08, -3.72532e-09, 1.14088e-08, -9.162, 119.3
1700014885.110486, -4.19098e-09, 8.14913e-09, 9.77894e-09, 127.626, 119.2
1700014886.2737148, -4.65665e-10, -1.55998e-08, 1.39699e-08, -90.684, 119.3
1700014887.4479046, 1.35042e-08, 8.14913e-09, 1.72296e-08, 34.146, 119.2
1700014888.6303205, -6.51929e-09, 1.65311e-08, 1.81609e-08, 118.902, 119.2
1700014889.802777, 5.58796e-09, -1.74624e-08, 1.67639e-08, -76.374, 119.2
1700014890.9826908, -1.62983e-08, 1.04774e-08, 1.69968e-08, 141.054, 119.2
1700014892.1623547, 6.98495e-10, -2.09549e-09, 1.39699e-09, -84.288, 119.2
1700014893.339304, 3.25964e-09, -1.79281e-08, 1.76952e-08, -77.532, 119.2
1700014894.5049222, 1.62982e-09, -6.51929e-09, 6.98495e-09, -97.272, 119.2
1700014895.6789541, -6.28646e-09, -1.25729e-08, 1.53669e-08, -109.506, 119.2
1700014896.8547366, 8.61479e-09, -1.37371e-08, 1.58326e-08, -58.626, 119.2
1700014898.0208635, -3.72532e-09, -1.35042e-08, 1.42027e-08, -110.478, 119.2
1700014899.1942573, -6.98495e-10, -1.86266e-09, 3.49247e-09, -163.14, 119.2
1700014900.363211, 1.09431e-08, -1.16416e-08, 1.69968e-08, -46.122, 119.2
1700014901.5304668, 6.75212e-09, -2.56115e-09, 9.31328e-09, -21.48, 119.2
1700014902.690753, 1.86266e-09, -1.09431e-08, 1.04774e-08, -60.852, 119.2
1700014903.8796082, -2.79398e-09, -8.14913e-09, 9.77894e-09, -127.404, 119.2
1700014905.049578, -1.32714e-08, -8.38196e-09, 1.37371e-08, -155.676, 119.2
1700014906.215879, -7.68347e-09, 1.04774e-08, 1.16416e-08, 116.994, 119.2
1700014907.3927643, -2.23519e-08, 9.31328e-09, 2.42145e-08, 156.798, 119.2
1700014908.5686266, 4.65664e-09, -9.77894e-09, 1.09431e-08, -73.608, 119.2
1700014909.7450445, -1.72296e-08, -1.16416e-09, 1.83937e-08, -179.484, 119.2
1700014910.9092598, -2.0722e-08, 1.07103e-08, 2.2119e-08, 157.38, 119.2
1700014912.0850112, 1.65311e-08, 9.31328e-09, 1.93251e-08, 31.95, 119.2
1700014913.2615092, 8.61479e-09, -2.00235e-08, 2.2119e-08, -53.394, 119.2
1700014914.4474566, -5.82079e-09, -1.00118e-08, 1.21073e-08, -122.868, 119.2
1700014915.6080759, 6.98495e-09, -2.00235e-08, 1.93251e-08, -81.66, 119.2
1700014916.7917106, -1.28057e-08, -1.86266e-09, 1.39699e-08, -167.814, 119.2
1700014917.9605362, -4.4238e-08, -7.45064e-09, 4.54022e-08, -170.88, 119.2
1700014919.1206272, -6.98495e-09, 5.1223e-09, 9.31328e-09, 144.21, 119.2
1700014920.290507, -3.02681e-09, -1.39699e-09, 3.25964e-09, -147.726, 119.2
1700014921.4664786, 4.65665e-10, -1.07103e-08, 1.00118e-08, -83.118, 119.2
1700014922.6460166, -3.49247e-09, -2.42145e-08, 2.25847e-08, -89.118, 119.2
1700014923.8229659, -1.32714e-08, -1.00118e-08, 1.55998e-08, -144.312, 119.2
1700014924.998777, -9.77894e-09, -3.02681e-09, 8.84762e-09, -167.97, 119.2
1700014926.155557, 3.49247e-09, -3.72532e-09, 3.72532e-09, -45.0, 119.2
1700014927.3321757, -7.21778e-09, 2.0722e-08, 2.2119e-08, 120.444, 119.2
1700014928.505407, -9.54611e-09, -6.98495e-09, 1.21073e-08, -148.536, 119.2
1700014929.672189, -2.09549e-09, -1.44356e-08, 1.39699e-08, -95.784, 119.2
1700014930.8448453, 1.11759e-08, -2.42145e-08, 2.79398e-08, -61.248, 119.2
1700014932.0277374, 1.16416e-09, -6.51929e-09, 6.28646e-09, -73.14, 119.1
1700014933.2038412, 3.49247e-09, 1.16416e-09, 5.35513e-09, 34.116, 119.2
1700014934.3804016, -1.28057e-08, -8.38196e-09, 1.69968e-08, -144.834, 119.1
1700014935.5472548, 7.45064e-09, -5.82079e-09, 8.14913e-09, -45.852, 119.1
1700014936.713087, 1.23401e-08, -1.11759e-08, 1.62983e-08, -40.794, 119.1
1700014937.8965075, -9.54611e-09, -2.72413e-08, 2.81726e-08, -99.69, 119.1
1700014939.0630894, -4.88947e-09, -6.05363e-09, 7.9163e-09, -124.776, 119.1
1700014940.2329357, -2.02564e-08, 0.0, 2.0722e-08, -175.674, 119.1
1700014941.4096742, -1.86266e-09, -6.75212e-09, 5.35513e-09, -132.138, 119.1
1700014942.5794394, -1.35042e-08, 3.02681e-09, 1.21073e-08, 160.146, 119.1
1700014943.7458563, -5.58796e-09, -1.18744e-08, 1.44356e-08, -131.892, 119.1
1700014944.9093304, 8.61479e-09, 6.51929e-09, 1.00118e-08, 30.324, 119.1
1700014946.0854325, 1.16416e-09, -1.11759e-08, 1.16416e-08, -80.79, 119.1
1700014947.2591043, 7.21778e-09, -5.82079e-09, 8.14913e-09, -55.176, 119.1
1700014948.4251623, 1.65311e-08, -2.631e-08, 3.09667e-08, -55.704, 119.1
1700014949.6007526, 0.0, -1.44356e-08, 1.42027e-08, -82.056, 119.1
1700014950.777637, 3.49247e-09, -2.56115e-09, 2.09549e-09, -111.036, 119.1
1700014951.957429, 8.61479e-09, 1.51341e-08, 1.69968e-08, 52.566, 119.1
1700014953.1274717, -1.28057e-08, -2.93368e-08, 3.21309e-08, -114.444, 119.1
1700014954.2937665, -4.42381e-09, -3.09667e-08, 3.02682e-08, -98.94, 119.1
1700014955.460482, 6.98495e-09, -2.53787e-08, 2.67756e-08, -66.0, 119.1
1700014956.634906, -2.56115e-09, -2.09549e-09, 3.02681e-09, -153.438, 119.1
1700014957.8091197, 4.65665e-10, 6.51929e-09, 6.05363e-09, 97.908, 119.1
1700014958.9822035, 1.16416e-08, 1.16416e-09, 1.39699e-08, 5.316, 119.1
1700014960.159313, 5.1223e-09, -1.60654e-08, 1.81609e-08, -69.444, 119.1
1700014961.3482761, -2.32832e-10, -2.37488e-08, 2.28175e-08, -97.884, 119.1
1700014962.5220597, 5.82079e-09, -6.05363e-09, 8.61479e-09, -39.036, 119.1
1700014963.6985211, -1.42027e-08, -2.09549e-09, 1.16416e-08, -165.342, 119.1
1700014964.857669, -7.68347e-09, -7.9163e-09, 9.31328e-09, -121.608, 119.1
1700014966.0216897, 0.0, 6.98495e-09, 7.45064e-09, 129.096, 119.1
1700014967.1981962, 2.32832e-09, -2.56115e-09, 4.65664e-09, -33.69, 119.1
1700014968.3645394, -1.23401e-08, -1.23401e-08, 1.83937e-08, -138.954, 119.1
1700014969.5378277, -4.42381e-09, -9.77894e-09, 8.84762e-09, -118.14, 119.1
1700014970.7200947, 1.09431e-08, 2.32832e-10, 1.51341e-08, -1.146, 119.1
1700014971.897061, -1.30386e-08, -1.86266e-09, 1.51341e-08, -171.174, 119.1
1700014973.067307, 1.30386e-08, -5.35513e-09, 1.51341e-08, -16.422, 119.1
1700014974.2394803, 6.28646e-09, -2.09549e-09, 5.58796e-09, -38.658, 119.1
1700014975.4057245, 1.62982e-09, -1.42027e-08, 1.49013e-08, -84.162, 119.1
1700014976.579017, -9.77894e-09, 9.31328e-09, 1.37371e-08, 136.974, 119.1
1700014977.7452447, 1.07103e-08, 9.3133e-10, 1.04774e-08, 12.426, 119.1
1700014978.9154532, -4.42381e-09, 6.28646e-09, 8.61479e-09, 145.494, 119.1
1700014980.0881321, 7.21778e-09, 5.35513e-09, 8.38196e-09, 45.0, 119.1
1700014981.2718108, -1.18744e-08, -5.82079e-09, 1.21073e-08, -137.34, 119.1
1700014982.4377697, 1.00118e-08, 3.95815e-09, 1.09431e-08, 26.562, 119.1
1700014983.6018293, -9.3133e-10, 3.72532e-09, 4.42381e-09, 123.114, 119.1
1700014984.7777436, 1.46684e-08, -1.60654e-08, 2.4913e-08, -39.57, 119.1
1700014985.944426, -1.00118e-08, -1.18744e-08, 1.42027e-08, -133.53, 119.1
1700014987.110196, -2.56115e-09, -4.88947e-09, 4.19098e-09, -108.432, 119.1
1700014988.293571, -7.21778e-09, -2.46802e-08, 2.53787e-08, -105.252, 119.1
1700014989.456828, 1.65311e-08, -8.84762e-09, 1.90922e-08, -25.116, 119.1
1700014990.6266537, 0.0, 7.68347e-09, 7.45064e-09, 82.032, 119.1
1700014991.8026614, -3.02681e-09, 5.1223e-09, 5.1223e-09, 122.004, 119.1
1700014992.9754765, -6.05363e-09, -3.72532e-09, 6.28646e-09, -120.378, 119.1
1700014994.1427572, 1.16416e-08, 1.28057e-08, 1.81609e-08, 40.062, 119.1
1700014995.326344, -4.88947e-09, 4.88947e-09, 7.45064e-09, 139.842, 119.1
1700014996.501796, 6.98495e-10, 4.19098e-09, 3.95815e-09, 82.566, 119.1
1700014997.6576993, 1.39699e-09, -6.51929e-09, 6.51929e-09, -88.314, 119.1
1700014998.8420854, -3.21309e-08, -6.51929e-09, 3.35278e-08, -162.648, 119.1
1700015000.0179787, -1.11759e-08, -2.0722e-08, 2.30503e-08, -117.504, 119.1
1700015001.188014, -3.72531e-08, -1.51341e-08, 3.91158e-08, -155.838, 119.1
1700015002.365657, -8.84762e-09, -2.46802e-08, 2.60771e-08, -110.016, 119.1
1700015003.5400953, 1.04774e-08, -6.98495e-09, 1.28057e-08, -39.192, 119.1
1700015004.6998804, 1.09431e-08, 2.56115e-09, 9.77894e-09, 9.606, 119.1
1700015005.8666048, -6.98495e-10, -1.67639e-08, 1.60654e-08, -87.588, 119.1
1700015007.0400982, 1.46684e-08, -1.53669e-08, 1.95579e-08, -49.188, 119.1
1700015008.2061017, 9.54611e-09, 7.45064e-09, 9.77894e-09, 34.506, 119.1
1700015009.3829408, -2.60771e-08, -2.09549e-09, 2.53787e-08, -174.066, 119.1
1700015010.5552266, -1.88594e-08, -2.25847e-08, 2.79398e-08, -128.058, 119.1
1700015011.7234156, -3.49247e-09, -4.42381e-09, 5.1223e-09, -140.442, 119.1
1700015012.891991, 7.45064e-09, -1.14088e-08, 1.32714e-08, -56.508, 119.1
1700015014.065237, 2.56115e-09, 7.9163e-09, 6.51929e-09, 102.996, 119.1
1700015015.231925, -1.00118e-08, -1.25729e-08, 1.49013e-08, -124.08, 119.1
1700015016.3951592, -3.25964e-09, 1.18744e-08, 1.14088e-08, 79.176, 119.1
1700015017.5642102, -9.31328e-09, 1.39699e-09, 1.04774e-08, 177.612, 119.1
1700015018.7479076, -6.98495e-10, 1.28057e-08, 1.37371e-08, 106.764, 119.1
1700015019.9136806, 1.44356e-08, 4.19098e-09, 1.55998e-08, 12.996, 119.1
1700015021.0809758, 1.39699e-09, -2.18862e-08, 2.32832e-08, -89.616, 119.1
1700015022.2538543, 6.28646e-09, -1.65311e-08, 1.62983e-08, -78.024, 119.1
1700015023.4127445, 5.82079e-09, -1.32714e-08, 1.53669e-08, -55.98, 119.1
1700015024.5932567, -1.18744e-08, -1.95579e-08, 2.32832e-08, -125.352, 119.1
1700015025.753148, -3.02681e-09, -1.49013e-08, 1.44356e-08, -101.448, 119.1
1700015026.935983, -1.39699e-09, 3.49247e-09, 5.82079e-09, 129.612, 119.1
1700015028.1032891, 4.65664e-09, 1.11759e-08, 1.28057e-08, 42.552, 119.0
1700015029.2824507, 2.2119e-08, 9.3133e-10, 2.2119e-08, 3.132, 119.0
1700015030.4620552, -1.30386e-08, -1.35042e-08, 1.81609e-08, -134.244, 119.0
1700015031.625373, -9.31328e-09, -2.00235e-08, 2.23519e-08, -119.796, 119.0
1700015032.8020833, -1.42027e-08, -1.30386e-08, 1.69968e-08, -130.974, 119.0
1700015033.9677184, 1.21073e-08, -1.02446e-08, 1.60654e-08, -40.128, 119.0
1700015035.1442065, 1.16416e-08, -4.88947e-09, 1.35042e-08, -7.122, 119.0
1700015036.3172789, -1.39699e-09, -1.42027e-08, 1.42027e-08, -87.138, 119.0
1700015037.476589, -1.65311e-08, 4.42381e-09, 1.51341e-08, 153.15, 119.0
1700015038.6699798, -7.21778e-09, -2.93368e-08, 2.98025e-08, -101.688, 119.0
1700015039.8426106, -2.32832e-09, -1.25729e-08, 1.32714e-08, -106.77, 119.0
1700015041.0098217, 1.28057e-08, -6.51929e-09, 1.04774e-08, -31.8, 119.0
1700015042.17591, 2.2119e-08, -4.88947e-09, 2.09549e-08, -8.784, 119.0
1700015043.3484447, -1.72296e-08, 1.67639e-08, 2.53787e-08, 137.904, 119.0
1700015044.5187542, 1.39699e-09, -6.98495e-10, 4.88947e-09, 48.504, 119.0
1700015045.6870794, 3.23637e-08, -1.67639e-08, 3.56233e-08, -28.356, 119.0
1700015046.8553023, 3.49247e-09, 1.21073e-08, 1.28057e-08, 107.526, 119.0
1700015048.0419412, -1.42027e-08, -1.18744e-08, 1.49013e-08, -128.466, 119.0
1700015049.2078784, -4.88947e-09, -2.02564e-08, 2.16534e-08, -113.304, 119.0
1700015050.374478, 2.56115e-09, -2.91039e-08, 2.93368e-08, -87.426, 119.0
1700015051.5446522, -1.02446e-08, 5.1223e-09, 9.77894e-09, 145.008, 119.0
1700015052.714007, -1.53669e-08, -1.81609e-08, 2.0722e-08, -128.994, 119.0
1700015053.8778524, 5.1223e-09, -4.88947e-09, 7.68347e-09, -34.02, 119.0
1700015055.04027, 1.74624e-08, 2.30503e-08, 2.67756e-08, 56.412, 119.0
1700015056.2041285, 2.53787e-08, -3.02681e-09, 2.65428e-08, -3.792, 119.0
1700015057.3769178, -1.04774e-08, 6.28646e-09, 1.51341e-08, 159.906, 119.0
1700015058.546727, 7.45064e-09, 1.44356e-08, 1.49013e-08, 72.846, 119.0
1700015059.7134535, -4.40052e-08, -6.51929e-09, 4.21426e-08, -171.288, 119.0
1700015060.8792138, 1.62982e-09, 1.74624e-08, 1.74624e-08, 78.894, 119.0
1700015062.0622723, 1.04774e-08, -1.16416e-09, 8.38196e-09, -15.018, 119.0
1700015063.229427, 2.2119e-08, 1.02446e-08, 2.28175e-08, 29.796, 119.0
1700015064.411702, -1.18744e-08, 1.93251e-08, 2.18862e-08, 117.324, 119.0
1700015065.5781703, -1.25729e-08, -3.4692e-08, 3.56233e-08, -110.712, 119.0
1700015066.7519104, -3.30622e-08, -1.11759e-08, 3.63218e-08, -156.834, 119.0
1700015067.9332316, -1.86266e-09, 8.14913e-09, 8.38196e-09, 77.694, 119.0
1700015069.0977738, 1.86266e-08, -3.49247e-09, 1.81609e-08, -15.468, 119.0
1700015070.2802274, -2.60771e-08, 2.67756e-08, 3.79516e-08, 138.264, 119.0
1700015071.4502583, -1.62983e-08, -1.83937e-08, 2.3516e-08, -135.864, 119.0
1700015072.6206777, -2.32832e-09, 3.25964e-09, 3.49247e-09, 93.18, 119.0
1700015073.7902417, 7.68347e-09, -1.21073e-08, 1.51341e-08, -58.626, 119.0
1700015074.9531252, 1.62982e-09, 8.14913e-09, 7.9163e-09, 81.252, 119.0
1700015076.1091607, -4.88947e-09, 2.56115e-09, 4.65664e-09, 161.568, 119.0
1700015077.2891638, 1.32714e-08, -1.00118e-08, 1.76952e-08, -38.658, 119.0
1700015078.4529245, 2.09549e-08, 3.86501e-08, 4.4238e-08, 60.042, 119.0
1700015079.6225176, -2.0722e-08, -2.67756e-08, 3.21309e-08, -122.754, 119.0
1700015080.7852306, 5.58796e-09, -1.86266e-08, 2.2119e-08, -61.296, 119.0
1700015081.9521284, -1.72296e-08, -4.00471e-08, 4.33067e-08, -111.468, 119.0
1700015083.1180036, -1.42027e-08, -4.12113e-08, 4.05128e-08, -111.942, 119.0
1700015084.2850869, 1.16416e-08, 1.97907e-08, 2.3516e-08, 63.438, 119.0
1700015085.4548752, -8.38196e-09, -3.58561e-08, 3.93486e-08, -103.806, 119.0
1700015086.6215913, 2.04892e-08, -3.72532e-09, 2.16534e-08, 2.622, 119.0
1700015087.8005729, 5.82079e-09, -5.56468e-08, 5.21543e-08, -93.42, 119.0
1700015088.9667675, 2.86383e-08, 4.07456e-08, 5.23871e-08, 50.724, 119.0
1700015090.1302414, -1.16416e-09, 9.3133e-10, 2.09549e-09, 71.568, 119.0
1700015091.3067982, -1.35042e-08, 3.02681e-09, 1.28057e-08, 172.17, 119.0
1700015092.4729974, 5.35513e-09, -6.05363e-09, 6.98495e-09, -75.144, 119.0
1700015093.6295514, 3.49247e-09, 6.28646e-09, 7.21778e-09, 79.992, 119.0
1700015094.79584, -1.09431e-08, 2.09549e-09, 1.00118e-08, 164.052, 119.0
1700015095.9630442, 5.58796e-09, -5.82079e-09, 8.61479e-09, -50.628, 119.0
1700015097.139303, -4.65665e-10, -1.62982e-09, 2.56115e-09, -30.966, 119.0
1700015098.3156734, -7.21778e-09, -1.25729e-08, 1.44356e-08, -131.574, 119.0
1700015099.489312, -1.65311e-08, -6.98495e-10, 1.69968e-08, -171.414, 119.0
1700015100.6579533, -1.23401e-08, -1.69968e-08, 1.97907e-08, -111.072, 119.0
1700015101.8219514, 1.16416e-09, 9.31328e-09, 1.00118e-08, 81.57, 119.0
1700015102.9916165, -1.14088e-08, -4.65665e-10, 1.07103e-08, -159.342, 119.0
1700015104.1678565, -4.65664e-09, -2.42145e-08, 2.51458e-08, -102.888, 119.0
1700015105.3378558, -1.02446e-08, -8.38196e-09, 1.28057e-08, -140.196, 119.0
1700015106.5035868, -6.98495e-10, -1.88594e-08, 1.95579e-08, -83.346, 119.0
1700015107.6831865, 1.07103e-08, 2.2119e-08, 2.60771e-08, 65.082, 119.0
1700015108.853873, 7.21778e-09, 1.39699e-08, 1.58326e-08, 52.566, 119.0
1700015110.029395, 8.84762e-09, -5.82079e-09, 1.09431e-08, -15.678, 119.0
1700015111.2029788, 2.79398e-09, -3.95815e-09, 3.72532e-09, -112.932, 119.0
1700015112.3795843, 4.65664e-09, -2.44473e-08, 2.56115e-08, -68.478, 119.0
1700015113.5494702, 2.56115e-08, -1.65311e-08, 3.02682e-08, -29.994, 119.0
1700015114.7121644, -6.75212e-09, -6.75212e-09, 1.04774e-08, -140.412, 119.0
1700015115.8781524, 3.95815e-09, -2.00235e-08, 1.93251e-08, -74.61, 119.0
1700015117.0545077, -2.3516e-08, -1.04774e-08, 2.32832e-08, -153.612, 119.0
1700015118.219312, 2.56115e-09, 1.28057e-08, 1.32714e-08, 107.1, 119.0
1700015119.401397, 1.65311e-08, 6.98495e-09, 2.0722e-08, 18.3, 119.0
1700015120.5741572, 7.45064e-09, 1.58326e-08, 1.69968e-08, 71.046, 118.9
1700015121.751378, -7.21778e-09, 1.72296e-08, 1.95579e-08, 117.474, 118.9
1700015122.9166586, 1.74624e-08, 1.16416e-08, 1.86266e-08, 31.842, 118.9
1700015124.0837495, -9.54611e-09, -2.04892e-08, 2.2119e-08, -119.802, 118.9
1700015125.2568214, -2.95696e-08, -3.56233e-08, 4.58679e-08, -132.756, 118.9
1700015126.4296844, -7.68347e-09, -1.76952e-08, 2.09549e-08, -112.548, 118.9
1700015127.6061099, -8.38196e-09, -3.51577e-08, 3.49248e-08, -108.168, 118.9
1700015128.7732882, -1.62982e-09, -2.37488e-08, 2.51458e-08, -83.418, 118.9
1700015129.9422126, 1.16416e-09, -3.25964e-09, 3.72532e-09, -88.152, 118.9
1700015131.116225, -3.02681e-09, -2.32832e-10, 1.86266e-09, 174.804, 118.9
1700015132.2819712, 6.98495e-09, -1.86266e-09, 4.65664e-09, -34.698, 118.9
1700015133.447858, 1.86266e-09, 0.0, 1.62982e-09, -10.308, 118.9
1700015134.614755, 7.21778e-09, 1.16416e-08, 1.32714e-08, 76.476, 118.9
1700015135.7863307, -2.28175e-08, -1.25729e-08, 3.16652e-08, -149.88, 118.9
1700015136.9682302, 1.86266e-09, -2.88711e-08, 2.7707e-08, -90.348, 118.9
1700015138.1416292, -6.98495e-10, -2.00235e-08, 1.93251e-08, -83.178, 118.9
1700015139.300613, 1.28057e-08, -6.98495e-09, 1.35042e-08, -33.294, 118.9
1700015140.4806812, -6.98495e-10, 1.32714e-08, 1.32714e-08, 82.692, 118.9
1700015141.6569557, 1.23401e-08, 8.61479e-09, 1.32714e-08, 29.826, 118.9
1700015142.8374467, -4.19098e-09, -2.0722e-08, 2.04892e-08, -107.07, 118.9
1700015144.0142937, 1.46684e-08, -1.28057e-08, 2.25847e-08, -34.23, 118.9
1700015145.1791925, 5.1223e-09, -2.46802e-08, 2.4913e-08, -67.41, 118.8
1700015146.3524837, 1.25729e-08, 9.3133e-10, 1.18744e-08, -2.262, 118.8
1700015147.5193355, -1.00118e-08, 1.55998e-08, 1.74624e-08, 119.478, 118.8
1700015148.6892676, 5.58796e-09, -1.07103e-08, 1.28057e-08, -53.394, 118.8
1700015149.8491435, 5.1223e-09, -1.62982e-09, 6.98495e-09, -5.574, 118.8
1700015151.0118425, -2.58443e-08, -1.18744e-08, 2.51458e-08, -155.556, 118.8
1700015152.1879604, -6.05363e-09, -3.30622e-08, 3.4692e-08, -98.916, 118.8
1700015153.3582857, 1.51341e-08, 1.74624e-08, 2.51458e-08, 56.208, 118.8
1700015154.5273373, -2.56115e-09, -6.98495e-10, 1.16416e-09, -90.0, 118.8
1700015155.7104826, 1.16416e-08, -3.11995e-08, 3.21309e-08, -75.288, 118.8
1700015156.877068, 1.46684e-08, 8.14913e-09, 1.62983e-08, 22.008, 118.8
1700015158.047199, -2.65428e-08, 1.53669e-08, 2.74741e-08, 138.486, 118.8
1700015159.2174063, -2.56115e-09, -2.25847e-08, 2.39817e-08, -96.876, 118.8
1700015160.3930686, 1.58326e-08, -2.51458e-08, 3.11995e-08, -55.842, 118.8
1700015161.5599687, -5.35513e-09, -3.72532e-09, 8.14913e-09, -151.146, 118.8
1700015162.7259016, 2.09549e-09, -1.30386e-08, 1.28057e-08, -60.438, 118.8
1700015163.8893323, 2.58443e-08, -4.88947e-09, 2.86383e-08, -4.452, 118.8
1700015165.0526574, -1.49013e-08, -1.42027e-08, 1.93251e-08, -142.716, 118.8
1700015166.2357342, 2.79398e-09, -1.28057e-08, 1.07103e-08, -76.506, 118.8
1700015167.4087703, -1.46684e-08, 1.30386e-08, 1.95579e-08, 143.55, 118.8
1700015168.5755193, 7.45064e-09, -2.81726e-08, 3.00354e-08, -82.038, 118.8
1700015169.7613819, 1.16416e-09, -1.69968e-08, 1.74624e-08, -67.122, 118.8
1700015170.9317307, 8.61479e-09, -1.37371e-08, 1.60654e-08, -47.028, 118.8
1700015172.117645, 2.51458e-08, 1.44356e-08, 2.56115e-08, 24.246, 118.8
1700015173.2814996, -9.77894e-09, -5.82079e-09, 9.77894e-09, -166.2, 118.8
1700015174.4622939, 1.86266e-09, -6.98495e-10, 2.32832e-09, 75.966, 118.8
1700015175.6306934, 6.28646e-09, 5.21543e-08, 5.30856e-08, 79.014, 118.8
1700015176.8066158, 2.09549e-09, 1.09431e-08, 1.28057e-08, 75.582, 118.8
1700015177.9836493, 3.49247e-09, 1.21073e-08, 1.44356e-08, 79.854, 118.8
1700015179.1527338, 2.00235e-08, -2.16534e-08, 2.95696e-08, -45.696, 118.8
1700015180.3259938, -2.79398e-09, -4.42381e-09, 3.95815e-09, -113.964, 118.8
1700015181.4993885, -3.72532e-09, 1.35042e-08, 1.51341e-08, 110.556, 118.8
1700015182.6663582, 4.65665e-10, -1.30386e-08, 1.39699e-08, -84.624, 118.8
1700015183.8392677, -1.53669e-08, -1.86266e-08, 2.39817e-08, -140.682, 118.8
1700015185.0219285, 2.25847e-08, 2.7707e-08, 3.53905e-08, 48.972, 118.8
1700015186.1885726, -1.95579e-08, 1.62982e-09, 1.69968e-08, 171.21, 118.8
1700015187.3619714, 2.79398e-09, -2.58443e-08, 2.70085e-08, -83.208, 118.8
1700015188.5316803, -1.72296e-08, -1.60654e-08, 2.2119e-08, -135.312, 118.8
1700015189.7012608, 4.88947e-09, -2.14205e-08, 2.02564e-08, -81.54, 118.8
1700015190.8804123, -1.25729e-08, 7.21778e-09, 1.42027e-08, 141.612, 118.8
1700015192.070472, 1.39699e-09, 1.35042e-08, 1.32714e-08, 81.774, 118.8
1700015193.2442849, 2.32832e-09, 1.69968e-08, 1.55998e-08, 82.65, 118.8
1700015194.4171553, 6.98495e-10, -9.54611e-09, 1.25729e-08, -90.666, 118.7
1700015195.5926661, -1.81609e-08, -2.14205e-08, 2.81726e-08, -133.074, 118.7
1700015196.749553, -8.14913e-09, -7.21778e-09, 1.00118e-08, -127.878, 118.7
1700015197.9363992, 2.53787e-08, 4.65664e-09, 2.51458e-08, 6.18, 118.7
1700015199.1087146, 3.39935e-08, -1.95579e-08, 3.7486e-08, -28.404, 118.8
1700015200.2782545, -7.68347e-09, -1.35042e-08, 1.53669e-08, -119.358, 118.8
1700015201.4519563, -3.98143e-08, -2.09549e-09, 3.95814e-08, -171.33, 118.7
1700015202.6317422, -1.32714e-08, -8.38196e-09, 1.76952e-08, -145.464, 118.7
1700015203.792012, -6.98495e-10, 7.45064e-09, 9.08045e-09, 84.288, 118.7
1700015204.9518423, 1.00118e-08, 5.82079e-09, 1.16416e-08, 42.108, 118.7
1700015206.1178093, 1.62982e-09, 9.54611e-09, 8.38196e-09, 78.18, 118.7
1700015207.2938929, -5.82079e-09, -7.21778e-09, 7.45064e-09, -124.116, 118.7
1700015208.4640179, 8.61479e-09, -9.77894e-09, 1.51341e-08, -45.0, 118.7
1700015209.6434596, 4.65664e-09, 4.88947e-09, 6.98495e-09, 35.094, 118.7
1700015210.8138742, 2.56115e-09, 2.32832e-09, 3.95815e-09, 9.162, 118.7
1700015211.9833484, 1.16416e-08, -3.72532e-09, 8.61479e-09, -40.362, 118.7
1700015213.1589413, 1.09431e-08, 8.84762e-09, 1.46684e-08, 35.688, 118.7
1700015214.3399646, 2.84055e-08, 2.56115e-08, 3.81845e-08, 40.68, 118.7
1700015215.4987113, 5.1223e-09, -7.68347e-09, 1.23401e-08, -51.03, 118.7
1700015216.6663313, 0.0, -1.39699e-09, 2.79398e-09, -17.748, 118.7
1700015217.8419726, -1.11759e-08, 0.0, 1.49013e-08, -175.134, 118.7
1700015219.001877, 1.32714e-08, -1.04774e-08, 1.93251e-08, -35.196, 118.7
1700015220.1920474, 4.65664e-09, 1.23401e-08, 1.37371e-08, 63.714, 118.7
1700015221.3679836, -2.58443e-08, -2.91039e-08, 3.7486e-08, -128.172, 118.7
1700015222.5420575, -6.51929e-09, 2.86383e-08, 3.14324e-08, 108.342, 118.7
1700015223.7143066, -3.49247e-09, 6.51929e-09, 6.51929e-09, 86.31, 118.7
1700015224.8809314, -2.32832e-09, 1.23401e-08, 1.14088e-08, 95.79, 118.7
1700015226.0536883, -2.09549e-09, -1.49013e-08, 1.65311e-08, -88.92, 118.7
1700015227.237021, -2.28175e-08, -1.14088e-08, 2.4913e-08, -157.704, 118.7
1700015228.4064732, 3.25964e-09, 1.39699e-09, 2.09549e-09, -60.642, 118.7
1700015229.5725842, 8.84762e-09, -2.79398e-08, 3.1898e-08, -79.266, 118.7
1700015230.732551, 2.44473e-08, -2.42145e-08, 3.4692e-08, -46.68, 118.7
1700015231.9058514, 1.32714e-08, -6.05363e-09, 1.51341e-08, -11.688, 118.7
1700015233.0726573, -3.02681e-09, 1.93251e-08, 2.0722e-08, 98.442, 118.7
1700015234.2549002, 2.32832e-08, 1.04774e-08, 1.93251e-08, 24.888, 118.7
1700015235.4319305, 1.67639e-08, -1.39699e-09, 1.51341e-08, -10.782, 118.7
1700015236.601921, -2.56115e-08, 2.56115e-09, 2.631e-08, 171.144, 118.7
1700015237.7782502, 1.32714e-08, -2.79398e-08, 3.14324e-08, -63.702, 118.7
1700015238.9447327, -8.38196e-09, -3.81845e-08, 3.91158e-08, -99.702, 118.7
1700015240.1174257, -2.32832e-09, -1.81609e-08, 1.90922e-08, -110.856, 118.7
1700015241.2844212, 4.65664e-09, -2.02564e-08, 2.28175e-08, -68.274, 118.7
1700015242.4507427, 5.82079e-09, 2.32832e-09, 2.79398e-09, 104.934, 118.7
1700015243.6100347, 9.77894e-09, 2.88711e-08, 3.00354e-08, 73.782, 118.7
1700015244.786964, -3.14324e-08, -2.81726e-08, 4.12113e-08, -137.958, 118.7
1700015245.9592648, -1.25729e-08, -1.35042e-08, 1.67639e-08, -119.82, 118.7
1700015247.126514, -1.18744e-08, 1.11759e-08, 1.90922e-08, 136.908, 118.7
1700015248.294064, 3.49247e-09, 8.38196e-09, 8.14913e-09, 54.06, 118.7
1700015249.4693706, -1.86266e-08, -1.23401e-08, 2.32832e-08, -142.308, 118.7
1700015250.65204, -2.42145e-08, -2.00235e-08, 2.98025e-08, -143.262, 118.7
1700015251.8192606, 1.07103e-08, 2.56115e-09, 1.16416e-08, 8.346, 118.7
1700015252.9852498, -4.65665e-10, 9.31328e-09, 9.08045e-09, 59.382, 118.6
1700015254.1579525, -1.23401e-08, -1.72296e-08, 2.09549e-08, -112.764, 118.6
1700015255.33197, -1.42027e-08, -1.02446e-08, 1.74624e-08, -154.176, 118.6
1700015256.5018532, -3.53905e-08, -6.28646e-09, 3.4692e-08, -173.748, 118.6
1700015257.6781607, 3.37607e-08, -6.98495e-10, 3.63218e-08, 1.278, 118.6
1700015258.8539639, 3.02681e-09, 1.09431e-08, 1.04774e-08, 64.572, 118.6
1700015260.0333729, 6.98495e-09, -2.72413e-08, 2.91039e-08, -80.538, 118.6
1700015261.206646, 2.37488e-08, -1.42027e-08, 2.631e-08, -36.942, 118.6
1700015262.3801062, 2.16534e-08, -1.16416e-08, 2.56115e-08, -32.76, 118.6
1700015263.5467417, -6.28646e-09, 1.74624e-08, 1.93251e-08, 116.784, 118.6
1700015264.713359, -1.79281e-08, 2.32832e-08, 2.56115e-08, 131.148, 118.6
1700015265.8791895, -1.86266e-09, -9.77894e-09, 7.68347e-09, -111.45, 118.6
1700015267.0560384, -1.00118e-08, -2.04892e-08, 2.04892e-08, -108.606, 118.6
1700015268.2391696, -7.45064e-09, -1.69968e-08, 2.09549e-08, -116.94, 118.6
1700015269.4151506, -7.45064e-09, -1.76952e-08, 2.25847e-08, -119.598, 118.6
1700015270.5882876, -1.67639e-08, -1.23401e-08, 2.4913e-08, -149.034, 118.6
1700015271.7545438, 1.62982e-09, -1.35042e-08, 1.44356e-08, -73.716, 118.6
1700015272.9284894, 3.02682e-08, -2.4913e-08, 4.44709e-08, -33.228, 118.6
1700015274.0943468, -1.39699e-09, -5.58796e-09, 5.1223e-09, -127.476, 118.6
1700015275.2605233, 0.0, -6.98495e-09, 6.75212e-09, -66.798, 118.6
1700015276.4301822, 1.97907e-08, -4.19098e-09, 1.83937e-08, -17.694, 118.6
1700015277.5933006, -5.35513e-09, 2.30503e-08, 2.32832e-08, 97.698, 118.6
1700015278.793059, -1.46684e-08, -2.46802e-08, 3.02682e-08, -120.696, 118.6
1700015279.9566934, -1.35042e-08, -3.42263e-08, 3.77188e-08, -115.572, 118.6
1700015281.129969, -2.4913e-08, -1.30386e-08, 2.7707e-08, -149.64, 118.6
1700015282.3090591, -8.38196e-09, -2.23519e-08, 2.25847e-08, -112.854, 118.6
1700015283.4789143, -8.84762e-09, -1.55998e-08, 1.58326e-08, -128.562, 118.5
1700015284.6419506, 5.35513e-09, -1.11759e-08, 1.18744e-08, -50.196, 118.5
1700015285.8089807, -1.86266e-09, -2.32832e-08, 2.44473e-08, -98.892, 118.5
1700015286.975496, -1.55998e-08, -6.51929e-09, 1.37371e-08, -162.9, 118.6
1700015288.1450958, -1.30386e-08, 3.95815e-09, 1.55998e-08, 167.346, 118.5
1700015289.3210828, 1.09431e-08, 1.44356e-08, 2.09549e-08, 41.184, 118.6
1700015290.4842849, 2.74741e-08, 2.16534e-08, 3.51577e-08, 35.91, 118.6
1700015291.651413, -5.1223e-09, -1.23401e-08, 1.30386e-08, -109.476, 118.6
1700015292.8237948, -1.86266e-09, -3.02681e-09, 4.65664e-09, -119.25, 118.6
1700015293.9802427, -6.28646e-09, 0.0, 5.82079e-09, -175.236, 118.6
