1697248984.7569199, 0.000146152, 3.31404e-05, 0.000150443, 12.3, 294.9
1697248985.9527237, 0.000145675, 3.21867e-05, 0.000147582, 12.936, 294.9
1697248987.146378, 0.000145198, 3.43325e-05, 0.000148774, 12.846, 294.9
1697248988.3417742, 0.000144959, 3.43325e-05, 0.000150681, 12.426, 294.9
1697248989.5272624, 0.000145198, 3.40941e-05, 0.000151397, 12.594, 294.9
1697248990.7158635, 0.000145675, 3.31404e-05, 0.000150443, 12.324, 294.9
1697248991.900895, 0.00014639, 3.33788e-05, 0.000150443, 12.558, 294.9
1697248993.1042404, 0.00014782, 3.19483e-05, 0.000148774, 13.236, 294.9
1697248994.3113236, 0.000144959, 3.33788e-05, 0.00015092, 12.366, 294.9
1697248995.501844, 0.000148059, 3.2902e-05, 0.000149966, 12.906, 294.9
1697248996.6973784, 0.000145198, 3.40941e-05, 0.000148774, 13.596, 294.9
1697248997.8979323, 0.000146152, 3.45709e-05, 0.000151158, 12.474, 294.9
1697248999.17496, 0.000145198, 3.21867e-05, 0.000148536, 13.056, 294.9
1697249000.3657115, 0.000149013, 3.26636e-05, 0.000149966, 13.602, 294.9
1697249001.5593884, 0.000147701, 3.18887e-05, 0.000149013, 13.338, 294.9
1697249002.7420428, 0.000146092, 3.5763e-05, 0.00015241, 12.744, 294.9
1697249003.9404829, 0.000144304, 3.53458e-05, 0.000150085, 12.576, 294.9
1697249005.131567, 0.000146688, 3.38557e-05, 0.000149787, 13.458, 294.9
1697249006.3201418, 0.000145198, 3.49286e-05, 0.000151099, 12.462, 294.9
1697249007.5239663, 0.000147463, 3.18887e-05, 0.000150145, 12.894, 294.9
1697249008.7165089, 0.000147105, 3.3498e-05, 0.000151516, 12.816, 294.8
1697249009.9135337, 0.000146688, 3.30212e-05, 0.000148357, 13.446, 294.8
1697249011.0998728, 0.000145496, 3.48093e-05, 0.000150085, 13.116, 294.8
1697249012.283915, 0.000147224, 3.15311e-05, 0.000149668, 11.838, 294.8
1697249013.483658, 0.000145913, 3.44517e-05, 0.000151576, 12.696, 294.7
1697249014.663587, 0.000147403, 3.39153e-05, 0.00014943, 13.434, 294.7
1697249015.873865, 0.000147105, 3.11139e-05, 0.000150324, 12.57, 294.6
1697249017.0604646, 0.000144185, 3.36769e-05, 0.000147761, 13.134, 294.6
1697249018.2524216, 0.000146807, 3.20675e-05, 0.000148178, 13.344, 294.5
1697249019.4454353, 0.000147284, 3.0935e-05, 0.000148357, 12.984, 294.4
1697249020.6424723, 0.000144602, 3.3498e-05, 0.00014782, 12.996, 294.3
1697249021.8287313, 0.000145734, 3.28424e-05, 0.000147999, 13.404, 294.2
1697249023.0099604, 0.00014794, 3.12927e-05, 0.000149072, 12.888, 294.1
1697249024.210877, 0.000145734, 3.42729e-05, 0.000149311, 12.498, 293.9
1697249025.4001555, 0.000146032, 3.46901e-05, 0.000151516, 12.294, 293.8
1697249026.594791, 0.000148536, 3.28424e-05, 0.000150503, 13.002, 293.7
1697249027.7793653, 0.000145555, 3.30212e-05, 0.000151456, 11.85, 293.5
1697249028.9703553, 0.000147224, 3.41537e-05, 0.000150681, 12.654, 293.4
1697249030.1638541, 0.000148118, 3.11735e-05, 0.000149549, 13.164, 293.2
1697249031.3590298, 0.000144721, 3.42729e-05, 0.00014943, 13.02, 293.1
1697249032.5406673, 0.000145794, 3.41537e-05, 0.000149847, 13.512, 292.9
1697249033.7305932, 0.000146926, 3.45709e-05, 0.000150562, 12.618, 292.7
1697249034.9250693, 0.000146032, 3.5763e-05, 0.00015235, 12.672, 292.5
1697249036.1174135, 0.000146092, 3.30808e-05, 0.000151456, 12.174, 292.4
1697249037.3131423, 0.000146271, 3.27828e-05, 0.000147344, 13.356, 292.2
1697249038.5052054, 0.000146211, 3.52862e-05, 0.000150681, 13.698, 292.0
1697249039.6922798, 0.000145138, 3.37961e-05, 0.000149966, 13.2, 291.9
1697249040.8861783, 0.000144483, 3.37961e-05, 0.000150801, 12.018, 291.7
1697249042.0820744, 0.000145675, 3.50478e-05, 0.000148953, 12.924, 291.6
1697249043.2697651, 0.000148416, 3.21271e-05, 0.000149132, 13.344, 291.4
1697249044.4532723, 0.000148178, 3.09946e-05, 0.00014943, 12.636, 291.3
1697249045.6478755, 0.000145853, 3.28424e-05, 0.000148297, 13.092, 291.1
1697249046.8382957, 0.000145377, 3.58822e-05, 0.000150205, 13.188, 291.0
1697249048.0279555, 0.000146092, 3.39749e-05, 0.00015235, 12.564, 290.9
1697249049.217078, 0.000146032, 3.24252e-05, 0.000151039, 11.982, 290.7
1697249050.4239821, 0.000146748, 3.24252e-05, 0.000151278, 12.108, 290.6
1697249051.6094284, 0.000145436, 3.49286e-05, 0.000150681, 12.438, 290.4
1697249052.7958322, 0.000145853, 3.58226e-05, 0.000152052, 12.996, 290.3
1697249053.992889, 0.000148715, 3.18887e-05, 0.000151456, 12.636, 290.1
1697249055.176271, 0.000148118, 3.05178e-05, 0.000149728, 12.654, 290.0
1697249056.3710308, 0.000147224, 3.07562e-05, 0.000148595, 12.822, 289.8
1697249057.557469, 0.000144721, 3.39749e-05, 0.000148655, 13.188, 289.7
1697249058.7551277, 0.000145317, 3.42729e-05, 0.000149191, 11.988, 289.6
1697249059.951789, 0.000147403, 3.25444e-05, 0.000148536, 13.206, 289.5
1697249061.145399, 0.000144602, 3.50478e-05, 0.000150085, 13.206, 289.3
1697249062.3405416, 0.000146986, 3.40941e-05, 0.000150562, 12.312, 289.2
1697249063.5191693, 0.000146807, 3.51074e-05, 0.000152052, 12.426, 289.1
1697249064.7152364, 0.000147224, 3.27232e-05, 0.000150085, 12.24, 289.0
1697249065.8990932, 0.000147224, 3.30808e-05, 0.000150801, 12.264, 288.8
1697249067.0991194, 0.000145377, 3.31404e-05, 0.000148715, 13.032, 288.7
1697249068.2917686, 0.000145555, 3.39749e-05, 0.000151635, 12.0, 288.5
1697249069.4894395, 0.000147284, 3.11735e-05, 0.000150145, 12.732, 288.4
1697249070.6750708, 0.000147701, 3.06966e-05, 0.000149668, 12.636, 288.3
1697249071.864577, 0.00014639, 3.18887e-05, 0.000149251, 13.164, 288.2
1697249073.0537875, 0.000145853, 3.25444e-05, 0.000149907, 12.852, 288.0
1697249074.2378767, 0.000145496, 3.42133e-05, 0.000151337, 13.068, 287.9
1697249075.4283457, 0.000145973, 3.46305e-05, 0.000151039, 12.888, 287.8
1697249076.630146, 0.000146867, 3.21271e-05, 0.000149787, 13.212, 287.6
1697249077.8250108, 0.000146628, 3.30212e-05, 0.000151576, 12.942, 287.5
1697249079.0063715, 0.000146032, 3.42729e-05, 0.000151754, 12.648, 287.4
1697249080.1992314, 0.00014639, 3.39749e-05, 0.000151635, 12.216, 287.3
1697249081.3817554, 0.00014645, 3.60014e-05, 0.00015235, 12.96, 287.1
1697249082.5747962, 0.000147999, 3.43921e-05, 0.000151099, 12.702, 287.1
1697249083.7759137, 0.000146807, 3.49882e-05, 0.000150801, 13.398, 286.9
1697249084.9753475, 0.000147463, 3.26636e-05, 0.000151754, 13.116, 286.8
1697249086.1693468, 0.000147165, 3.39749e-05, 0.000150443, 13.236, 286.7
1697249087.365965, 0.000149072, 3.32596e-05, 0.000152112, 12.984, 286.5
1697249088.5587451, 0.000146986, 3.36769e-05, 0.000150264, 13.374, 286.4
1697249089.758972, 0.000149013, 3.32596e-05, 0.000152946, 12.492, 286.3
1697249090.9484773, 0.000148476, 3.27232e-05, 0.000150443, 13.62, 286.2
1697249092.1445146, 0.000146986, 3.44517e-05, 0.000152887, 12.672, 286.0
1697249093.3354902, 0.000147761, 3.29616e-05, 0.000150085, 13.662, 286.0
1697249094.535301, 0.000148715, 3.58226e-05, 0.000153781, 12.912, 285.8
1697249095.7378142, 0.000147642, 3.49882e-05, 0.000151099, 13.626, 285.7
1697249096.9237168, 0.000147522, 3.55842e-05, 0.000152827, 13.266, 285.6
1697249098.119754, 0.000150503, 3.33192e-05, 0.00015092, 13.716, 285.4
1697249099.3146021, 0.000147403, 3.63591e-05, 0.000152291, 13.422, 285.3
1697249100.5130198, 0.000148536, 3.43921e-05, 0.0001539, 13.566, 285.2
1697249101.7106643, 0.000147642, 3.5763e-05, 0.000153483, 12.84, 285.1
1697249102.9047582, 0.000150085, 3.24848e-05, 0.000151099, 13.2, 285.0
1697249104.1038218, 0.000146569, 3.55842e-05, 0.000153185, 12.432, 284.8
1697249105.2964504, 0.00014943, 3.29616e-05, 0.000150741, 13.638, 284.7
1697249106.4866295, 0.000146748, 3.53458e-05, 0.000151993, 13.152, 284.6
1697249107.676825, 0.000148178, 3.40941e-05, 0.000153185, 12.366, 284.5
1697249108.859008, 0.000148357, 3.37961e-05, 0.000154675, 11.964, 284.4
1697249110.0486064, 0.000148416, 3.31404e-05, 0.000152887, 12.258, 284.2
1697249111.2382867, 0.000147999, 3.27828e-05, 0.000149907, 13.236, 284.1
1697249112.4251175, 0.000147463, 3.50478e-05, 0.000150622, 13.698, 284.0
1697249113.6143057, 0.000147344, 3.55842e-05, 0.000152946, 12.798, 283.9
1697249114.7988997, 0.000147999, 3.64783e-05, 0.000153423, 12.936, 283.8
1697249115.9924886, 0.000150205, 3.33788e-05, 0.000152112, 13.656, 283.6
1697249117.185566, 0.000148953, 3.53458e-05, 0.000152291, 13.704, 283.5
1697249118.3907795, 0.000150145, 3.37961e-05, 0.000152112, 13.848, 283.4
1697249119.583413, 0.000148238, 3.55842e-05, 0.000153483, 12.822, 283.3
1697249120.771958, 0.000147999, 3.61803e-05, 0.000153721, 12.732, 283.2
1697249121.9666991, 0.000147463, 3.42133e-05, 0.000154139, 11.97, 283.1
1697249123.1598325, 0.00014943, 3.37365e-05, 0.000155033, 12.222, 282.9
1697249124.3586266, 0.00015092, 3.26636e-05, 0.00015235, 12.972, 282.8
1697249125.551382, 0.000150443, 3.30212e-05, 0.000151099, 13.278, 282.7
1697249126.7643914, 0.000149787, 3.38557e-05, 0.000154437, 12.402, 282.6
1697249127.957553, 0.000149966, 3.36173e-05, 0.000151933, 13.524, 282.4
1697249129.1474295, 0.000149847, 3.27232e-05, 0.000151874, 13.266, 282.3
1697249130.3423636, 0.000150324, 3.28424e-05, 0.000152231, 13.542, 282.2
1697249131.5233517, 0.000151337, 3.27828e-05, 0.000151814, 13.254, 282.1
1697249132.7212548, 0.000151099, 3.27232e-05, 0.000152768, 13.266, 282.0
1697249133.9056354, 0.000150205, 3.3498e-05, 0.000152946, 12.858, 281.8
1697249135.1004338, 0.000150443, 3.27232e-05, 0.000152291, 13.242, 281.7
1697249136.2892215, 0.000150324, 3.29616e-05, 0.000152172, 13.518, 281.6
1697249137.4773922, 0.000150503, 3.21867e-05, 0.000152052, 12.75, 281.5
1697249138.6585045, 0.000150681, 3.45709e-05, 0.000154913, 12.396, 281.4
1697249139.8484027, 0.000148416, 3.52862e-05, 0.000154496, 12.132, 281.3
1697249141.0335443, 0.000148834, 3.61206e-05, 0.000155211, 12.9, 281.2
1697249142.226346, 0.000149787, 3.45113e-05, 0.000155569, 11.988, 281.1
1697249143.429059, 0.000151516, 3.37961e-05, 0.000154794, 13.32, 281.0
1697249144.6054077, 0.000151456, 3.30212e-05, 0.00015396, 12.288, 280.9
1697249145.792763, 0.000150503, 3.55246e-05, 0.000156046, 12.354, 280.7
1697249146.9851959, 0.000149966, 3.49882e-05, 0.000155986, 12.228, 280.6
1697249148.1793582, 0.000150681, 3.47497e-05, 0.000155211, 12.432, 280.5
1697249149.374767, 0.000151993, 3.24252e-05, 0.000154019, 12.384, 280.4
1697249150.5518901, 0.000152827, 3.36769e-05, 0.000156105, 12.438, 280.2
1697249151.7477949, 0.000151516, 3.42729e-05, 0.000155569, 12.426, 280.1
1697249152.9514856, 0.000151516, 3.36769e-05, 0.000153721, 13.284, 280.0
1697249154.1348248, 0.00015247, 3.33788e-05, 0.000154556, 12.75, 279.9
1697249155.332229, 0.000151099, 3.35576e-05, 0.000153125, 13.488, 279.8
1697249156.5192955, 0.00015241, 3.37365e-05, 0.000153781, 13.386, 279.7
1697249157.7034142, 0.000152887, 3.30808e-05, 0.000154079, 13.026, 279.5
1697249158.8983588, 0.000151993, 3.32596e-05, 0.000153423, 13.404, 279.4
1697249160.0886698, 0.000151516, 3.37365e-05, 0.000154139, 13.164, 279.3
1697249161.2869637, 0.000151576, 3.5763e-05, 0.000156642, 12.468, 279.2
1697249162.482219, 0.000151814, 3.46901e-05, 0.000157238, 12.114, 279.1
1697249163.6686146, 0.000151754, 3.59418e-05, 0.000157178, 12.486, 278.9
1697249164.8509645, 0.000150503, 3.56438e-05, 0.000155748, 13.14, 278.9
1697249166.0456188, 0.000150562, 3.58226e-05, 0.000157119, 12.576, 278.7
1697249167.2355852, 0.000150622, 3.6061e-05, 0.00015688, 12.474, 278.6
1697249168.436261, 0.000152887, 3.41537e-05, 0.000155271, 13.008, 278.5
1697249169.6315596, 0.000152887, 3.43921e-05, 0.000154735, 13.068, 278.4
1697249170.8208437, 0.000151754, 3.39749e-05, 0.000155211, 13.578, 278.3
1697249172.0128171, 0.000152231, 3.38557e-05, 0.000154377, 13.308, 278.2
1697249173.2102964, 0.000151576, 3.62399e-05, 0.000158132, 12.396, 278.1
1697249174.4066525, 0.000153125, 3.48093e-05, 0.000157178, 12.534, 278.0
1697249175.60104, 0.000154556, 3.27828e-05, 0.000156105, 12.798, 277.8
1697249176.7915082, 0.000154377, 3.33192e-05, 0.000154973, 13.182, 277.7
1697249177.9867156, 0.000154437, 3.36173e-05, 0.000156404, 13.206, 277.6
1697249179.165042, 0.000154198, 3.31404e-05, 0.000155688, 12.912, 277.5
1697249180.3502355, 0.000154377, 3.41537e-05, 0.000157715, 12.576, 277.4
1697249181.5384765, 0.000154258, 3.55246e-05, 0.000158549, 12.318, 277.3
1697249182.7319489, 0.000155211, 3.29616e-05, 0.000157655, 12.738, 277.2
1697249183.9183402, 0.000154198, 3.46901e-05, 0.000157238, 12.264, 277.1
1697249185.1109426, 0.000155629, 3.36173e-05, 0.000157655, 12.516, 276.9
1697249186.3088324, 0.000154675, 3.39749e-05, 0.000157715, 13.272, 276.8
1697249187.4952583, 0.000154556, 3.42729e-05, 0.000156344, 13.464, 276.7
1697249188.679054, 0.000154854, 3.37961e-05, 0.000156284, 12.918, 276.6
1697249189.872319, 0.000154377, 3.46305e-05, 0.000157059, 13.344, 276.5
1697249191.059579, 0.000154377, 3.36769e-05, 0.000155867, 13.002, 276.4
1697249192.2450986, 0.000155092, 3.36173e-05, 0.000156821, 13.17, 276.3
1697249193.4428468, 0.000155152, 3.43325e-05, 0.000156702, 13.272, 276.2
1697249194.6340008, 0.000154973, 3.34384e-05, 0.000156702, 13.152, 276.1
1697249195.8219051, 0.000156284, 3.41537e-05, 0.000157536, 13.29, 275.9
1697249197.0036666, 0.000155569, 3.37961e-05, 0.000157536, 12.942, 275.9
1697249198.189196, 0.000156165, 3.45709e-05, 0.00015849, 12.666, 275.7
1697249199.3788939, 0.000154913, 3.60014e-05, 0.000159265, 12.354, 275.6
1697249200.5648644, 0.000155509, 3.48093e-05, 0.000160755, 12.156, 275.5
1697249201.7526267, 0.000154913, 3.49882e-05, 0.000159741, 12.516, 275.4
1697249202.9420495, 0.000155211, 3.47497e-05, 0.000160635, 12.18, 275.3
1697249204.1286724, 0.0001539, 3.71339e-05, 0.000160337, 12.594, 275.2
1697249205.32591, 0.000156761, 3.42729e-05, 0.000159205, 12.858, 275.1
1697249206.5186188, 0.000155331, 3.56438e-05, 0.000157774, 13.374, 274.9
1697249207.7079403, 0.000153662, 3.46305e-05, 0.000158013, 13.164, 274.8
1697249208.8832097, 0.000157834, 3.50478e-05, 0.000159503, 13.11, 274.7
1697249210.073712, 0.000156105, 3.4869e-05, 0.00015992, 12.312, 274.6
1697249211.2646487, 0.000157178, 3.48093e-05, 0.000158549, 13.41, 274.6
1697249212.4587061, 0.0001539, 3.5167e-05, 0.00015849, 12.954, 274.4
1697249213.66272, 0.00015694, 3.51074e-05, 0.000160099, 12.78, 274.3
1697249214.8558064, 0.000156642, 3.38557e-05, 0.000158609, 13.122, 274.2
1697249216.0499682, 0.000155569, 3.53458e-05, 0.00015837, 13.452, 274.1
1697249217.2409408, 0.00015545, 3.73127e-05, 0.000161708, 12.63, 274.0
1697249218.4372113, 0.000157476, 3.46901e-05, 0.000160516, 12.636, 273.9
1697249219.6332772, 0.000157536, 3.42729e-05, 0.000158967, 13.464, 273.8
1697249220.827394, 0.000155509, 3.70147e-05, 0.000161172, 13.098, 273.7
1697249222.0233598, 0.000156344, 3.55246e-05, 0.000160695, 12.372, 273.6
1697249223.2166855, 0.000158788, 3.48093e-05, 0.00015998, 13.5, 273.4
1697249224.429675, 0.000158072, 3.47497e-05, 0.000161708, 12.756, 273.3
1697249225.6220224, 0.000156702, 3.60014e-05, 0.000159682, 13.41, 273.2
1697249226.8053052, 0.000155688, 3.70147e-05, 0.000160337, 13.296, 273.1
1697249228.0046964, 0.000155569, 3.64187e-05, 0.000162185, 12.45, 273.0
1697249229.2075245, 0.00015843, 3.44517e-05, 0.000160159, 13.122, 272.9
1697249230.3974822, 0.000155748, 3.68955e-05, 0.000161291, 12.54, 272.8
1697249231.5945249, 0.000158192, 3.49882e-05, 0.00016147, 12.594, 272.7
1697249232.7843993, 0.000158907, 3.43325e-05, 0.00015998, 13.296, 272.6
1697249233.9832082, 0.000156046, 3.73127e-05, 0.000162483, 12.708, 272.5
1697249235.1720953, 0.000156284, 3.67763e-05, 0.000162722, 12.27, 272.3
1697249236.3541732, 0.000157476, 3.65975e-05, 0.000163258, 12.504, 272.2
1697249237.5506668, 0.000158967, 3.51074e-05, 0.000162185, 13.422, 272.1
1697249238.748619, 0.000156523, 3.63591e-05, 0.000160874, 13.188, 272.1
1697249239.9349153, 0.000156404, 3.69551e-05, 0.000161589, 13.272, 271.9
1697249241.1344585, 0.000158668, 3.61803e-05, 0.000163079, 12.606, 271.8
1697249242.3190408, 0.000159503, 3.47497e-05, 0.0001629, 12.516, 271.7
1697249243.5016847, 0.000159563, 3.58226e-05, 0.00016296, 12.546, 271.6
1697249244.7005203, 0.000158609, 3.55842e-05, 0.000160993, 13.404, 271.5
1697249245.9045246, 0.000158311, 3.68359e-05, 0.000163437, 12.366, 271.4
1697249247.0969274, 0.000159503, 3.45709e-05, 0.000161172, 13.032, 271.3
1697249248.2830358, 0.000157417, 3.64783e-05, 0.000161768, 13.182, 271.2
1697249249.4841812, 0.000158311, 3.66571e-05, 0.000163616, 12.366, 271.1
1697249250.675016, 0.000159443, 3.5763e-05, 0.000163437, 12.474, 271.0
1697249251.8660727, 0.000159384, 3.45709e-05, 0.000162066, 12.882, 270.9
1697249253.0520082, 0.000160874, 3.4869e-05, 0.000162483, 13.326, 270.8
1697249254.2435718, 0.000159265, 3.61206e-05, 0.000162066, 13.368, 270.7
1697249255.4321659, 0.000157536, 3.71339e-05, 0.000162722, 12.9, 270.6
1697249256.6169958, 0.000158251, 3.73127e-05, 0.000162304, 13.314, 270.4
1697249257.8060045, 0.000158192, 3.70743e-05, 0.000164152, 12.774, 270.3
1697249258.991513, 0.00015843, 3.77896e-05, 0.000164867, 12.396, 270.2
1697249260.1840935, 0.000160039, 3.5465e-05, 0.000164033, 12.552, 270.1
1697249261.3745193, 0.000161053, 3.55246e-05, 0.000162722, 13.002, 270.0
1697249262.5608017, 0.000160576, 3.54054e-05, 0.000162424, 13.194, 269.9
1697249263.7639065, 0.00015837, 3.6061e-05, 0.000164867, 12.498, 269.8
1697249264.948976, 0.000159682, 3.66571e-05, 0.000163914, 12.474, 269.7
1697249266.136037, 0.000160814, 3.58226e-05, 0.000163496, 12.84, 269.6
1697249267.3188782, 0.000160218, 3.63591e-05, 0.000165285, 12.366, 269.5
1697249268.5046978, 0.000159205, 3.62399e-05, 0.000165046, 12.264, 269.4
1697249269.7027528, 0.000160933, 3.58822e-05, 0.000163079, 13.422, 269.3
1697249270.8968897, 0.000159384, 3.84452e-05, 0.000165583, 12.618, 269.2
1697249272.0952518, 0.00015998, 3.72531e-05, 0.000163735, 13.152, 269.1
1697249273.284021, 0.000160278, 3.55842e-05, 0.000163258, 13.122, 269.0
1697249274.4675674, 0.000160218, 3.71935e-05, 0.000163139, 13.392, 268.9
1697249275.6573381, 0.000160218, 3.66571e-05, 0.000163437, 13.392, 268.8
1697249276.846583, 0.000158907, 3.76108e-05, 0.000164808, 12.924, 268.7
1697249278.0393443, 0.000160337, 3.78492e-05, 0.000165881, 12.36, 268.6
1697249279.2405982, 0.000161351, 3.61803e-05, 0.000164152, 13.116, 268.5
1697249280.4454024, 0.000159503, 3.8624e-05, 0.00016451, 12.906, 268.4
1697249281.6283803, 0.000162185, 3.49286e-05, 0.000164331, 12.888, 268.3
1697249282.820496, 0.00016153, 3.6061e-05, 0.000164152, 13.2, 268.2
1697249284.0080268, 0.000162722, 3.5763e-05, 0.000164808, 13.212, 268.1
1697249285.2020092, 0.000160635, 3.8326e-05, 0.000167252, 12.618, 268.0
1697249286.3943994, 0.000162006, 3.66571e-05, 0.000166298, 12.486, 267.9
1697249287.580921, 0.000162424, 3.58822e-05, 0.000166059, 12.66, 267.7
1697249288.7823792, 0.000163735, 3.61803e-05, 0.000165285, 13.008, 267.6
1697249289.9716659, 0.000160993, 3.71339e-05, 0.000167192, 12.258, 267.6
1697249291.157741, 0.000163198, 3.64783e-05, 0.000165881, 12.69, 267.4
1697249292.3481088, 0.000163437, 3.58822e-05, 0.000165344, 12.882, 267.3
1697249293.5401762, 0.000163139, 3.64187e-05, 0.000165881, 13.482, 267.2
1697249294.7273774, 0.000162304, 3.67763e-05, 0.000165583, 13.032, 267.1
1697249295.9090781, 0.000161649, 3.76704e-05, 0.00016594, 13.374, 267.0
1697249297.0938988, 0.000162185, 3.73723e-05, 0.000165702, 13.206, 267.0
1697249298.2833245, 0.000163854, 3.82664e-05, 0.000167073, 12.954, 266.8
1697249299.4692929, 0.000161887, 3.82068e-05, 0.000168742, 12.564, 266.7
1697249300.6579082, 0.000161053, 3.8326e-05, 0.000167788, 12.504, 266.6
1697249301.8538196, 0.000164271, 3.61803e-05, 0.000166059, 13.308, 266.5
1697249303.0421562, 0.000163258, 3.75512e-05, 0.000166656, 13.488, 266.4
1697249304.2351289, 0.000162424, 3.82068e-05, 0.000168861, 12.456, 266.3
1697249305.4301581, 0.000164629, 3.60014e-05, 0.000167371, 12.96, 266.2
1697249306.6229038, 0.00016451, 3.67167e-05, 0.000167728, 13.08, 266.1
1697249307.8141878, 0.000163854, 3.773e-05, 0.000169159, 12.396, 266.0
1697249308.995367, 0.000162722, 3.80876e-05, 0.00016898, 12.3, 265.9
1697249310.1845243, 0.000164927, 3.58226e-05, 0.000167252, 12.888, 265.8
1697249311.3789244, 0.000164152, 3.64187e-05, 0.000166656, 13.308, 265.7
1697249312.5715144, 0.000162245, 3.83856e-05, 0.000168682, 12.6, 265.6
1697249313.7651975, 0.000165046, 3.64187e-05, 0.000168205, 12.666, 265.5
1697249314.9524243, 0.000164808, 3.56438e-05, 0.000167192, 12.768, 265.4
1697249316.1448026, 0.000163556, 3.8028e-05, 0.000168384, 13.14, 265.3
1697249317.3370378, 0.000166, 3.6061e-05, 0.000168622, 12.684, 265.2
1697249318.5254457, 0.000166, 3.78492e-05, 0.000169219, 13.242, 265.1
1697249319.7158766, 0.000163675, 3.773e-05, 0.000167669, 13.248, 265.0
1697249320.9097426, 0.000164093, 3.90413e-05, 0.000170709, 12.726, 264.9
1697249322.0982108, 0.000165761, 3.67763e-05, 0.000170232, 12.288, 264.8
1697249323.2941673, 0.000165225, 3.67167e-05, 0.000168026, 13.356, 264.7
1697249324.4934921, 0.000164569, 3.94585e-05, 0.000170172, 12.678, 264.6
1697249325.6748483, 0.000165404, 3.65379e-05, 0.000168622, 12.846, 264.5
1697249326.8627822, 0.000166238, 3.62399e-05, 0.000168324, 12.972, 264.4
1697249328.060357, 0.000164629, 3.86836e-05, 0.000169815, 12.75, 264.3
1697249329.2441666, 0.000166775, 3.73723e-05, 0.000170232, 12.474, 264.2
1697249330.4374871, 0.000165821, 3.65975e-05, 0.000167371, 12.984, 264.1
1697249331.6166592, 0.000165106, 3.68955e-05, 0.000168384, 12.978, 264.0
1697249332.8170485, 0.000165344, 3.97565e-05, 0.000171782, 12.558, 263.9
1697249334.000108, 0.000167669, 3.64783e-05, 0.000170768, 12.672, 263.8
1697249335.1894705, 0.000166715, 3.72531e-05, 0.000169338, 13.086, 263.7
1697249336.3666208, 0.000167013, 3.65975e-05, 0.000169278, 13.134, 263.6
1697249337.5496895, 0.000165523, 3.82664e-05, 0.000169517, 13.476, 263.6
1697249338.7664664, 0.000166119, 3.67763e-05, 0.000168622, 13.2, 263.5
1697249339.9492555, 0.000164569, 3.70743e-05, 0.000170947, 12.45, 263.3
1697249341.1386995, 0.000166775, 3.85048e-05, 0.000171841, 12.492, 263.2
1697249342.3290823, 0.000167967, 3.77896e-05, 0.000169815, 13.038, 263.1
1697249343.5154438, 0.000166536, 3.82664e-05, 0.000170053, 13.41, 263.1
1697249344.6925735, 0.000167252, 3.70147e-05, 0.000170053, 13.176, 263.0
1697249345.8866847, 0.00016445, 3.92201e-05, 0.000169815, 12.552, 262.8
1697249347.0766592, 0.000165225, 3.86836e-05, 0.000171782, 12.696, 262.8
1697249348.2694519, 0.000167132, 3.76108e-05, 0.000168622, 13.26, 262.6
1697249349.4631395, 0.000165165, 3.90413e-05, 0.000172139, 12.642, 262.6
1697249350.667016, 0.000168563, 3.77896e-05, 0.000170172, 13.302, 262.5
1697249351.8439076, 0.000165165, 3.81472e-05, 0.000170649, 12.9, 262.4
1697249353.029248, 0.000164808, 3.92201e-05, 0.000170768, 13.29, 262.3
1697249354.2224557, 0.000166834, 3.74916e-05, 0.000173033, 12.258, 262.2
1697249355.4242892, 0.000166775, 4.00546e-05, 0.000171782, 13.026, 262.1
1697249356.6124465, 0.000165583, 3.90413e-05, 0.000172199, 12.708, 262.0
1697249357.8049574, 0.000167967, 3.8028e-05, 0.000172676, 12.744, 261.9
1697249359.0054917, 0.000169457, 3.76108e-05, 0.000171007, 12.666, 261.8
1697249360.1945956, 0.000168265, 3.94585e-05, 0.000174285, 12.576, 261.7
1697249361.3812425, 0.000169159, 3.89221e-05, 0.000173748, 12.438, 261.6
1697249362.5754461, 0.000169159, 3.82068e-05, 0.000170887, 13.236, 261.5
1697249363.7664607, 0.000168384, 3.91605e-05, 0.00017357, 13.188, 261.4
1697249364.944384, 0.00016594, 3.92201e-05, 0.000172735, 12.744, 261.3
1697249366.1389046, 0.000166477, 4.0293e-05, 0.000172974, 12.732, 261.2
1697249367.3944917, 0.000167013, 3.75512e-05, 0.000173629, 13.038, 261.1
1697249368.5907638, 0.000168384, 3.97565e-05, 0.000174106, 12.792, 261.0
1697249369.815186, 0.000170291, 3.74319e-05, 0.000172318, 13.152, 260.9
1697249370.9947932, 0.000170649, 3.64187e-05, 0.000172854, 12.678, 260.8
1697249372.1783125, 0.00017047, 3.73723e-05, 0.000173927, 13.068, 260.7
1697249373.3744977, 0.000169397, 3.74916e-05, 0.000171483, 13.242, 260.6
1697249374.5630984, 0.000168444, 4.04718e-05, 0.000173808, 12.972, 260.5
1697249375.7619576, 0.00017053, 3.76108e-05, 0.000173987, 13.29, 260.5
1697249376.959108, 0.000168742, 4.08294e-05, 0.000175119, 12.906, 260.4
1697249378.154191, 0.000170351, 3.8624e-05, 0.00017506, 12.474, 260.3
1697249379.3424728, 0.00017053, 3.73127e-05, 0.000174821, 12.54, 260.2
1697249380.5396044, 0.000170053, 3.89817e-05, 0.000173629, 13.368, 260.1
1697249381.7239525, 0.000168146, 3.95777e-05, 0.000173093, 13.128, 260.0
1697249382.9324696, 0.000170411, 3.72531e-05, 0.000174166, 13.392, 259.9
1697249384.1210072, 0.000170649, 3.79088e-05, 0.00017357, 13.038, 259.8
1697249385.3109448, 0.000168682, 3.99949e-05, 0.000175715, 12.822, 259.7
1697249386.5026805, 0.000170709, 3.8326e-05, 0.000174821, 12.51, 259.6
1697249387.6990457, 0.00017047, 3.75512e-05, 0.000173272, 13.212, 259.5
1697249388.8845923, 0.000170053, 3.83856e-05, 0.000174166, 13.278, 259.4
1697249390.0815566, 0.000169934, 3.95181e-05, 0.000177206, 12.636, 259.3
1697249391.289898, 0.000171245, 3.75512e-05, 0.000175298, 12.846, 259.2
1697249392.4766152, 0.000168622, 3.95777e-05, 0.000175954, 12.366, 259.1
1697249393.6663494, 0.000172318, 3.89221e-05, 0.000176073, 12.45, 259.0
1697249394.855657, 0.000172676, 3.81472e-05, 0.000174821, 12.642, 258.9
1697249396.039746, 0.00017202, 3.76108e-05, 0.000174941, 12.966, 258.8
1697249397.2272053, 0.000172735, 3.73723e-05, 0.000175596, 13.164, 258.7
1697249398.420396, 0.000171603, 3.93393e-05, 0.000174464, 13.494, 258.7
1697249399.6167052, 0.000171424, 3.87433e-05, 0.000174881, 12.474, 258.5
1697249400.805943, 0.000170411, 3.94585e-05, 0.000177206, 12.588, 258.5
1697249402.0015028, 0.000172854, 3.8028e-05, 0.000174345, 13.164, 258.4
1697249403.1823354, 0.000170113, 3.93393e-05, 0.000174345, 12.966, 258.3
1697249404.381842, 0.000170351, 4.01738e-05, 0.000176669, 12.534, 258.2
1697249405.5749667, 0.000172556, 3.74319e-05, 0.000175715, 12.612, 258.1
1697249406.775151, 0.000170947, 3.92797e-05, 0.000175179, 12.858, 258.0
1697249407.9711733, 0.000170291, 4.00546e-05, 0.000175119, 12.324, 257.9
1697249409.159296, 0.00017351, 3.76108e-05, 0.000176788, 12.708, 257.8
1697249410.3512723, 0.000172914, 3.84452e-05, 0.000175596, 13.152, 257.7
1697249411.5411518, 0.000170411, 3.96373e-05, 0.00017506, 13.02, 257.6
1697249412.7225862, 0.00017208, 3.88625e-05, 0.000174941, 13.272, 257.5
1697249413.911644, 0.000173093, 3.8326e-05, 0.000175239, 13.332, 257.4
1697249415.1148279, 0.000172139, 3.88625e-05, 0.000177206, 12.492, 257.3
1697249416.3063757, 0.000172199, 3.97565e-05, 0.0001781, 13.29, 257.2
1697249417.4843652, 0.000173152, 3.82068e-05, 0.000176073, 12.834, 257.2
1697249418.6839514, 0.000171662, 3.81472e-05, 0.000174345, 13.08, 257.1
1697249419.882814, 0.000171185, 4.04718e-05, 0.000178278, 12.492, 257.0
1697249421.07535, 0.000173391, 3.773e-05, 0.000177027, 12.858, 256.9
1697249422.267199, 0.000173272, 3.78492e-05, 0.000175298, 13.17, 256.8
1697249423.4512465, 0.000173093, 3.93393e-05, 0.000175596, 13.362, 256.7
1697249424.6476688, 0.000171185, 4.01738e-05, 0.000177265, 12.546, 256.6
1697249425.8365028, 0.000172258, 3.92797e-05, 0.000177384, 12.546, 256.5
1697249427.0334432, 0.000173152, 3.88625e-05, 0.000176073, 12.894, 256.4
1697249428.221605, 0.000173748, 3.72531e-05, 0.000176967, 13.254, 256.3
1697249429.4182577, 0.000171841, 4.0889e-05, 0.000177384, 13.032, 256.2
1697249430.6054084, 0.000172735, 4.08294e-05, 0.000178517, 12.3, 256.1
1697249431.7932613, 0.000173868, 3.93989e-05, 0.000178815, 12.456, 256.1
1697249432.9788864, 0.00017351, 3.99949e-05, 0.000179232, 12.366, 256.0
1697249434.1776743, 0.000173689, 3.89221e-05, 0.000177444, 12.87, 255.9
1697249435.358695, 0.000175417, 3.95777e-05, 0.000179769, 12.48, 255.8
1697249436.5560203, 0.000174941, 4.01738e-05, 0.000178517, 13.308, 255.7
1697249437.755679, 0.000174583, 4.00546e-05, 0.000180782, 12.678, 255.6
1697249438.9522934, 0.000176908, 3.87433e-05, 0.000178517, 12.984, 255.5
1697249440.1391704, 0.000175835, 3.91605e-05, 0.0001781, 12.768, 255.4
1697249441.3300333, 0.000174285, 4.10082e-05, 0.000180782, 13.206, 255.3
1697249442.5262275, 0.000174523, 3.92201e-05, 0.000180186, 12.738, 255.2
1697249443.7203948, 0.000175656, 3.8624e-05, 0.000179649, 12.414, 255.1
1697249444.908392, 0.00017655, 4.04122e-05, 0.000180067, 12.786, 255.1
1697249446.0957942, 0.000176073, 3.93393e-05, 0.000179769, 12.81, 255.0
1697249447.2886565, 0.000176609, 3.85644e-05, 0.000179471, 13.128, 254.9
1697249448.4781356, 0.000176609, 3.91605e-05, 0.000179232, 13.284, 254.8
1697249449.673413, 0.000174225, 4.01142e-05, 0.000181318, 12.27, 254.7
1697249450.880203, 0.000175715, 3.87433e-05, 0.000179828, 13.134, 254.6
1697249452.06875, 0.00017506, 4.03526e-05, 0.000180126, 13.056, 254.5
1697249453.253627, 0.000174702, 4.00546e-05, 0.000178457, 13.14, 254.4
1697249454.4414358, 0.000175358, 3.78492e-05, 0.000179649, 12.762, 254.3
1697249455.6259415, 0.00017506, 4.1187e-05, 0.000181318, 13.254, 254.2
1697249456.814382, 0.000175715, 4.17235e-05, 0.000180543, 12.564, 254.1
1697249458.0026734, 0.000174106, 4.0889e-05, 0.000180901, 12.87, 254.1
1697249459.192123, 0.000174702, 4.14851e-05, 0.00018102, 12.834, 254.0
1697249460.3931646, 0.000176788, 3.85644e-05, 0.000180186, 13.266, 253.9
1697249461.5879543, 0.000174285, 4.08294e-05, 0.000180543, 12.438, 253.8
1697249462.7733817, 0.000173748, 4.15447e-05, 0.000181318, 12.816, 253.7
1697249463.9563253, 0.000175, 4.11274e-05, 0.000182212, 13.074, 253.6
1697249465.1355321, 0.000174464, 4.0591e-05, 0.00017959, 12.978, 253.5
1697249466.3364968, 0.000176013, 4.02334e-05, 0.000181974, 12.666, 253.5
1697249467.5352774, 0.000177563, 3.84452e-05, 0.000180961, 13.314, 253.4
1697249468.7294104, 0.000175656, 4.11274e-05, 0.000181437, 12.558, 253.3
1697249469.918408, 0.000177623, 4.05314e-05, 0.000180722, 12.738, 253.2
1697249471.1068735, 0.000177325, 3.89221e-05, 0.000180245, 13.044, 253.1
1697249472.292466, 0.000177802, 3.85048e-05, 0.000179888, 12.912, 253.0
1697249473.4816167, 0.000175179, 4.17831e-05, 0.000180365, 12.888, 252.9
1697249474.6856081, 0.000176729, 3.98161e-05, 0.000182153, 12.75, 252.8
1697249475.882227, 0.000177802, 3.88029e-05, 0.00018102, 13.284, 252.7
1697249477.0716715, 0.000175537, 4.17235e-05, 0.000180841, 12.648, 252.7
1697249478.2595136, 0.000175358, 4.10082e-05, 0.000182332, 12.558, 252.6
1697249479.4470053, 0.000175715, 4.11274e-05, 0.000182808, 12.444, 252.5
1697249480.6404102, 0.000178219, 3.93393e-05, 0.000181557, 12.816, 252.4
1697249481.8334985, 0.000177206, 3.95777e-05, 0.000181199, 13.014, 252.3
1697249483.0213602, 0.000175298, 4.08294e-05, 0.000182391, 12.306, 252.2
1697249484.22157, 0.000178517, 3.96373e-05, 0.00018108, 12.864, 252.1
1697249485.4067602, 0.000177086, 3.98161e-05, 0.000180543, 13.218, 252.0
1697249486.5923438, 0.000177623, 3.85048e-05, 0.000179828, 13.002, 252.0
1697249487.783016, 0.000177563, 3.88029e-05, 0.000180722, 13.116, 251.9
1697249488.9703774, 0.00017804, 3.88029e-05, 0.00018108, 13.05, 251.8
1697249490.161361, 0.000177027, 4.22599e-05, 0.000180424, 13.176, 251.7
1697249491.3612044, 0.000178755, 4.01738e-05, 0.000183881, 12.348, 251.6
1697249492.5436997, 0.000178219, 4.01142e-05, 0.000183941, 12.63, 251.5
1697249493.7396748, 0.0001781, 4.01738e-05, 0.00018102, 13.338, 251.4
1697249494.9301476, 0.000177921, 4.23195e-05, 0.000182987, 13.092, 251.3
1697249496.1127927, 0.000177742, 4.08294e-05, 0.000182928, 12.786, 251.2
1697249497.3034167, 0.000176729, 4.10678e-05, 0.000181318, 12.834, 251.2
1697249498.4970565, 0.000176669, 4.24387e-05, 0.000183345, 12.834, 251.1
1697249499.6959674, 0.000180007, 3.94585e-05, 0.000181855, 12.972, 251.0
1697249500.8904681, 0.000177444, 4.20215e-05, 0.000182272, 13.086, 250.9
1697249502.0858324, 0.00017655, 4.12466e-05, 0.000182868, 12.21, 250.8
1697249503.274436, 0.000178755, 3.87433e-05, 0.000181378, 12.756, 250.7
1697249504.4738007, 0.000178696, 4.06506e-05, 0.000182808, 13.296, 250.6
1697249505.6588957, 0.000176967, 4.1187e-05, 0.000182451, 12.774, 250.6
1697249506.8513334, 0.000177206, 4.21407e-05, 0.000183404, 12.588, 250.5
1697249508.0375886, 0.0001781, 4.13063e-05, 0.000184179, 12.402, 250.4
1697249509.2257037, 0.000177265, 4.0591e-05, 0.000183345, 12.306, 250.3
1697249510.4260948, 0.00017959, 4.02334e-05, 0.000183345, 13.422, 250.2
1697249511.6210017, 0.000177742, 4.19023e-05, 0.000184537, 12.366, 250.1
1697249512.8146489, 0.000178338, 4.04718e-05, 0.000183404, 12.318, 250.0
1697249514.0025198, 0.000179828, 4.03526e-05, 0.000182451, 13.104, 250.0
1697249515.1836338, 0.000180841, 3.83856e-05, 0.000183047, 12.624, 249.9
1697249516.3759413, 0.000180543, 4.09486e-05, 0.000182749, 13.164, 249.8
1697249517.5639021, 0.000180186, 3.89221e-05, 0.000183583, 12.762, 249.7
1697249518.7610278, 0.000180186, 3.89817e-05, 0.000182928, 13.086, 249.6
1697249519.9562595, 0.000179649, 4.06506e-05, 0.000184895, 12.348, 249.5
1697249521.1499817, 0.000180245, 3.95181e-05, 0.000183226, 12.864, 249.4
1697249522.3319173, 0.000181557, 3.95181e-05, 0.000185431, 13.122, 249.3
1697249523.5239356, 0.000181676, 4.13063e-05, 0.000182928, 13.362, 249.2
1697249524.722518, 0.000177504, 4.07102e-05, 0.000185908, 12.582, 249.2
1697249525.913522, 0.000178576, 4.14255e-05, 0.000185252, 12.414, 249.1
1697249527.1130052, 0.000180245, 4.14255e-05, 0.000183345, 13.11, 249.0
1697249528.3065546, 0.000178219, 4.14255e-05, 0.000184716, 12.882, 248.9
1697249529.5026984, 0.000179888, 4.10082e-05, 0.000185669, 12.366, 248.8
1697249530.6952343, 0.000180901, 4.10082e-05, 0.000183822, 12.666, 248.8
1697249531.8833783, 0.000181259, 4.0293e-05, 0.000183404, 13.26, 248.7
1697249533.0791945, 0.000181318, 4.10082e-05, 0.00018263, 13.134, 248.6
1697249534.267607, 0.000178636, 4.12466e-05, 0.000184358, 12.936, 248.5
1697249535.4583843, 0.000179292, 4.04718e-05, 0.000185729, 12.132, 248.4
1697249536.6551769, 0.000180186, 4.23195e-05, 0.000184537, 12.402, 248.3
1697249537.8510482, 0.000180186, 3.98757e-05, 0.000183524, 13.038, 248.2
1697249539.046164, 0.000178934, 4.27368e-05, 0.000184656, 13.11, 248.1
1697249540.2361126, 0.000178755, 4.15447e-05, 0.000184597, 12.54, 248.1
1697249541.4308774, 0.000179769, 4.06506e-05, 0.000185252, 12.51, 248.0
1697249542.6202955, 0.000181199, 4.0591e-05, 0.000186206, 12.804, 247.9
1697249543.8220806, 0.000181378, 3.98161e-05, 0.000184954, 12.828, 247.8
1697249545.010133, 0.000178696, 4.17831e-05, 0.000185789, 12.654, 247.7
1697249546.2070878, 0.000180186, 4.11274e-05, 0.000185789, 12.546, 247.7
1697249547.4016936, 0.000181557, 4.04718e-05, 0.000183583, 12.888, 247.6
1697249548.5967798, 0.000180245, 4.22003e-05, 0.000184358, 13.572, 247.5
1697249549.7923946, 0.000180067, 4.15447e-05, 0.000186504, 12.33, 247.4
1697249550.9795191, 0.000180424, 4.29156e-05, 0.000186563, 12.75, 247.3
1697249552.1795144, 0.000180722, 4.04122e-05, 0.00018406, 12.834, 247.2
1697249553.3734784, 0.000180245, 4.29752e-05, 0.000185312, 13.026, 247.2
1697249554.5635223, 0.000178398, 4.10678e-05, 0.00018561, 12.204, 247.1
1697249555.7580712, 0.000181437, 4.32136e-05, 0.000187756, 13.038, 247.0
1697249556.9504688, 0.00018102, 3.98757e-05, 0.000185312, 12.528, 246.9
1697249558.146208, 0.000181914, 4.02334e-05, 0.000184, 13.224, 246.9
1697249559.3388207, 0.000179292, 4.09486e-05, 0.000185073, 12.816, 246.8
1697249560.5407166, 0.000179172, 4.23195e-05, 0.000185669, 12.846, 246.7
1697249561.7286146, 0.00018263, 4.19023e-05, 0.000185848, 12.492, 246.6
1697249562.9125104, 0.000180663, 4.14255e-05, 0.00018704, 12.384, 246.5
1697249564.1051376, 0.000181914, 4.17831e-05, 0.000186683, 12.816, 246.4
1697249565.2978995, 0.000183047, 3.98757e-05, 0.000185431, 13.188, 246.4
1697249566.4928393, 0.000180901, 4.10082e-05, 0.000185073, 13.068, 246.3
1697249567.677864, 0.000179709, 4.12466e-05, 0.000185789, 12.576, 246.2
1697249568.8766725, 0.000179769, 4.07102e-05, 0.000184418, 12.66, 246.1
1697249570.0764508, 0.00018251, 4.01142e-05, 0.000185193, 12.936, 246.0
1697249571.2635646, 0.000183464, 4.0293e-05, 0.00018561, 12.936, 245.9
1697249572.4467542, 0.000183285, 4.04718e-05, 0.000185431, 12.552, 245.8
1697249573.6405754, 0.000182212, 3.96373e-05, 0.000185789, 13.044, 245.8
1697249574.828464, 0.000181616, 4.0293e-05, 0.00018555, 13.122, 245.7
1697249576.0222797, 0.000181437, 4.17831e-05, 0.000186683, 13.2, 245.6
1697249577.2260735, 0.000180305, 4.21407e-05, 0.000186087, 12.288, 245.5
1697249578.4156497, 0.00018257, 3.94585e-05, 0.000185908, 12.618, 245.4
1697249579.5965965, 0.000181676, 4.04718e-05, 0.000186444, 12.768, 245.4
1697249580.792968, 0.000183106, 3.97565e-05, 0.000186146, 12.882, 245.3
1697249581.9898725, 0.000181437, 4.15447e-05, 0.000185848, 12.948, 245.2
1697249583.1757956, 0.000183583, 4.24387e-05, 0.000186683, 13.026, 245.1
1697249584.3722835, 0.000180782, 4.23791e-05, 0.000188888, 12.762, 245.0
1697249585.5530868, 0.000181855, 4.25579e-05, 0.000187756, 12.954, 245.0
1697249586.7514973, 0.000179709, 4.16639e-05, 0.000187696, 12.474, 244.9
1697249587.9434683, 0.000183583, 4.15447e-05, 0.000186385, 12.828, 244.8
1697249589.1361136, 0.000181437, 3.96969e-05, 0.000184656, 12.81, 244.7
1697249590.329771, 0.000183881, 4.04718e-05, 0.000186504, 13.452, 244.6
1697249591.5075305, 0.000183881, 4.12466e-05, 0.000185967, 13.17, 244.6
1697249592.709379, 0.000182034, 4.22599e-05, 0.000187696, 12.876, 244.5
1697249593.9057133, 0.000180841, 4.20215e-05, 0.00018716, 12.606, 244.4
1697249595.1106102, 0.000182451, 4.06506e-05, 0.000185789, 13.002, 244.3
1697249596.300029, 0.000182451, 4.21407e-05, 0.000185312, 12.936, 244.2
1697249597.4835122, 0.000183166, 4.11274e-05, 0.000186504, 12.852, 244.2
1697249598.6814208, 0.000180067, 4.20811e-05, 0.000187815, 12.45, 244.1
1697249599.865603, 0.000181914, 4.23195e-05, 0.000187875, 13.062, 244.0
1697249601.0569897, 0.00018102, 4.24387e-05, 0.000187279, 12.342, 243.9
1697249602.2517092, 0.000183583, 4.1187e-05, 0.000187875, 12.498, 243.8
1697249603.4518816, 0.000183464, 4.03526e-05, 0.000186683, 13.128, 243.7
1697249604.637068, 0.000181497, 4.13063e-05, 0.000185669, 13.32, 243.7
1697249605.824509, 0.000183643, 4.10082e-05, 0.00018704, 13.53, 243.6
1697249607.0166705, 0.000182987, 4.22599e-05, 0.000186265, 13.182, 243.5
1697249608.1997843, 0.000182749, 4.0591e-05, 0.000185789, 12.93, 243.4
1697249609.3957257, 0.000180901, 4.17235e-05, 0.000186683, 12.924, 243.3
1697249610.5891776, 0.00018108, 4.19619e-05, 0.000187815, 12.246, 243.3
1697249611.7906463, 0.000182272, 4.17235e-05, 0.000185669, 13.464, 243.2
1697249612.9831648, 0.00018251, 4.15447e-05, 0.000186027, 13.164, 243.1
1697249614.1692107, 0.000183941, 4.10678e-05, 0.000186087, 13.098, 243.0
1697249615.356153, 0.000183822, 3.95181e-05, 0.000186265, 12.744, 243.0
1697249616.5470676, 0.000180901, 4.12466e-05, 0.000186742, 12.672, 242.9
1697249617.7440722, 0.000180484, 4.23195e-05, 0.00018859, 12.306, 242.8
1697249618.9385014, 0.000184954, 4.32136e-05, 0.000190319, 13.194, 242.7
1697249620.1360905, 0.000184418, 4.07698e-05, 0.000187338, 13.146, 242.6
1697249621.3325236, 0.000181497, 4.06506e-05, 0.000187696, 12.408, 242.5
1697249622.5203385, 0.000181974, 4.22003e-05, 0.000188173, 12.762, 242.5
1697249623.7164152, 0.000181497, 4.36904e-05, 0.000188054, 12.606, 242.4
1697249624.912759, 0.000184179, 3.92797e-05, 0.000187338, 12.99, 242.3
1697249626.1041143, 0.000185312, 4.08294e-05, 0.000186802, 12.984, 242.2
1697249627.3007958, 0.000182868, 4.32136e-05, 0.000187815, 12.708, 242.1
1697249628.4995637, 0.000183047, 4.16043e-05, 0.000190378, 12.54, 242.0
1697249629.6875355, 0.000185371, 4.29752e-05, 0.000190855, 12.906, 242.0
1697249630.8847454, 0.000186623, 4.04122e-05, 0.000189126, 13.278, 241.9
1697249632.0766137, 0.000185133, 4.20215e-05, 0.000190438, 13.05, 241.8
1697249633.2723386, 0.000184, 4.35116e-05, 0.000190676, 12.588, 241.7
1697249634.4684637, 0.000185789, 4.09486e-05, 0.000189961, 12.564, 241.7
1697249635.6540613, 0.000186027, 4.13063e-05, 0.000189901, 12.852, 241.6
1697249636.8596716, 0.000185193, 4.29752e-05, 0.000189544, 12.654, 241.5
1697249638.0572746, 0.000184835, 4.36904e-05, 0.000191749, 12.816, 241.4
1697249639.244993, 0.000184597, 4.24387e-05, 0.000190497, 12.252, 241.4
1697249640.4660745, 0.000186683, 4.21407e-05, 0.000191749, 12.534, 241.3
1697249641.6562736, 0.000187696, 4.10082e-05, 0.000190617, 12.624, 241.2
1697249642.8462765, 0.000186683, 4.06506e-05, 0.000189544, 12.996, 241.1
1697249644.0331326, 0.000187696, 4.13063e-05, 0.000190736, 12.954, 241.0
1697249645.230068, 0.000187279, 4.30944e-05, 0.000191153, 13.47, 241.0
1697249646.4222963, 0.000185133, 4.36904e-05, 0.000190736, 12.786, 240.9
1697249647.6103876, 0.000185669, 4.30348e-05, 0.000190319, 12.966, 240.8
1697249648.7967887, 0.000185312, 4.24983e-05, 0.000190855, 13.02, 240.7
1697249649.9871073, 0.000185908, 4.29752e-05, 0.000191391, 13.404, 240.6
1697249651.1839402, 0.000186325, 4.44653e-05, 0.000192464, 12.582, 240.6
1697249652.3932073, 0.000187934, 4.13063e-05, 0.000189782, 12.888, 240.5
1697249653.5862875, 0.000186504, 4.27964e-05, 0.000193537, 12.618, 240.4
1697249654.775895, 0.00018561, 4.27964e-05, 0.000192941, 12.366, 240.3
1697249655.9549954, 0.000186027, 4.29752e-05, 0.000193299, 12.762, 240.3
1697249657.1512256, 0.000186146, 4.42269e-05, 0.000192107, 12.75, 240.2
1697249658.3422027, 0.000188054, 4.32136e-05, 0.000192882, 12.522, 240.1
1697249659.534388, 0.000187815, 4.26176e-05, 0.000191868, 12.618, 240.0
1697249660.7221873, 0.000188232, 4.19619e-05, 0.000192941, 12.642, 240.0
1697249661.9162672, 0.000186504, 4.08294e-05, 0.00019008, 12.972, 239.9
1697249663.1143348, 0.000186265, 4.375e-05, 0.000191451, 12.996, 239.8
1697249664.313925, 0.000188054, 4.26772e-05, 0.000192941, 12.408, 239.7
1697249665.510539, 0.000186742, 4.2856e-05, 0.000190617, 13.236, 239.7
1697249666.7095363, 0.00018716, 4.44653e-05, 0.000194372, 12.804, 239.6
1697249667.9012797, 0.000187458, 4.50613e-05, 0.000192762, 12.468, 239.5
1697249669.0934737, 0.000189007, 4.30348e-05, 0.000193418, 12.36, 239.4
1697249670.2854924, 0.000188411, 4.14851e-05, 0.000191153, 13.02, 239.4
1697249671.4765284, 0.000187577, 4.08294e-05, 0.000191928, 13.29, 239.3
1697249672.671719, 0.000187338, 4.3154e-05, 0.000191391, 13.182, 239.2
1697249673.8564403, 0.00018865, 4.19619e-05, 0.000191332, 12.708, 239.1
1697249675.042084, 0.000188471, 4.2856e-05, 0.00019157, 13.302, 239.1
1697249676.2369802, 0.000187875, 4.375e-05, 0.000191749, 12.954, 239.0
1697249677.4268427, 0.000186385, 4.375e-05, 0.000193239, 13.032, 238.9
1697249678.6249886, 0.000188232, 4.39289e-05, 0.000193537, 12.648, 238.8
1697249679.8118591, 0.000187219, 4.29752e-05, 0.000193776, 12.24, 238.7
1697249680.996991, 0.000186861, 4.35116e-05, 0.000194193, 12.09, 238.7
1697249682.1852124, 0.000187517, 4.38096e-05, 0.000194133, 12.594, 238.6
1697249683.3686488, 0.000186861, 4.39289e-05, 0.000194372, 12.762, 238.5
1697249684.563775, 0.000188173, 4.27964e-05, 0.000194968, 12.582, 238.5
1697249685.7478209, 0.000188054, 4.2856e-05, 0.000194908, 12.48, 238.4
1697249686.9486425, 0.000187398, 4.32732e-05, 0.000193895, 12.966, 238.3
1697249688.13789, 0.000190438, 4.17831e-05, 0.000192464, 13.086, 238.2
1697249689.3312604, 0.000187636, 4.3452e-05, 0.000193537, 13.08, 238.1
1697249690.51664, 0.000188173, 4.30944e-05, 0.00019312, 12.978, 238.1
1697249691.7090373, 0.000186385, 4.3154e-05, 0.000193478, 12.762, 238.0
1697249692.8946283, 0.000189007, 4.3154e-05, 0.000192762, 13.05, 237.9
1697249694.0872216, 0.000187517, 4.375e-05, 0.000194491, 12.528, 237.8
1697249695.2803056, 0.000187994, 4.29752e-05, 0.00019455, 12.426, 237.8
1697249696.47131, 0.000187458, 4.19023e-05, 0.000194074, 12.81, 237.7
1697249697.6640291, 0.000189723, 4.20811e-05, 0.000192643, 13.056, 237.6
1697249698.853522, 0.000189365, 4.27964e-05, 0.000191213, 12.948, 237.5
1697249700.047004, 0.0001871, 4.39289e-05, 0.00019312, 12.888, 237.5
1697249701.2390802, 0.000186981, 4.3452e-05, 0.000195087, 12.642, 237.4
1697249702.433197, 0.000187577, 4.23791e-05, 0.000193418, 12.06, 237.3
1697249703.6284163, 0.000189365, 4.23791e-05, 0.000191987, 12.996, 237.3
1697249704.828478, 0.000189305, 4.15447e-05, 0.000193478, 12.786, 237.2
1697249706.053353, 0.000189723, 4.30944e-05, 0.000194372, 12.33, 237.1
1697249707.2424846, 0.000189246, 4.24387e-05, 0.000192941, 12.24, 237.0
1697249708.4382846, 0.000189246, 4.26176e-05, 0.00019306, 13.236, 237.0
1697249709.6288857, 0.000189484, 4.36904e-05, 0.000194491, 13.29, 236.9
1697249710.8250704, 0.000187577, 4.50613e-05, 0.000194908, 12.924, 236.8
1697249712.0180974, 0.000188828, 4.30944e-05, 0.000195206, 12.588, 236.7
1697249713.2096214, 0.00019014, 4.2856e-05, 0.000193716, 12.996, 236.6
1697249714.4030666, 0.000190199, 4.19619e-05, 0.000192405, 12.84, 236.5
1697249715.5992203, 0.000188232, 4.35712e-05, 0.000194372, 12.888, 236.5
1697249716.7853737, 0.000187934, 4.39885e-05, 0.000194372, 13.122, 236.4
1697249717.9770887, 0.000187875, 4.35712e-05, 0.000195564, 12.792, 236.3
1697249719.1681552, 0.000188292, 4.35712e-05, 0.000196219, 12.54, 236.3
1697249720.362546, 0.000190378, 4.32136e-05, 0.000193537, 12.864, 236.2
1697249721.5588238, 0.000192047, 4.45249e-05, 0.000193299, 13.41, 236.1
1697249722.7509878, 0.000189186, 4.375e-05, 0.00019467, 13.074, 236.1
1697249723.9475908, 0.000188828, 4.49421e-05, 0.000195802, 12.672, 236.0
1697249725.1364088, 0.000189901, 4.33328e-05, 0.000195981, 12.774, 235.9
1697249726.3251579, 0.000190974, 4.24387e-05, 0.000195266, 12.51, 235.8
1697249727.5065243, 0.000191093, 4.41673e-05, 0.000195921, 12.45, 235.8
1697249728.7039957, 0.000190438, 4.24387e-05, 0.000193239, 12.75, 235.7
1697249729.900315, 0.000191451, 4.26176e-05, 0.00019461, 13.188, 235.6
1697249731.0929813, 0.000188113, 4.3154e-05, 0.000195564, 12.894, 235.5
1697249732.2883892, 0.00019008, 4.375e-05, 0.000196339, 12.528, 235.5
1697249733.4731185, 0.000189782, 4.38693e-05, 0.000194491, 12.036, 235.4
1697249734.6657982, 0.000192345, 4.39289e-05, 0.000196219, 12.918, 235.3
1697249735.8593712, 0.00019163, 4.18427e-05, 0.00019461, 12.78, 235.2
1697249737.0486965, 0.000189842, 4.16639e-05, 0.000192524, 13.164, 235.2
1697249738.23508, 0.000190497, 4.13063e-05, 0.000194014, 13.056, 235.1
1697249739.4280488, 0.000188888, 4.25579e-05, 0.000194133, 12.858, 235.0
1697249740.6213582, 0.000189544, 4.53594e-05, 0.0001961, 12.804, 235.0
1697249741.8103886, 0.000189842, 4.48229e-05, 0.000195385, 12.594, 234.9
1697249743.0026538, 0.000189901, 4.375e-05, 0.000194312, 12.498, 234.8
1697249744.1870143, 0.000189901, 4.3154e-05, 0.000195981, 12.432, 234.8
1697249745.3810263, 0.000190736, 4.29156e-05, 0.000195266, 12.516, 234.7
1697249746.570345, 0.000190855, 4.27964e-05, 0.000193776, 13.332, 234.6
1697249747.7714462, 0.000189305, 4.39885e-05, 0.000196398, 12.846, 234.5
1697249748.9608073, 0.000189603, 4.35116e-05, 0.000195445, 12.792, 234.5
1697249750.1469858, 0.00019008, 4.53594e-05, 0.000196577, 12.75, 234.4
1697249751.3350518, 0.000190497, 4.45249e-05, 0.000195445, 12.972, 234.3
1697249752.5228136, 0.000189424, 4.45845e-05, 0.000195325, 12.72, 234.3
1697249753.7162125, 0.000190736, 4.50613e-05, 0.000197054, 12.558, 234.2
1697249754.9073641, 0.000189603, 4.35116e-05, 0.000197233, 12.636, 234.1
1697249756.1060727, 0.000190915, 4.32732e-05, 0.000193835, 13.326, 234.0
1697249757.293149, 0.000190974, 4.22599e-05, 0.000194014, 13.29, 234.0
1697249758.482485, 0.000191213, 4.19619e-05, 0.000194074, 12.996, 233.9
1697249759.6701655, 0.000190617, 4.20811e-05, 0.000193001, 12.81, 233.8
1697249760.8579953, 0.000188411, 4.29752e-05, 0.000193418, 12.876, 233.8
1697249762.0530863, 0.000189901, 4.41077e-05, 0.000196398, 13.122, 233.7
1697249763.2437694, 0.000189305, 4.375e-05, 0.000197352, 12.552, 233.6
1697249764.439074, 0.000188352, 4.38096e-05, 0.000196041, 12.684, 233.6
1697249765.632694, 0.000191987, 4.22003e-05, 0.000194372, 13.17, 233.5
1697249766.8216004, 0.000191213, 4.2856e-05, 0.000194312, 13.116, 233.4
1697249768.0076876, 0.000192703, 4.26772e-05, 0.000194968, 13.428, 233.3
1697249769.1959481, 0.000189544, 4.27368e-05, 0.000192405, 13.41, 233.3
1697249770.3861046, 0.00019014, 4.20811e-05, 0.000192762, 13.134, 233.2
1697249771.5743997, 0.000189305, 4.30944e-05, 0.00019312, 13.08, 233.2
1697249772.7818859, 0.000188232, 4.35116e-05, 0.000194312, 12.762, 233.1
1697249773.9666324, 0.000190319, 4.16639e-05, 0.000194729, 12.942, 233.0
1697249775.1591222, 0.000191213, 4.24983e-05, 0.000194252, 13.428, 233.0
1697249776.352656, 0.000189901, 4.26772e-05, 0.000194312, 13.086, 232.9
1697249777.5482988, 0.000187875, 4.36904e-05, 0.000195623, 12.558, 232.8
1697249778.7383413, 0.000189484, 4.36904e-05, 0.000195147, 12.72, 232.7
1697249779.9306517, 0.000190319, 4.26772e-05, 0.000193418, 12.99, 232.6
1697249781.1322422, 0.000191689, 4.20215e-05, 0.000192882, 12.51, 232.6
1697249782.3275657, 0.000189067, 4.45845e-05, 0.000196637, 12.54, 232.5
1697249783.5215447, 0.000192107, 4.14851e-05, 0.000194968, 12.948, 232.5
1697249784.7130594, 0.000190557, 4.16043e-05, 0.000193478, 12.96, 232.4
1697249785.899104, 0.000191093, 4.22599e-05, 0.000193239, 12.894, 232.3
1697249787.087047, 0.000191868, 4.36904e-05, 0.000194074, 13.368, 232.2
1697249788.2799296, 0.000187577, 4.40481e-05, 0.000192941, 12.834, 232.2
1697249789.480979, 0.00018865, 4.48229e-05, 0.000194312, 12.834, 232.1
1697249790.6796365, 0.000189723, 4.15447e-05, 0.000193537, 13.104, 232.0
1697249791.8672657, 0.000188173, 4.56574e-05, 0.000193954, 12.75, 232.0
1697249793.0612557, 0.000188471, 4.52402e-05, 0.00019455, 12.534, 231.9
1697249794.252568, 0.000189842, 4.38096e-05, 0.000196637, 12.504, 231.8
1697249795.446005, 0.000189901, 4.22599e-05, 0.000194431, 12.714, 231.8
1697249796.64094, 0.000190378, 4.20811e-05, 0.000194133, 13.35, 231.7
1697249797.8352191, 0.000190497, 4.26176e-05, 0.000193001, 12.888, 231.6
1697249799.0386434, 0.00018865, 4.38096e-05, 0.000193597, 13.002, 231.6
1697249800.240903, 0.000189305, 4.33924e-05, 0.000195623, 12.402, 231.5
1697249801.4337738, 0.000190378, 4.13063e-05, 0.000194431, 12.642, 231.4
1697249802.6292777, 0.000191153, 4.19023e-05, 0.000193954, 13.092, 231.4
1697249803.8164413, 0.000190617, 4.27368e-05, 0.000193597, 13.188, 231.3
1697249805.0123923, 0.000189365, 4.48825e-05, 0.000196339, 12.942, 231.2
1697249806.222267, 0.000190438, 4.3154e-05, 0.000194372, 13.092, 231.1
1697249807.40867, 0.00018716, 4.24387e-05, 0.000193239, 12.738, 231.1
1697249808.5993817, 0.000188292, 4.42269e-05, 0.000195862, 12.636, 231.0
1697249809.785869, 0.000188769, 4.3452e-05, 0.000196279, 12.45, 230.9
1697249810.9822783, 0.000190617, 4.29752e-05, 0.00019455, 12.474, 230.9
1697249812.1772, 0.000191749, 4.20215e-05, 0.000193418, 12.81, 230.8
1697249813.374172, 0.000189067, 4.33924e-05, 0.000193239, 13.086, 230.7
1697249814.581873, 0.000189663, 4.22003e-05, 0.000192941, 13.11, 230.7
1697249815.7647038, 0.000189901, 4.13659e-05, 0.000193597, 12.978, 230.6
1697249816.959567, 0.000190319, 4.23195e-05, 0.000195623, 13.134, 230.5
1697249818.1491258, 0.000190855, 4.44653e-05, 0.000197173, 12.846, 230.5
1697249819.3452358, 0.000189365, 4.42269e-05, 0.000195504, 12.408, 230.4
1697249820.527124, 0.000190795, 4.21407e-05, 0.000193954, 12.456, 230.3
1697249821.7206783, 0.000191689, 4.29752e-05, 0.000194312, 12.942, 230.2
1697249822.9236498, 0.000190915, 4.23791e-05, 0.000195564, 12.966, 230.2
1697249824.1164558, 0.000189246, 4.44057e-05, 0.000195147, 12.276, 230.1
1697249825.309816, 0.000189484, 4.20215e-05, 0.000194252, 12.48, 230.0
1697249826.4947307, 0.000191868, 4.26772e-05, 0.000195862, 12.6, 230.0
1697249827.6781535, 0.000190736, 4.39885e-05, 0.00019616, 12.528, 229.9
1697249828.872728, 0.000190497, 4.21407e-05, 0.000193418, 12.888, 229.8
1697249830.0565097, 0.000189901, 4.25579e-05, 0.000192405, 12.972, 229.8
1697249831.2534027, 0.000190855, 4.23791e-05, 0.00019455, 13.554, 229.7
1697249832.4483626, 0.000190855, 4.52402e-05, 0.000197531, 13.152, 229.7
1697249833.641078, 0.000191391, 4.35116e-05, 0.00019771, 12.42, 229.6
1697249834.8304563, 0.000190974, 4.39289e-05, 0.000196279, 12.642, 229.5
1697249836.0246866, 0.000192464, 4.26772e-05, 0.00019461, 13.164, 229.5
1697249837.2367928, 0.000192882, 4.27964e-05, 0.000195147, 12.984, 229.4
1697249838.4324255, 0.000189186, 4.27964e-05, 0.000194312, 12.882, 229.3
1697249839.6293597, 0.000189007, 4.36904e-05, 0.000195802, 12.342, 229.2
1697249840.825498, 0.000192286, 4.29752e-05, 0.00019461, 13.404, 229.2
1697249842.0170493, 0.000190497, 4.1187e-05, 0.000194729, 13.002, 229.1
1697249843.2056582, 0.00019008, 4.32732e-05, 0.000194908, 13.404, 229.1
1697249844.3952112, 0.00019008, 4.43461e-05, 0.000195445, 13.242, 229.0
1697249845.5882938, 0.000190319, 4.52998e-05, 0.000197412, 12.768, 228.9
1697249846.7779937, 0.00019008, 4.39885e-05, 0.000196756, 12.378, 228.8
1697249847.9816456, 0.000191868, 4.3452e-05, 0.000195683, 13.068, 228.8
1697249849.16593, 0.000192405, 4.33924e-05, 0.000194431, 13.158, 228.7
1697249850.3577023, 0.000189961, 4.38096e-05, 0.000196517, 12.732, 228.7
1697249851.5503764, 0.000189186, 4.44057e-05, 0.000196637, 12.516, 228.6
1697249852.7448432, 0.000190974, 4.24387e-05, 0.000195385, 12.426, 228.5
1697249853.9319367, 0.000190676, 4.29752e-05, 0.000195743, 12.474, 228.5
1697249855.1288378, 0.000192584, 4.25579e-05, 0.000196279, 13.398, 228.4
1697249856.317261, 0.000190617, 4.52402e-05, 0.000196935, 13.17, 228.3
1697249857.5179484, 0.000190915, 4.42865e-05, 0.000196279, 12.3, 228.3
1697249858.704167, 0.000192345, 4.41077e-05, 0.00019759, 12.702, 228.2
1697249859.8904977, 0.000191868, 4.42269e-05, 0.000197173, 12.624, 228.1
1697249861.084862, 0.000193358, 4.33924e-05, 0.000196875, 12.684, 228.1
1697249862.2843459, 0.000190736, 4.48229e-05, 0.000196815, 12.642, 228.0
1697249863.4744117, 0.000190617, 4.3452e-05, 0.000197531, 12.132, 227.9
1697249864.6603892, 0.000190855, 4.49421e-05, 0.000197292, 12.654, 227.9
1697249865.8574378, 0.000190855, 4.29156e-05, 0.000196875, 12.72, 227.8
1697249867.0455685, 0.000192345, 4.16043e-05, 0.000196935, 12.69, 227.7
1697249868.2334635, 0.000191213, 4.03526e-05, 0.000195921, 12.894, 227.7
1697249869.4262228, 0.00019163, 4.42269e-05, 0.0001961, 13.548, 227.6
1697249870.6123679, 0.000192345, 4.44653e-05, 0.000196577, 13.188, 227.5
1697249871.7953157, 0.000191213, 4.32136e-05, 0.000196577, 12.876, 227.5
1697249872.9879386, 0.000192286, 4.29156e-05, 0.000196339, 12.684, 227.4
1697249874.1891968, 0.000192762, 4.5419e-05, 0.000198663, 12.564, 227.4
1697249875.3712063, 0.000192584, 4.39289e-05, 0.00019908, 12.294, 227.3
1697249876.563231, 0.000191213, 4.40481e-05, 0.000198067, 12.828, 227.2
1697249877.7513947, 0.000194372, 4.41077e-05, 0.000199498, 13.05, 227.2
1697249878.9481626, 0.000192762, 4.16639e-05, 0.000196815, 12.84, 227.1
1697249880.1363022, 0.000193835, 4.38096e-05, 0.000195504, 13.266, 227.0
1697249881.3331134, 0.000192882, 4.55978e-05, 0.000200094, 12.762, 227.0
1697249882.5365877, 0.00019318, 4.2856e-05, 0.000196935, 13.044, 226.9
1697249883.7211597, 0.000193954, 4.44057e-05, 0.0001961, 13.218, 226.8
1697249884.909659, 0.000192643, 4.46441e-05, 0.0001992, 12.468, 226.8
1697249886.1083596, 0.000191093, 4.48229e-05, 0.000196935, 12.432, 226.7
1697249887.2935731, 0.000192643, 4.32732e-05, 0.000199378, 12.606, 226.6
1697249888.4809492, 0.000191809, 4.47633e-05, 0.00019914, 12.618, 226.6
1697249889.6674297, 0.000191749, 4.57766e-05, 0.000197412, 12.336, 226.5
1697249890.8781352, 0.000192226, 4.20811e-05, 0.000197233, 12.57, 226.5
1697249892.0646086, 0.00019163, 4.47633e-05, 0.000198425, 12.84, 226.4
1697249893.2603648, 0.000192405, 4.40481e-05, 0.000198663, 12.774, 226.3
1697249894.451212, 0.000193954, 4.2856e-05, 0.000197233, 12.798, 226.2
1697249895.6382272, 0.000191511, 4.23791e-05, 0.000195087, 12.99, 226.2
1697249896.8252444, 0.000195266, 4.26772e-05, 0.000198782, 12.936, 226.1
1697249898.0163734, 0.000195206, 4.38693e-05, 0.000197829, 13.362, 226.1
1697249899.2211418, 0.000193418, 4.51209e-05, 0.000198246, 12.456, 226.0
1697249900.4114344, 0.000193895, 4.26176e-05, 0.000198008, 12.732, 226.0
1697249901.5991712, 0.000194372, 4.3154e-05, 0.000199259, 12.81, 225.9
1697249902.7871487, 0.000194849, 4.3452e-05, 0.000199021, 13.152, 225.8
1697249903.9719322, 0.000196041, 4.29752e-05, 0.000199855, 12.96, 225.8
1697249905.1594121, 0.000195623, 4.26176e-05, 0.000198484, 13.128, 225.7
1697249906.352417, 0.000194431, 4.23791e-05, 0.000197769, 13.134, 225.6
1697249907.5390794, 0.00019467, 4.3452e-05, 0.000197948, 13.47, 225.6
1697249908.730009, 0.00019312, 4.53594e-05, 0.000200511, 13.152, 225.5
1697249909.931133, 0.000194908, 4.3154e-05, 0.000199498, 12.672, 225.4
1697249911.120655, 0.000195147, 4.30944e-05, 0.000199975, 12.684, 225.4
1697249912.3056839, 0.000195921, 4.48825e-05, 0.000198842, 12.708, 225.3
1697249913.4991136, 0.000195445, 4.32732e-05, 0.000198306, 13.11, 225.3
1697249914.6820247, 0.000195921, 4.32136e-05, 0.00019914, 12.918, 225.2
1697249915.876283, 0.000194312, 4.44057e-05, 0.000198127, 13.056, 225.1
1697249917.0717137, 0.000194849, 4.6015e-05, 0.000199319, 12.354, 225.1
1697249918.263892, 0.000193716, 4.47633e-05, 0.000199736, 12.636, 225.0
1697249919.457004, 0.000195743, 4.36904e-05, 0.000199438, 12.72, 225.0
1697249920.6457746, 0.000196339, 4.2856e-05, 0.000199617, 13.188, 224.9
1697249921.838607, 0.000193895, 4.32732e-05, 0.000199021, 12.972, 224.8
1697249923.0261326, 0.000193537, 4.44057e-05, 0.000199378, 13.104, 224.8
1697249924.2157443, 0.000193478, 4.48229e-05, 0.000199736, 13.182, 224.7
1697249925.4177783, 0.000193954, 4.35712e-05, 0.000199378, 13.08, 224.6
1697249926.6130369, 0.000195445, 4.52998e-05, 0.000200869, 13.194, 224.6
1697249927.8007429, 0.000193835, 4.45845e-05, 0.000199736, 12.87, 224.5
1697249928.9994109, 0.000193716, 4.39885e-05, 0.00019908, 12.336, 224.5
1697249930.185717, 0.000195266, 4.42865e-05, 0.000198484, 12.444, 224.4
1697249931.3827844, 0.000194312, 4.49421e-05, 0.00019759, 13.11, 224.4
1697249932.5683572, 0.000194133, 4.38693e-05, 0.0001992, 13.092, 224.3
1697249933.7652113, 0.000191928, 4.36904e-05, 0.000199736, 12.306, 224.2
1697249934.9580183, 0.000194372, 4.2856e-05, 0.000198663, 12.744, 224.2
1697249936.1545293, 0.00019467, 4.54786e-05, 0.000199378, 13.41, 224.1
1697249937.3477454, 0.000194252, 4.52402e-05, 0.000200988, 12.654, 224.1
1697249938.544634, 0.000194252, 4.17831e-05, 0.000198663, 12.462, 224.0
1697249939.7266452, 0.000194252, 4.38096e-05, 0.000197292, 13.068, 223.9
1697249940.923279, 0.000194372, 4.3154e-05, 0.000199021, 13.272, 223.9
1697249942.1210275, 0.000194968, 4.38096e-05, 0.000201763, 12.492, 223.8
1697249943.3139856, 0.000194312, 4.32732e-05, 0.00019759, 12.354, 223.7
1697249944.5006583, 0.000194312, 4.43461e-05, 0.000198604, 12.948, 223.7
1697249945.6897364, 0.000195266, 4.19619e-05, 0.000198902, 12.948, 223.6
1697249946.877112, 0.00019467, 4.21407e-05, 0.000198008, 12.87, 223.6
1697249948.062401, 0.000196935, 4.39289e-05, 0.000199915, 13.41, 223.5
1697249949.2597766, 0.000194908, 4.51209e-05, 0.000200571, 12.684, 223.5
1697249950.454553, 0.000193835, 4.51209e-05, 0.000199498, 12.348, 223.4
1697249951.6398108, 0.000195445, 4.53594e-05, 0.000201345, 12.774, 223.3
1697249952.8266878, 0.000195802, 4.51806e-05, 0.000203014, 12.564, 223.3
1697249954.0192535, 0.000196637, 4.23791e-05, 0.000199855, 12.726, 223.2
1697249955.2166266, 0.000196041, 4.61938e-05, 0.000201167, 12.966, 223.1
1697249956.4069593, 0.000195802, 4.62534e-05, 0.000203014, 12.57, 223.1
1697249957.6011968, 0.000196696, 4.19619e-05, 0.000201167, 12.768, 223.0
1697249958.8129942, 0.000193478, 4.52402e-05, 0.000200332, 12.312, 223.0
1697249960.0027812, 0.000196815, 4.47633e-05, 0.000199796, 13.128, 222.9
1697249961.1889515, 0.000198246, 4.35116e-05, 0.000200749, 12.888, 222.8
1697249962.374144, 0.000197292, 4.40481e-05, 0.000198902, 12.984, 222.8
1697249963.6020672, 0.000193954, 4.44057e-05, 0.000198663, 12.99, 222.7
1697249964.8121917, 0.000194133, 4.50613e-05, 0.000199378, 12.918, 222.7
1697249966.00128, 0.000194968, 4.63726e-05, 0.000200749, 12.96, 222.6
1697249967.2036884, 0.000195921, 4.36308e-05, 0.000199796, 13.038, 222.5
1697249968.3969235, 0.000194491, 4.42865e-05, 0.000200869, 12.948, 222.5
1697249969.5894234, 0.00019461, 4.61342e-05, 0.000201763, 12.798, 222.4
1697249970.7786705, 0.000195504, 4.61938e-05, 0.000202299, 12.66, 222.3
1697249971.9662797, 0.000195445, 4.35712e-05, 0.000201465, 12.276, 222.3
1697249973.1602385, 0.000196041, 4.3154e-05, 0.000198782, 12.846, 222.2
1697249974.3451133, 0.000196219, 4.47633e-05, 0.000198306, 13.044, 222.2
1697249975.5604286, 0.000194372, 4.3154e-05, 0.000200809, 13.122, 222.1
1697249976.7546985, 0.000195802, 4.43461e-05, 0.000199975, 13.128, 222.1
1697249977.9448369, 0.00019318, 4.46441e-05, 0.0001992, 12.84, 222.0
1697249979.1319175, 0.000193478, 4.55978e-05, 0.000199915, 12.672, 221.9
1697249980.3242826, 0.000195862, 4.53594e-05, 0.000201047, 12.378, 221.9
1697249981.5096786, 0.000196577, 4.52402e-05, 0.000202239, 12.306, 221.8
1697249982.6968157, 0.000195981, 4.32732e-05, 0.000200511, 12.312, 221.8
1697249983.899665, 0.000196041, 4.32732e-05, 0.000200034, 12.93, 221.7
1697249985.0904992, 0.000196279, 4.57766e-05, 0.000202418, 12.798, 221.6
1697249986.2811034, 0.000195981, 4.5717e-05, 0.000203789, 12.75, 221.6
1697249987.4676862, 0.000195623, 4.43461e-05, 0.000201763, 12.48, 221.5
1697249988.662838, 0.000197292, 4.3452e-05, 0.000200153, 12.912, 221.5
1697249989.8505526, 0.000197888, 4.39289e-05, 0.000199676, 13.122, 221.4
1697249991.0366077, 0.000195206, 4.32136e-05, 0.00019908, 12.87, 221.3
1697249992.2325592, 0.000196637, 4.33924e-05, 0.000199498, 12.9, 221.3
1697249993.4213624, 0.000194968, 4.5717e-05, 0.000201643, 12.57, 221.2
1697249994.612663, 0.000196279, 4.63726e-05, 0.000203312, 12.75, 221.2
1697249995.8008976, 0.000195802, 4.49421e-05, 0.000201047, 12.414, 221.1
1697249996.9999502, 0.000195623, 4.42865e-05, 0.000200213, 13.146, 221.0
1697249998.1891096, 0.000195921, 4.45845e-05, 0.000201882, 13.14, 221.0
1697249999.3726044, 0.000195743, 4.33924e-05, 0.000200749, 12.792, 220.9
1697250000.5750232, 0.0001961, 4.71475e-05, 0.000202239, 13.038, 220.9
1697250001.762291, 0.000197233, 4.43461e-05, 0.000201405, 12.93, 220.8
1697250002.9490118, 0.000196041, 4.29752e-05, 0.000199915, 12.888, 220.8
1697250004.1394193, 0.0001961, 4.41077e-05, 0.000198484, 13.554, 220.7
1697250005.3329554, 0.000195087, 4.51806e-05, 0.000201405, 12.762, 220.6
1697250006.524647, 0.000193835, 4.56574e-05, 0.000200749, 12.552, 220.6
1697250007.719018, 0.000195921, 4.50613e-05, 0.000202716, 12.756, 220.5
1697250008.9098787, 0.000195743, 4.21407e-05, 0.000199617, 12.828, 220.5
1697250010.1059637, 0.000194312, 4.53594e-05, 0.000200213, 12.696, 220.4
1697250011.2876039, 0.000195921, 4.44653e-05, 0.000200273, 12.9, 220.3
1697250012.4762366, 0.000195325, 4.44653e-05, 0.000200571, 12.816, 220.3
1697250013.6618583, 0.000193358, 4.49421e-05, 0.000198842, 13.05, 220.2
1697250014.8511398, 0.000194074, 4.5717e-05, 0.000200809, 13.11, 220.2
1697250016.0418751, 0.000195087, 4.46441e-05, 0.000203014, 12.654, 220.1
1697250017.2372386, 0.000196756, 4.26176e-05, 0.000200988, 12.54, 220.0
1697250018.4358282, 0.000195564, 4.59554e-05, 0.000201107, 12.858, 220.0
1697250019.6248896, 0.000193418, 4.61938e-05, 0.000200273, 12.852, 219.9
1697250020.8179715, 0.000196637, 4.51806e-05, 0.000201405, 12.714, 219.9
1697250022.0081, 0.000196577, 4.2856e-05, 0.000200451, 12.654, 219.8
1697250023.2009664, 0.000195087, 4.35712e-05, 0.000198186, 13.038, 219.8
1697250024.3945467, 0.000194133, 4.45249e-05, 0.000199259, 12.582, 219.7
1697250025.5861268, 0.000191987, 4.57766e-05, 0.000199676, 12.816, 219.6
1697250026.785419, 0.00019467, 4.57766e-05, 0.00019908, 13.248, 219.6
1697250027.9737024, 0.0001961, 4.47037e-05, 0.000200928, 13.416, 219.5
1697250029.1670527, 0.000193478, 4.35116e-05, 0.000199975, 12.744, 219.5
1697250030.3585107, 0.000193537, 4.51209e-05, 0.000199975, 12.564, 219.4
1697250031.550745, 0.000195385, 4.55978e-05, 0.000201107, 12.576, 219.3
1697250032.7364552, 0.000196935, 4.42269e-05, 0.000199259, 12.966, 219.3
1697250033.9361901, 0.000194431, 4.38693e-05, 0.000198782, 12.984, 219.2
1697250035.1329503, 0.000193418, 4.23791e-05, 0.000197531, 12.3, 219.2
1697250036.318209, 0.000194729, 4.6313e-05, 0.000202538, 12.924, 219.1
1697250037.5067863, 0.000194908, 4.56574e-05, 0.000201882, 12.636, 219.1
1697250038.697045, 0.000194074, 4.51806e-05, 0.000200332, 12.528, 219.0
1697250039.8887773, 0.000197113, 4.5419e-05, 0.000199915, 12.996, 219.0
1697250041.0763733, 0.000194312, 4.29752e-05, 0.000198663, 12.354, 218.9
1697250042.2684665, 0.000196637, 4.35116e-05, 0.000199319, 13.446, 218.8
1697250043.4645522, 0.000194312, 4.45249e-05, 0.000200213, 12.762, 218.8
1697250044.6631317, 0.000197173, 4.50017e-05, 0.000200749, 12.582, 218.7
1697250045.855235, 0.000196696, 4.17831e-05, 0.000200273, 12.9, 218.6
1697250047.0359285, 0.000196815, 4.52402e-05, 0.000199438, 13.338, 218.6
1697250048.2338214, 0.000196994, 4.3452e-05, 0.000200034, 12.972, 218.5
1697250049.421094, 0.000195743, 4.41077e-05, 0.000198961, 13.086, 218.5
1697250050.6102004, 0.000195445, 4.5717e-05, 0.00020212, 13.314, 218.4
1697250051.8103588, 0.000194014, 4.59554e-05, 0.000201047, 12.606, 218.4
1697250053.0101607, 0.000196458, 4.51209e-05, 0.000200928, 13.17, 218.3
1697250054.2041209, 0.000194014, 4.51209e-05, 0.000201822, 12.834, 218.3
1697250055.3895454, 0.000194849, 4.63726e-05, 0.000202299, 13.044, 218.2
1697250056.5886989, 0.000197054, 4.3452e-05, 0.000200153, 12.546, 218.1
1697250057.7692814, 0.00019461, 4.44057e-05, 0.000200332, 12.33, 218.1
1697250058.9685678, 0.000196577, 4.33328e-05, 0.000200451, 13.404, 218.0
1697250060.1560502, 0.000195504, 4.21407e-05, 0.000198484, 12.792, 218.0
1697250061.351954, 0.000194729, 4.70283e-05, 0.000201882, 12.78, 217.9
1697250062.544956, 0.000196577, 4.45249e-05, 0.00020218, 12.24, 217.9
1697250063.7336931, 0.000196577, 4.22003e-05, 0.000200749, 12.792, 217.8
1697250064.931479, 0.00019616, 4.47633e-05, 0.000199498, 13.362, 217.8
1697250066.1196902, 0.000194491, 4.375e-05, 0.00019771, 12.888, 217.7
1697250067.3067744, 0.000194252, 4.53594e-05, 0.000199676, 12.906, 217.7
1697250068.4910953, 0.000192941, 4.38693e-05, 0.000197948, 13.032, 217.6
1697250069.6947904, 0.000193954, 4.48825e-05, 0.000200511, 12.51, 217.5
1697250070.879719, 0.000195743, 4.3452e-05, 0.000201167, 12.33, 217.5
1697250072.0717678, 0.000195504, 4.38693e-05, 0.000199319, 12.624, 217.4
1697250073.2580936, 0.000196219, 4.22599e-05, 0.00020069, 12.798, 217.3
1697250074.4403222, 0.000195087, 4.35712e-05, 0.000198484, 12.36, 217.3
1697250075.6301677, 0.00019765, 4.33924e-05, 0.000201465, 12.93, 217.2
1697250076.8205984, 0.000195802, 4.33924e-05, 0.000198067, 12.804, 217.2
1697250078.019213, 0.000196756, 4.32732e-05, 0.000201763, 13.212, 217.1
1697250079.2041593, 0.000194312, 4.44057e-05, 0.000200869, 12.804, 217.1
1697250080.397752, 0.000194372, 4.61938e-05, 0.000201107, 12.66, 217.0
1697250081.5949948, 0.000196935, 4.38096e-05, 0.000200034, 12.99, 217.0
1697250082.7774322, 0.000194849, 4.24387e-05, 0.000198306, 12.69, 216.9
1697250083.966687, 0.000197113, 4.30944e-05, 0.000200273, 12.894, 216.9
1697250085.155665, 0.000197352, 4.26176e-05, 0.000199617, 13.044, 216.8
1697250086.3611517, 0.00019461, 4.48825e-05, 0.000198663, 12.204, 216.8
1697250087.5463676, 0.000195564, 4.59554e-05, 0.00020218, 12.546, 216.7
1697250088.7367575, 0.000194849, 4.35116e-05, 0.000200511, 12.504, 216.6
1697250089.9273162, 0.0001961, 4.30348e-05, 0.000200273, 12.594, 216.6
1697250091.1166148, 0.000196994, 4.375e-05, 0.000200034, 13.176, 216.5
1697250092.3078866, 0.000194849, 4.54786e-05, 0.000198604, 12.93, 216.5
1697250093.5062711, 0.000194729, 4.56574e-05, 0.000201703, 12.624, 216.4
1697250094.688984, 0.000194372, 4.51806e-05, 0.000202776, 12.468, 216.4
1697250095.8859706, 0.00019765, 4.42865e-05, 0.000200332, 13.092, 216.3
1697250097.0726452, 0.000197352, 4.375e-05, 0.000200988, 12.384, 216.3
1697250098.2585974, 0.000195981, 4.36904e-05, 0.000199796, 12.726, 216.2
1697250099.445101, 0.00019759, 4.375e-05, 0.000202239, 12.846, 216.1
1697250100.6424446, 0.000195266, 4.39289e-05, 0.000200511, 12.876, 216.1
1697250101.831932, 0.000195564, 4.56574e-05, 0.000199975, 13.326, 216.0
1697250103.0190544, 0.000195743, 4.5717e-05, 0.000201584, 12.78, 216.0
1697250104.2232304, 0.000195206, 4.24387e-05, 0.000199676, 12.846, 216.0
1697250105.4200878, 0.00019467, 4.47037e-05, 0.000201167, 13.026, 215.9
1697250106.6106796, 0.000195802, 4.71475e-05, 0.000202776, 12.804, 215.8
1697250107.9188883, 0.000196279, 4.44653e-05, 0.000203253, 12.6, 215.8
1697250109.1592226, 0.000196935, 4.45249e-05, 0.000201047, 13.542, 215.7
1697250110.3620193, 0.000195743, 4.50613e-05, 0.000202418, 12.39, 215.7
1697250111.5509067, 0.000194908, 4.70879e-05, 0.000201405, 12.522, 215.6
1697250112.7379494, 0.000196875, 4.69687e-05, 0.000202955, 12.564, 215.6
1697250113.9246812, 0.000195921, 4.54786e-05, 0.000203014, 12.438, 215.5
1697250115.119069, 0.0001961, 4.30348e-05, 0.000200869, 12.606, 215.4
1697250116.3011842, 0.00019765, 4.50017e-05, 0.000202359, 12.738, 215.4
1697250117.4922295, 0.000197888, 4.3154e-05, 0.000202359, 12.738, 215.3
1697250118.6869574, 0.000197173, 4.41077e-05, 0.000201524, 13.122, 215.3
1697250119.8816853, 0.000195862, 4.57766e-05, 0.000202299, 12.744, 215.2
1697250121.0684972, 0.000196458, 4.66707e-05, 0.000203134, 12.768, 215.2
1697250122.2496817, 0.000196041, 4.55382e-05, 0.000202657, 12.288, 215.1
1697250123.4498506, 0.000197352, 4.45845e-05, 0.000201465, 12.546, 215.1
1697250124.6568065, 0.00019914, 4.47633e-05, 0.000201465, 13.434, 215.0
1697250125.8809733, 0.000195981, 4.57766e-05, 0.000203253, 12.39, 215.0
1697250127.0842922, 0.000195564, 4.49421e-05, 0.000200809, 13.206, 214.9
1697250128.3060393, 0.000197054, 4.73263e-05, 0.000203074, 12.618, 214.8
1697250129.5213368, 0.000196875, 4.45845e-05, 0.000202836, 12.756, 214.8
1697250130.7224987, 0.000195683, 4.58362e-05, 0.000200869, 12.774, 214.7
1697250131.9229226, 0.000196517, 4.49421e-05, 0.000200869, 13.194, 214.7
1697250133.1484594, 0.000196994, 4.39289e-05, 0.000201107, 13.02, 214.6
1697250134.3371906, 0.000194908, 4.6313e-05, 0.000199796, 12.822, 214.6
1697250135.5450544, 0.000197888, 4.41077e-05, 0.000201763, 13.218, 214.5
1697250136.737964, 0.000196398, 4.32732e-05, 0.000200809, 13.08, 214.5
1697250137.9637122, 0.000196696, 4.59554e-05, 0.000202538, 12.354, 214.4
1697250139.1851363, 0.000195683, 4.42269e-05, 0.00020218, 12.738, 214.3
1697250140.3966396, 0.000197173, 4.47037e-05, 0.000201643, 13.008, 214.3
1697250141.6015475, 0.000197233, 4.6313e-05, 0.000204445, 12.48, 214.2
1697250142.7961197, 0.000198067, 4.46441e-05, 0.000203253, 12.612, 214.2
1697250144.0313644, 0.00020063, 4.50613e-05, 0.000201882, 12.876, 214.1
1697250145.2249367, 0.000200034, 4.35116e-05, 0.000203134, 13.068, 214.1
1697250146.4501185, 0.000198663, 4.44653e-05, 0.000201822, 13.134, 214.0
1697250147.6632826, 0.000199736, 4.46441e-05, 0.000202895, 12.864, 214.0
1697250148.8598497, 0.000197352, 4.6313e-05, 0.000205935, 12.738, 213.9
1697250150.058261, 0.000199021, 4.56574e-05, 0.000203074, 12.93, 213.9
1697250151.2642455, 0.000198425, 4.62534e-05, 0.000205518, 12.702, 213.8
1697250152.466299, 0.00019914, 4.23195e-05, 0.000202955, 13.038, 213.8
1697250153.673732, 0.000197531, 4.68495e-05, 0.000201584, 13.056, 213.7
1697250154.8882735, 0.000199676, 4.36904e-05, 0.000203849, 12.666, 213.7
1697250156.1364315, 0.000198723, 4.39289e-05, 0.000202418, 13.038, 213.6
1697250157.3493752, 0.000197173, 4.24387e-05, 0.000201286, 12.93, 213.6
1697250158.5611796, 0.000199676, 4.50613e-05, 0.000201703, 13.128, 213.5
1697250159.7747805, 0.000198246, 4.51209e-05, 0.00020516, 12.534, 213.5
1697250160.9872599, 0.000196875, 4.36308e-05, 0.000203551, 12.726, 213.4
1697250162.1905603, 0.00019771, 4.68495e-05, 0.000203432, 12.618, 213.3
1697250163.3877513, 0.000198902, 4.39289e-05, 0.00020361, 12.69, 213.3
1697250164.6174645, 0.000196577, 4.58362e-05, 0.000203789, 12.558, 213.2
1697250165.8291214, 0.000198067, 4.58362e-05, 0.000202418, 12.87, 213.2
1697250167.0240247, 0.000197769, 4.53594e-05, 0.000206054, 12.648, 213.1
1697250168.2352002, 0.000196339, 4.55382e-05, 0.000202955, 12.462, 213.1
1697250169.4431462, 0.000196696, 4.45845e-05, 0.000201345, 12.876, 213.0
1697250170.6385052, 0.000197173, 4.5717e-05, 0.00020516, 12.732, 213.0
1697250171.8306894, 0.000199319, 4.3452e-05, 0.000203908, 12.63, 212.9
1697250173.026752, 0.000198663, 4.43461e-05, 0.000201882, 12.888, 212.9
1697250174.2102778, 0.000198663, 4.66111e-05, 0.000203253, 13.146, 212.8
1697250175.4209251, 0.000197948, 4.57766e-05, 0.000203014, 12.864, 212.8
1697250176.6101403, 0.000198484, 4.29752e-05, 0.00020212, 13.002, 212.7
1697250177.796941, 0.0001992, 4.32732e-05, 0.000202418, 12.972, 212.7
1697250178.9860601, 0.000199259, 4.54786e-05, 0.000203372, 13.452, 212.6
1697250180.1806169, 0.000197829, 4.67899e-05, 0.000204862, 12.636, 212.6
1697250181.3751843, 0.000198782, 4.58958e-05, 0.00020373, 12.54, 212.5
1697250182.5609503, 0.000199378, 4.41077e-05, 0.000203372, 12.3, 212.5
1697250183.7636585, 0.000200571, 4.43461e-05, 0.000203551, 12.954, 212.4
1697250184.9582262, 0.000198306, 4.5717e-05, 0.000205935, 12.402, 212.4
1697250186.158391, 0.000198842, 4.42865e-05, 0.000202836, 13.194, 212.3
1697250187.3532586, 0.000197173, 4.61938e-05, 0.000205279, 12.6, 212.2
1697250188.534502, 0.00019765, 4.6313e-05, 0.000204564, 12.9, 212.2
1697250189.7255147, 0.000198842, 4.70879e-05, 0.000205279, 12.858, 212.1
1697250190.9086394, 0.000198544, 4.66111e-05, 0.000205697, 12.774, 212.1
1697250192.111777, 0.000198961, 4.60746e-05, 0.000203253, 12.822, 212.1
1697250193.299769, 0.000199378, 4.61938e-05, 0.00020218, 13.266, 212.0
1697250194.4914925, 0.000199676, 4.51209e-05, 0.000202716, 13.23, 212.0
1697250195.6827843, 0.000198961, 4.57766e-05, 0.000203253, 13.098, 211.9
1697250196.8679798, 0.000199855, 4.51806e-05, 0.000203432, 12.906, 211.8
1697250198.054957, 0.000197948, 4.59554e-05, 0.000202597, 12.966, 211.8
1697250199.2472665, 0.000198246, 4.67899e-05, 0.000204743, 12.93, 211.7
1697250200.4377246, 0.000198902, 4.3452e-05, 0.000203014, 12.432, 211.7
1697250201.625939, 0.000197888, 4.48825e-05, 0.00020516, 12.318, 211.6
1697250202.815265, 0.000198186, 4.67899e-05, 0.00020516, 12.786, 211.6
1697250203.9984565, 0.000199438, 4.44057e-05, 0.000206054, 12.678, 211.5
1697250205.1969314, 0.000200273, 4.3154e-05, 0.000203432, 12.924, 211.5
1697250206.3941925, 0.000197173, 4.71475e-05, 0.000203372, 13.092, 211.4
1697250207.5884895, 0.000197829, 4.72071e-05, 0.000204981, 12.57, 211.4
1697250208.7912455, 0.000199319, 4.42865e-05, 0.000203968, 13.104, 211.3
1697250210.0025818, 0.000200392, 4.65515e-05, 0.000204802, 12.798, 211.3
1697250211.1889188, 0.000201524, 4.42269e-05, 0.000205637, 12.474, 211.2
1697250212.3700545, 0.000200332, 4.56574e-05, 0.000205518, 12.666, 211.2
1697250213.5590134, 0.000198246, 4.53594e-05, 0.00020522, 12.198, 211.2
1697250214.7476416, 0.000198544, 4.58958e-05, 0.000205697, 12.438, 211.1
1697250215.9389355, 0.000199736, 4.45249e-05, 0.000204981, 12.6, 211.1
1697250217.1415825, 0.000198902, 4.66111e-05, 0.000203908, 13.068, 211.0
1697250218.334702, 0.000198842, 4.58958e-05, 0.000205637, 12.57, 211.0
1697250219.5272808, 0.000200153, 4.35116e-05, 0.000203849, 12.978, 210.9
1697250220.7248688, 0.000201465, 4.51806e-05, 0.000202836, 13.014, 210.8
1697250221.9155715, 0.000198961, 4.48229e-05, 0.000202359, 13.218, 210.8
1697250223.107815, 0.000198484, 4.40481e-05, 0.000203014, 12.978, 210.8
1697250224.2959151, 0.000199319, 4.48825e-05, 0.000202478, 13.308, 210.7
1697250225.482492, 0.000198246, 4.54786e-05, 0.000202359, 13.206, 210.7
1697250226.6809137, 0.000197531, 4.65515e-05, 0.000204624, 12.45, 210.6
1697250227.8712943, 0.00019765, 4.50613e-05, 0.000204385, 12.408, 210.5
1697250229.0611894, 0.000199378, 4.51806e-05, 0.000205101, 12.804, 210.5
1697250230.2581992, 0.000199915, 4.46441e-05, 0.000202776, 12.948, 210.4
1697250231.4516156, 0.000198663, 4.62534e-05, 0.000202239, 13.176, 210.4
1697250232.6359603, 0.000199676, 4.36308e-05, 0.000201941, 13.056, 210.3
1697250233.83457, 0.000196577, 4.66707e-05, 0.000204445, 12.696, 210.3
1697250235.029878, 0.000199915, 4.48825e-05, 0.000204504, 12.99, 210.3
1697250236.2168727, 0.0001992, 4.47633e-05, 0.000204326, 12.564, 210.2
1697250237.4084592, 0.000199975, 4.45845e-05, 0.000202895, 12.858, 210.2
1697250238.607064, 0.000197769, 4.61938e-05, 0.000203849, 12.978, 210.1
1697250239.799212, 0.000197471, 4.35116e-05, 0.000203134, 12.126, 210.1
1697250240.9897473, 0.000196935, 4.60746e-05, 0.000204206, 12.498, 210.0
1697250242.173391, 0.000199438, 4.48825e-05, 0.000204743, 12.672, 210.0
1697250243.376508, 0.000198186, 4.32732e-05, 0.000202299, 13.092, 209.9
1697250244.5652936, 0.00019914, 4.39289e-05, 0.00020212, 13.098, 209.9
1697250245.7576952, 0.000198842, 4.70879e-05, 0.000204445, 13.116, 209.8
1697250246.954018, 0.000199676, 4.70879e-05, 0.000205875, 12.528, 209.8
1697250248.1464686, 0.00020069, 4.42865e-05, 0.000204504, 12.66, 209.7
1697250249.3458493, 0.000197948, 4.58958e-05, 0.000203789, 12.732, 209.6
1697250250.5325797, 0.000198246, 4.62534e-05, 0.00020361, 12.996, 209.6
1697250251.7302804, 0.00019908, 4.54786e-05, 0.000204445, 12.546, 209.6
1697250252.917188, 0.00020063, 4.59554e-05, 0.000206114, 12.816, 209.5
1697250254.1038635, 0.000200451, 4.30348e-05, 0.000204147, 12.684, 209.5
1697250255.287481, 0.000200332, 4.42269e-05, 0.000206412, 12.0, 209.4
1697250256.4714885, 0.000200809, 4.32732e-05, 0.000204445, 12.666, 209.4
1697250257.671054, 0.00020069, 4.45845e-05, 0.00020367, 13.26, 209.3
1697250258.864551, 0.000198961, 4.71475e-05, 0.000204266, 13.134, 209.3
1697250260.0643125, 0.000198842, 4.45249e-05, 0.000205101, 12.864, 209.2
1697250261.25239, 0.000202418, 4.48229e-05, 0.000206531, 12.888, 209.2
1697250262.4367614, 0.000201584, 4.48825e-05, 0.000207008, 12.852, 209.1
1697250263.6281474, 0.000202001, 4.36904e-05, 0.000206114, 12.966, 209.1
1697250264.813645, 0.000201941, 4.40481e-05, 0.000204683, 12.87, 209.0
1697250266.002082, 0.00020212, 4.49421e-05, 0.000206412, 13.194, 209.0
1697250267.1947784, 0.000202597, 4.5717e-05, 0.000207842, 13.332, 209.0
1697250268.3918543, 0.000202418, 4.74455e-05, 0.000209511, 12.792, 208.9
1697250269.596128, 0.000202478, 4.51209e-05, 0.000206948, 13.044, 208.8
1697250270.785475, 0.000201345, 4.72071e-05, 0.000209034, 12.6, 208.8
1697250271.9865274, 0.000204385, 4.44653e-05, 0.000207664, 12.456, 208.8
1697250273.1781452, 0.000202895, 4.51209e-05, 0.000205995, 12.984, 208.7
1697250274.367694, 0.000200571, 4.69091e-05, 0.000207723, 12.894, 208.7
1697250275.5637584, 0.000202716, 4.57766e-05, 0.000210107, 12.426, 208.6
1697250276.76763, 0.000202895, 4.35712e-05, 0.000207067, 13.008, 208.6
1697250277.9613957, 0.000200988, 4.76839e-05, 0.000208319, 12.558, 208.5
1697250279.152593, 0.000203551, 4.71475e-05, 0.000208677, 12.438, 208.5
1697250280.339901, 0.000203432, 4.46441e-05, 0.000208736, 12.306, 208.4
1697250281.521305, 0.000202716, 4.61938e-05, 0.000207723, 12.624, 208.4
1697250282.7164044, 0.000203789, 4.54786e-05, 0.000208021, 12.852, 208.3
1697250283.9071603, 0.000202299, 4.33924e-05, 0.000206531, 12.912, 208.3
1697250285.0989335, 0.000203908, 4.67899e-05, 0.000207008, 12.714, 208.2
1697250286.3044267, 0.000204206, 4.44653e-05, 0.000208081, 12.918, 208.2
1697250287.4912102, 0.000203312, 4.39289e-05, 0.000207008, 12.684, 208.1
1697250288.690401, 0.000201047, 4.70283e-05, 0.000207544, 12.984, 208.1
1697250289.878198, 0.000201345, 4.76243e-05, 0.000208677, 12.93, 208.1
1697250291.077751, 0.000201882, 4.52402e-05, 0.000206233, 12.558, 208.0
1697250292.2644813, 0.000203312, 4.45845e-05, 0.000207365, 12.936, 208.0
1697250293.4652748, 0.000201763, 4.36308e-05, 0.000205995, 12.624, 207.9
1697250294.6645305, 0.000203312, 4.64919e-05, 0.000206233, 12.726, 207.9
1697250295.853506, 0.000201465, 4.63726e-05, 0.000206293, 13.272, 207.8
1697250297.0463803, 0.000201822, 4.47633e-05, 0.000205995, 13.176, 207.8
1697250298.2496958, 0.000201941, 4.70879e-05, 0.000207246, 12.504, 207.7
1697250299.4514515, 0.000199915, 4.61938e-05, 0.000205875, 12.678, 207.7
1697250300.6450186, 0.000200571, 4.86972e-05, 0.000208617, 13.158, 207.6
1697250301.8396268, 0.000200809, 4.69091e-05, 0.000206471, 12.366, 207.6
1697250303.0388126, 0.000200571, 4.72071e-05, 0.000206948, 13.212, 207.5
1697250304.2310905, 0.000200451, 4.67899e-05, 0.000208558, 12.486, 207.5
1697250305.4204416, 0.000203074, 4.63726e-05, 0.000208379, 12.318, 207.4
1697250306.6117775, 0.000201703, 4.52402e-05, 0.000207902, 12.102, 207.4
1697250307.7954206, 0.000202001, 4.5717e-05, 0.000208438, 12.684, 207.3
1697250308.979435, 0.000200332, 4.66111e-05, 0.00020814, 12.114, 207.3
1697250310.1762085, 0.000202239, 4.71475e-05, 0.000209988, 13.164, 207.2
1697250311.3656454, 0.000203014, 4.47633e-05, 0.000206114, 13.212, 207.2
1697250312.562783, 0.000202478, 4.79224e-05, 0.000208736, 12.636, 207.1
1697250313.757771, 0.000202061, 4.5717e-05, 0.000208736, 12.414, 207.1
1697250314.9467323, 0.000204683, 4.54786e-05, 0.000207842, 12.936, 207.0
1697250316.1362362, 0.000204981, 4.46441e-05, 0.000207783, 12.882, 207.0
1697250317.3287158, 0.000202478, 4.67303e-05, 0.000206531, 12.888, 207.0
1697250318.536607, 0.00020218, 4.64323e-05, 0.000209869, 13.08, 206.9
1697250319.7279322, 0.000203074, 4.51209e-05, 0.000206948, 13.32, 206.9
1697250320.9154346, 0.000202359, 4.69091e-05, 0.000206352, 13.248, 206.8
1697250322.106347, 0.00020361, 4.72071e-05, 0.000208021, 13.248, 206.8
1697250323.2966168, 0.000202657, 4.68495e-05, 0.000209511, 12.534, 206.7
1697250324.4996321, 0.00020367, 4.38096e-05, 0.000207485, 12.804, 206.7
1697250325.6948059, 0.000202538, 4.69091e-05, 0.000209332, 12.984, 206.6
1697250326.892643, 0.000204981, 4.6015e-05, 0.000209869, 12.756, 206.6
1697250328.091535, 0.00020373, 4.49421e-05, 0.000207604, 12.918, 206.5
1697250329.2767117, 0.000202239, 4.5419e-05, 0.000205756, 12.738, 206.5
1697250330.4622383, 0.000204445, 4.6313e-05, 0.000206591, 13.302, 206.4
1697250331.6506155, 0.000203253, 4.60746e-05, 0.000207306, 13.086, 206.4
1697250332.8423133, 0.000200273, 4.5717e-05, 0.000207485, 12.678, 206.4
1697250334.0322533, 0.000201584, 4.72071e-05, 0.000209034, 12.828, 206.3
1697250335.220129, 0.00020218, 4.70879e-05, 0.000210286, 12.756, 206.3
1697250336.4188209, 0.000203253, 4.50613e-05, 0.000207604, 12.99, 206.2
1697250337.6076887, 0.000204206, 4.53594e-05, 0.000205518, 12.912, 206.2
1697250338.7916005, 0.000205637, 4.59554e-05, 0.000208498, 13.11, 206.1
1697250339.9861505, 0.00020218, 4.52402e-05, 0.000206829, 12.9, 206.1
1697250341.1789541, 0.000200988, 4.72071e-05, 0.000209511, 12.774, 206.0
1697250342.3707268, 0.000202478, 4.69091e-05, 0.000210107, 12.606, 206.0
1697250343.571276, 0.000204981, 4.45845e-05, 0.000207306, 12.912, 206.0
1697250344.776575, 0.000201524, 4.48229e-05, 0.000208021, 12.27, 205.9
1697250345.9649882, 0.000204206, 4.58362e-05, 0.000207187, 13.146, 205.9
1697250347.1618135, 0.000203014, 4.51209e-05, 0.000208081, 13.092, 205.8
1697250348.3555403, 0.00020218, 4.73263e-05, 0.000209213, 12.504, 205.8
1697250349.5444922, 0.000202299, 4.76839e-05, 0.000209094, 12.378, 205.7
1697250350.7406216, 0.000204504, 4.39289e-05, 0.000207604, 12.81, 205.7
1697250351.9297113, 0.000204683, 4.54786e-05, 0.0002082, 13.314, 205.6
1697250353.1295612, 0.000203253, 4.59554e-05, 0.000210465, 12.3, 205.6
1697250354.3217404, 0.000203432, 4.58362e-05, 0.000209273, 12.588, 205.6
1697250355.5165215, 0.000204802, 4.45845e-05, 0.000208856, 13.086, 205.5
1697250356.7059524, 0.000204683, 4.48825e-05, 0.000207067, 13.002, 205.5
1697250357.8949673, 0.00020373, 4.65515e-05, 0.000208796, 12.966, 205.4
1697250359.0883121, 0.000201465, 4.61938e-05, 0.00020963, 12.426, 205.4
1697250360.2743106, 0.000202955, 4.70879e-05, 0.000209988, 12.876, 205.3
1697250361.4712563, 0.000204206, 4.63726e-05, 0.000208915, 13.056, 205.3
1697250362.6677816, 0.000203372, 4.6313e-05, 0.000207783, 12.984, 205.2
1697250363.8617158, 0.000202776, 4.70879e-05, 0.000209988, 12.69, 205.2
1697250365.054425, 0.000203134, 4.67303e-05, 0.000209154, 12.516, 205.2
1697250366.2406116, 0.000204087, 4.73263e-05, 0.000209273, 12.696, 205.1
1697250367.4410381, 0.000203372, 4.6015e-05, 0.000208438, 13.266, 205.1
1697250368.6281567, 0.000202061, 4.48229e-05, 0.000206829, 12.954, 205.0
1697250369.8289666, 0.000202776, 4.71475e-05, 0.000209273, 12.684, 205.0
1697250371.0152147, 0.000204624, 4.56574e-05, 0.000209034, 12.318, 205.0
1697250372.2094338, 0.000203908, 4.59554e-05, 0.000207008, 13.188, 204.9
1697250373.4117696, 0.000201941, 4.73263e-05, 0.000210286, 12.798, 204.8
1697250374.5971115, 0.000202239, 4.72071e-05, 0.000210346, 12.9, 204.8
1697250375.7890947, 0.000203312, 4.72071e-05, 0.000209511, 12.462, 204.8
1697250376.9910622, 0.000203908, 4.5717e-05, 0.000207842, 13.086, 204.7
1697250378.1918619, 0.000202239, 4.71475e-05, 0.000209034, 12.57, 204.7
1697250379.382663, 0.00020373, 4.43461e-05, 0.000207485, 13.086, 204.6
1697250380.5730693, 0.000205518, 4.48825e-05, 0.000208319, 13.218, 204.6
1697250381.7599285, 0.000204266, 4.51209e-05, 0.000207365, 13.044, 204.5
1697250382.951704, 0.000202239, 4.64323e-05, 0.000208558, 12.702, 204.5
1697250384.1409895, 0.00020212, 4.73859e-05, 0.000208736, 12.93, 204.4
1697250385.330553, 0.000201882, 4.63726e-05, 0.000210107, 12.372, 204.4
1697250386.5283265, 0.000204504, 4.50017e-05, 0.0002082, 13.044, 204.4
1697250387.7245371, 0.000203312, 4.73859e-05, 0.00020814, 12.852, 204.3
1697250388.9163594, 0.000201941, 4.64323e-05, 0.000209332, 12.24, 204.3
1697250390.1113796, 0.000203908, 4.52998e-05, 0.0002082, 12.864, 204.2
1697250391.310246, 0.000202538, 4.6313e-05, 0.000207902, 13.332, 204.2
1697250392.5007539, 0.000202001, 4.84588e-05, 0.000209094, 12.756, 204.2
1697250393.6916578, 0.00020218, 4.84588e-05, 0.000209154, 12.348, 204.1
1697250394.8899953, 0.000204504, 4.46441e-05, 0.000208736, 12.912, 204.1
1697250396.0853562, 0.000202716, 4.73263e-05, 0.000210346, 12.996, 204.0
1697250397.2726018, 0.000202478, 4.65515e-05, 0.000209988, 12.726, 204.0
1697250398.4684339, 0.000203908, 4.71475e-05, 0.000210703, 12.54, 203.9
1697250399.6537359, 0.000204802, 4.72667e-05, 0.000210882, 12.6, 203.9
1697250400.8529398, 0.000205816, 4.5419e-05, 0.000208438, 13.05, 203.8
1697250402.0486896, 0.000202836, 4.78628e-05, 0.000210584, 12.594, 203.8
1697250403.241473, 0.000202418, 4.64323e-05, 0.000210286, 11.994, 203.7
1697250404.4387777, 0.00020522, 4.55978e-05, 0.000207664, 12.888, 203.7
1697250405.6261916, 0.00020373, 4.60746e-05, 0.000207604, 13.242, 203.7
1697250406.8276982, 0.000203789, 4.68495e-05, 0.000211061, 12.528, 203.6
1697250408.0187173, 0.000204087, 4.51806e-05, 0.00020975, 12.258, 203.6
1697250409.210561, 0.000204147, 4.61938e-05, 0.000208796, 13.284, 203.5
1697250410.4048731, 0.000203312, 4.63726e-05, 0.000209928, 13.02, 203.5
1697250411.5986648, 0.000203074, 4.60746e-05, 0.000211657, 12.342, 203.5
1697250412.7989485, 0.000204326, 4.52402e-05, 0.000208319, 12.984, 203.4
1697250413.985107, 0.000204504, 4.55382e-05, 0.000208379, 13.242, 203.4
1697250415.1725068, 0.000205637, 4.6015e-05, 0.000209511, 13.278, 203.3
1697250416.3684719, 0.000204147, 4.75647e-05, 0.000210942, 12.882, 203.3
1697250417.5603914, 0.00020361, 4.67899e-05, 0.000211478, 12.66, 203.3
1697250418.759259, 0.000206829, 4.59554e-05, 0.000209511, 13.23, 203.2
1697250419.9461522, 0.000204147, 4.69687e-05, 0.000209273, 13.092, 203.2
1697250421.1493533, 0.000204326, 4.70283e-05, 0.000210942, 12.51, 203.1
1697250422.3416526, 0.000205279, 4.63726e-05, 0.000209332, 12.372, 203.1
1697250423.530905, 0.000205339, 4.58958e-05, 0.000209332, 12.858, 203.1
1697250424.716258, 0.000205339, 4.5717e-05, 0.000210107, 12.726, 203.0
1697250425.9047413, 0.000205518, 4.61938e-05, 0.000210763, 12.684, 203.0
1697250427.0933123, 0.000205399, 4.46441e-05, 0.00020814, 13.026, 202.9
1697250428.2786806, 0.000206233, 4.55382e-05, 0.000208617, 13.05, 202.9
1697250429.4737632, 0.000204981, 4.44057e-05, 0.000208915, 12.936, 202.8
1697250430.666458, 0.000203134, 4.74455e-05, 0.00021124, 12.648, 202.8
1697250431.8573527, 0.00020367, 4.85184e-05, 0.000210763, 12.858, 202.8
1697250433.0490618, 0.000205399, 4.6313e-05, 0.000209869, 12.558, 202.7
1697250434.241456, 0.000205637, 4.50613e-05, 0.000208617, 12.954, 202.7
1697250435.4333503, 0.000203968, 4.47633e-05, 0.000207902, 12.972, 202.6
1697250436.6257956, 0.00020367, 4.82204e-05, 0.000210644, 13.11, 202.6
1697250437.8279035, 0.000203134, 4.70879e-05, 0.000210584, 12.708, 202.6
1697250439.0174458, 0.000204564, 4.5717e-05, 0.000207067, 13.086, 202.5
1697250440.2075443, 0.000204802, 4.50613e-05, 0.000209034, 13.116, 202.5
1697250441.396635, 0.000202597, 4.58958e-05, 0.000207842, 12.936, 202.4
1697250442.5913243, 0.000202716, 4.81608e-05, 0.000209809, 12.498, 202.4
1697250443.773359, 0.000203908, 4.77436e-05, 0.000210763, 12.864, 202.4
1697250444.9665816, 0.000203551, 4.72071e-05, 0.000210703, 12.324, 202.3
1697250446.1515234, 0.000202538, 4.85184e-05, 0.000209928, 12.702, 202.3
1697250447.3467188, 0.000205518, 4.59554e-05, 0.00020975, 12.99, 202.2
1697250448.540325, 0.000204206, 4.47633e-05, 0.000207962, 12.942, 202.2
1697250449.7295773, 0.000204802, 4.64323e-05, 0.000208319, 13.08, 202.2
1697250450.9176333, 0.000206233, 4.58958e-05, 0.000208796, 13.158, 202.1
1697250452.1119268, 0.000204028, 4.84588e-05, 0.000210465, 12.45, 202.1
1697250453.2996664, 0.000205816, 4.70283e-05, 0.000209988, 12.39, 202.0
1697250454.4929152, 0.000205101, 4.65515e-05, 0.000211299, 12.462, 202.0
1697250455.6926513, 0.000203789, 4.51209e-05, 0.000209154, 12.738, 201.9
1697250456.8849523, 0.000203014, 4.69687e-05, 0.000210465, 12.75, 201.9
1697250458.0784984, 0.000203968, 4.81608e-05, 0.000211597, 12.636, 201.9
1697250459.2666545, 0.000205816, 4.70283e-05, 0.000211419, 12.48, 201.8
1697250460.4526157, 0.000205399, 4.64919e-05, 0.000212015, 12.558, 201.8
1697250461.6430163, 0.000204743, 4.58362e-05, 0.000209571, 12.324, 201.7
1697250462.8445807, 0.000203491, 4.70283e-05, 0.00020814, 13.002, 201.7
1697250464.0430982, 0.000205577, 4.64323e-05, 0.000210405, 12.558, 201.7
1697250465.2323685, 0.000205875, 4.57766e-05, 0.000210286, 12.684, 201.6
1697250466.4268537, 0.000205279, 4.51806e-05, 0.000207962, 12.87, 201.6
1697250467.6207435, 0.000202836, 4.78628e-05, 0.000209988, 12.954, 201.5
1697250468.8076112, 0.000204206, 4.74455e-05, 0.00021118, 13.242, 201.5
1697250469.996438, 0.000204743, 4.68495e-05, 0.000211419, 12.828, 201.4
1697250471.189611, 0.000202716, 4.69091e-05, 0.000211001, 12.396, 201.4
1697250472.385453, 0.000206352, 4.52402e-05, 0.000209571, 13.032, 201.4
1697250473.5862284, 0.000204385, 4.82204e-05, 0.000211121, 12.606, 201.3
1697250474.779245, 0.000206173, 4.72071e-05, 0.000211299, 12.588, 201.3
1697250475.9704537, 0.000207127, 4.62534e-05, 0.000210405, 12.624, 201.2
1697250477.158352, 0.000205935, 4.62534e-05, 0.000210346, 12.498, 201.2
1697250478.346959, 0.000206769, 4.58958e-05, 0.000208498, 13.026, 201.2
1697250479.5377889, 0.000205518, 4.62534e-05, 0.000208438, 13.326, 201.1
1697250480.7366564, 0.000203432, 4.68495e-05, 0.000211657, 12.846, 201.1
1697250481.9188595, 0.00020361, 4.75051e-05, 0.000211121, 12.9, 201.0
1697250483.1126628, 0.000205577, 4.81012e-05, 0.000212372, 12.576, 201.0
1697250484.2957833, 0.000204624, 4.81012e-05, 0.000211836, 12.582, 200.9
                                                                                                                                                                                                                              