1698180385.3185847, 5.16179e-05, 5.79956e-05, 7.77249e-05, 47.574, 294.6
1698180386.5127168, 5.3108e-05, 5.46577e-05, 7.61156e-05, 46.206, 294.6
1698180387.6999362, 5.32272e-05, 5.59094e-05, 7.76057e-05, 46.782, 294.6
1698180388.8910725, 5.17371e-05, 5.77571e-05, 7.76057e-05, 47.898, 294.6
1698180390.079837, 5.31676e-05, 5.67439e-05, 7.74865e-05, 47.016, 294.6
1698180391.271808, 5.22735e-05, 5.68631e-05, 7.65328e-05, 48.006, 294.6
1698180392.4669085, 5.26311e-05, 5.72803e-05, 7.77249e-05, 46.152, 294.6
1698180393.6557693, 5.32868e-05, 5.65054e-05, 7.67712e-05, 47.724, 294.6
1698180394.851862, 5.28099e-05, 5.69227e-05, 7.80826e-05, 46.938, 294.6
1698180396.0425582, 5.21543e-05, 5.71611e-05, 7.73077e-05, 47.88, 294.6
1698180397.2351942, 5.28099e-05, 5.75783e-05, 7.71885e-05, 47.922, 294.6
1698180398.4239764, 5.41809e-05, 5.68631e-05, 7.79037e-05, 47.226, 294.6
1698180399.6091492, 5.31676e-05, 5.69227e-05, 7.74865e-05, 46.434, 294.6
1698180400.7977943, 5.19159e-05, 5.55518e-05, 7.61752e-05, 46.698, 294.6
1698180401.9923558, 5.67439e-05, 5.45385e-05, 7.81422e-05, 42.924, 294.6
1698180403.1907358, 6.27046e-05, 4.66111e-05, 7.84402e-05, 35.784, 294.6
1698180404.3827162, 5.88896e-05, 5.13794e-05, 7.84998e-05, 40.482, 294.6
1698180405.577003, 6.76517e-05, 4.38096e-05, 7.98707e-05, 34.05, 294.6
1698180406.7636194, 6.16317e-05, 4.90549e-05, 7.8619e-05, 38.928, 294.6
1698180407.9502213, 5.57306e-05, 5.47173e-05, 7.90362e-05, 43.47, 294.6
1698180409.1635141, 5.57902e-05, 5.51345e-05, 7.85594e-05, 45.192, 294.6
1698180410.3468213, 5.60286e-05, 5.26907e-05, 7.72481e-05, 43.02, 294.6
1698180411.538907, 5.38232e-05, 5.66843e-05, 7.80826e-05, 45.954, 294.6
1698180412.7347612, 5.43001e-05, 5.48961e-05, 7.71289e-05, 46.398, 294.6
1698180413.9071174, 5.45385e-05, 5.72803e-05, 7.8917e-05, 45.678, 294.6
1698180415.1093476, 5.3704e-05, 5.64458e-05, 7.84402e-05, 45.774, 294.6
1698180416.2994194, 5.22139e-05, 5.67439e-05, 7.67712e-05, 48.222, 294.6
1698180417.489832, 5.12602e-05, 5.69227e-05, 7.70693e-05, 47.844, 294.6
1698180418.6793163, 5.28099e-05, 5.66843e-05, 7.67712e-05, 46.626, 294.6
1698180419.8620546, 5.44789e-05, 5.71611e-05, 7.90958e-05, 46.554, 294.6
1698180421.0443735, 5.35252e-05, 5.64458e-05, 7.76653e-05, 46.728, 294.6
1698180422.2395403, 5.10218e-05, 5.68631e-05, 7.77249e-05, 47.502, 294.6
1698180423.424218, 5.16179e-05, 5.62074e-05, 7.64732e-05, 47.412, 294.6
1698180424.61463, 5.20947e-05, 5.73995e-05, 7.76653e-05, 47.394, 294.6
1698180425.8150249, 5.14986e-05, 5.5671e-05, 7.59964e-05, 48.18, 294.6
1698180427.0019002, 5.19755e-05, 5.78763e-05, 7.78441e-05, 47.58, 294.6
1698180428.183226, 5.13794e-05, 5.69227e-05, 7.61156e-05, 47.466, 294.6
1698180429.361718, 5.28099e-05, 5.79956e-05, 7.80229e-05, 47.052, 294.6
1698180430.5672188, 5.18563e-05, 5.65054e-05, 7.58176e-05, 47.94, 294.6
1698180431.7520893, 5.16775e-05, 5.81744e-05, 7.71885e-05, 47.676, 294.6
1698180432.942524, 5.18563e-05, 5.59094e-05, 7.61752e-05, 48.144, 294.6
1698180434.1352952, 5.41213e-05, 5.40616e-05, 7.65328e-05, 44.526, 294.6
1698180435.3169992, 5.30484e-05, 5.62074e-05, 7.70693e-05, 46.836, 294.6
1698180436.5208359, 5.38232e-05, 5.56114e-05, 7.74269e-05, 45.69, 294.6
1698180437.7135978, 5.25715e-05, 5.50153e-05, 7.68905e-05, 45.756, 294.6
1698180438.8907902, 5.26907e-05, 5.56114e-05, 7.70097e-05, 45.768, 294.6
1698180440.0951798, 5.47769e-05, 5.3704e-05, 7.72481e-05, 43.14, 294.6
1698180441.2825022, 5.50749e-05, 5.41809e-05, 7.8321e-05, 43.032, 294.6
1698180442.4826393, 5.76379e-05, 5.27503e-05, 7.74865e-05, 43.152, 294.6
1698180443.6725898, 5.25715e-05, 5.51941e-05, 7.59368e-05, 47.502, 294.6
1698180444.8594286, 5.68631e-05, 5.44193e-05, 7.84402e-05, 44.448, 294.6
1698180446.0481284, 5.15583e-05, 5.65054e-05, 7.70097e-05, 47.496, 294.6
1698180447.2274578, 5.17967e-05, 5.68035e-05, 7.70097e-05, 47.334, 294.6
1698180448.4206529, 5.29888e-05, 5.6565e-05, 7.74269e-05, 47.574, 294.6
1698180449.6096232, 5.33464e-05, 5.76975e-05, 7.84998e-05, 46.836, 294.6
1698180450.798489, 5.37636e-05, 5.53133e-05, 7.59368e-05, 45.786, 294.6
1698180451.989298, 5.42405e-05, 5.60286e-05, 7.72481e-05, 46.368, 294.6
1698180453.1810112, 5.50749e-05, 5.57902e-05, 7.80229e-05, 44.514, 294.6
1698180454.3683848, 5.22139e-05, 5.69823e-05, 7.69501e-05, 47.952, 294.6
1698180455.5594754, 5.3108e-05, 5.51941e-05, 7.67712e-05, 45.84, 294.6
1698180456.7455888, 5.20351e-05, 5.5671e-05, 7.59368e-05, 47.016, 294.6
1698180457.9367402, 5.14986e-05, 5.71611e-05, 7.76653e-05, 48.078, 294.6
1698180459.1296756, 5.27503e-05, 5.71611e-05, 7.77249e-05, 47.526, 294.6
1698180460.316773, 5.25119e-05, 5.66843e-05, 7.73077e-05, 47.772, 294.6
1698180461.4994755, 5.19159e-05, 5.66246e-05, 7.62944e-05, 46.872, 294.6
1698180462.6761916, 5.25715e-05, 5.60286e-05, 7.75461e-05, 46.68, 294.6
1698180463.8900092, 5.39424e-05, 5.75783e-05, 7.8619e-05, 46.584, 294.6
1698180465.0757031, 5.13198e-05, 5.68035e-05, 7.70097e-05, 47.55, 294.6
1698180466.2812033, 5.25119e-05, 5.77571e-05, 7.80826e-05, 46.23, 294.6
1698180467.4657676, 5.3406e-05, 5.68035e-05, 7.79633e-05, 46.956, 294.6
1698180468.6501064, 5.39424e-05, 5.74591e-05, 7.87382e-05, 46.878, 294.6
1698180469.8425233, 5.70419e-05, 5.28696e-05, 7.65924e-05, 45.282, 294.6
1698180471.0374236, 5.16179e-05, 5.63266e-05, 7.6056e-05, 48.114, 294.6
1698180472.2173917, 5.29292e-05, 5.70419e-05, 7.69501e-05, 47.352, 294.6
1698180473.4130785, 5.46577e-05, 5.12602e-05, 7.53407e-05, 43.434, 294.6
1698180474.6042266, 5.63862e-05, 5.32272e-05, 7.73077e-05, 45.246, 294.6
1698180475.798923, 6.00817e-05, 4.39289e-05, 8.66656e-05, 20.928, 294.6
1698180476.98599, 7.22413e-05, 3.67167e-05, 7.99899e-05, 30.042, 294.6
1698180478.1741188, 6.04393e-05, 5.04258e-05, 7.79633e-05, 43.296, 294.6
1698180479.3598964, 5.48961e-05, 5.40616e-05, 7.73673e-05, 42.948, 294.6
1698180480.5503612, 5.63862e-05, 5.36444e-05, 7.79037e-05, 44.208, 294.6
1698180481.7373128, 5.60882e-05, 5.42405e-05, 7.76057e-05, 44.16, 294.6
1698180482.918041, 5.48365e-05, 5.42405e-05, 7.67116e-05, 45.0, 294.6
1698180484.1201897, 5.48961e-05, 5.38828e-05, 7.62944e-05, 43.464, 294.6
1698180485.306943, 5.33464e-05, 5.59094e-05, 7.76057e-05, 45.12, 294.6
1698180486.4952052, 5.63266e-05, 5.35848e-05, 7.79037e-05, 43.218, 294.6
1698180487.6899214, 5.54922e-05, 5.35848e-05, 7.75461e-05, 42.408, 294.6
1698180488.8832152, 5.5671e-05, 5.25119e-05, 7.64732e-05, 43.746, 294.6
1698180490.075638, 5.63266e-05, 5.24523e-05, 7.70097e-05, 43.338, 294.6
1698180491.2789276, 5.62074e-05, 5.07834e-05, 7.59368e-05, 41.694, 294.5
1698180492.477282, 5.41809e-05, 5.38232e-05, 7.71885e-05, 43.146, 294.5
1698180493.7201686, 5.50749e-05, 5.32868e-05, 7.62944e-05, 44.028, 294.5
1698180494.9099138, 5.62074e-05, 5.36444e-05, 7.67712e-05, 44.238, 294.5
1698180496.090928, 5.3108e-05, 5.49557e-05, 7.64732e-05, 45.384, 294.5
1698180497.2767966, 5.51345e-05, 5.41809e-05, 7.68905e-05, 45.336, 294.5
1698180498.4625647, 5.59094e-05, 5.41213e-05, 7.79037e-05, 43.662, 294.5
1698180499.6601214, 5.47769e-05, 5.47173e-05, 7.79633e-05, 44.88, 294.5
1698180500.8449776, 5.3704e-05, 5.35848e-05, 7.65328e-05, 44.682, 294.5
1698180502.045316, 5.29888e-05, 5.62074e-05, 7.72481e-05, 46.644, 294.5
1698180503.2323823, 5.33464e-05, 5.44789e-05, 7.61156e-05, 45.762, 294.5
1698180504.4171813, 5.38232e-05, 5.53133e-05, 7.72481e-05, 44.964, 294.5
1698180505.5977018, 5.52537e-05, 5.47173e-05, 7.74269e-05, 45.0, 294.5
1698180506.783918, 5.38232e-05, 5.71015e-05, 7.8619e-05, 46.524, 294.5
1698180507.9695876, 5.19755e-05, 5.60882e-05, 7.61156e-05, 47.232, 294.5
1698180509.162583, 5.27503e-05, 5.44789e-05, 7.6056e-05, 46.308, 294.6
1698180510.3578322, 5.38232e-05, 5.53133e-05, 7.72481e-05, 45.546, 294.6
1698180511.5465002, 5.41213e-05, 5.41213e-05, 7.62944e-05, 46.332, 294.6
1698180512.7313247, 5.24523e-05, 5.63266e-05, 7.61156e-05, 46.608, 294.6
1698180513.923121, 5.20947e-05, 5.61478e-05, 7.61156e-05, 47.1, 294.6
1698180515.103703, 5.22735e-05, 5.66843e-05, 7.70693e-05, 47.28, 294.6
1698180516.2961888, 5.31676e-05, 5.60882e-05, 7.62348e-05, 47.544, 294.6
1698180517.4770427, 5.45385e-05, 5.59094e-05, 7.81422e-05, 46.17, 294.6
1698180518.710038, 5.33464e-05, 5.72803e-05, 7.83806e-05, 45.78, 294.6
1698180519.892122, 6.09162e-05, 5.1439e-05, 7.99303e-05, 41.766, 294.6
1698180521.0867555, 5.39424e-05, 5.79359e-05, 7.9215e-05, 47.484, 294.6
1698180522.2591884, 5.32868e-05, 5.68631e-05, 7.72481e-05, 45.894, 294.6
1698180523.4508662, 5.3406e-05, 5.75187e-05, 7.79633e-05, 47.322, 294.6
1698180524.631017, 5.09622e-05, 5.69823e-05, 7.67712e-05, 47.748, 294.6
1698180525.8146918, 5.25715e-05, 5.69227e-05, 7.88574e-05, 47.262, 294.6
1698180526.9994543, 5.35848e-05, 5.85916e-05, 7.87382e-05, 47.442, 294.6
1698180528.201447, 5.26907e-05, 5.72207e-05, 7.82614e-05, 47.268, 294.6
1698180529.3930304, 5.26907e-05, 5.81744e-05, 7.82018e-05, 47.52, 294.6
1698180530.5822551, 5.15583e-05, 5.83532e-05, 7.83806e-05, 47.37, 294.6
1698180531.7604659, 5.36444e-05, 5.79956e-05, 7.9215e-05, 46.956, 294.6
1698180532.9480443, 5.25715e-05, 5.68035e-05, 7.67116e-05, 47.736, 294.6
1698180534.1295485, 5.32272e-05, 5.5671e-05, 7.77845e-05, 46.686, 294.6
1698180535.3192074, 5.38828e-05, 5.60286e-05, 7.80229e-05, 47.01, 294.6
1698180536.5049543, 5.28099e-05, 5.88896e-05, 7.98111e-05, 47.046, 294.6
1698180537.6960804, 5.22735e-05, 5.66246e-05, 7.67712e-05, 47.304, 294.6
1698180538.8800178, 5.13794e-05, 5.72803e-05, 7.70097e-05, 48.132, 294.6
1698180540.0640965, 5.44193e-05, 5.73995e-05, 7.84402e-05, 47.298, 294.6
1698180541.2459066, 5.26311e-05, 5.83532e-05, 7.86786e-05, 48.09, 294.6
1698180542.4342682, 5.23927e-05, 5.71611e-05, 7.84402e-05, 46.986, 294.6
1698180543.6181257, 5.3704e-05, 5.67439e-05, 7.84998e-05, 46.728, 294.6
1698180544.8064518, 5.48961e-05, 5.48961e-05, 7.74269e-05, 45.768, 294.6
1698180546.031126, 5.25715e-05, 5.73399e-05, 7.82018e-05, 46.632, 294.6
1698180547.2380393, 5.69823e-05, 5.44193e-05, 7.91554e-05, 43.554, 294.6
1698180548.4189842, 5.41809e-05, 5.57306e-05, 7.88574e-05, 46.002, 294.6
1698180549.6094472, 5.38232e-05, 5.65054e-05, 7.76653e-05, 46.962, 294.6
1698180550.795092, 5.32868e-05, 5.68631e-05, 7.76057e-05, 47.574, 294.6
1698180551.9863987, 5.48365e-05, 5.45385e-05, 7.77249e-05, 45.384, 294.6
1698180553.168834, 5.33464e-05, 5.73995e-05, 7.84998e-05, 46.998, 294.6
1698180554.3715909, 5.10814e-05, 5.79956e-05, 7.81422e-05, 47.592, 294.6
1698180555.5641766, 5.31676e-05, 5.68631e-05, 7.79037e-05, 46.842, 294.6
1698180556.7540894, 5.25715e-05, 5.8532e-05, 7.87978e-05, 47.736, 294.6
1698180557.9353712, 5.22139e-05, 5.79956e-05, 7.74269e-05, 48.066, 294.6
1698180559.1396554, 5.25119e-05, 5.75783e-05, 7.85594e-05, 47.364, 294.6
1698180560.328886, 5.23927e-05, 5.72207e-05, 7.75461e-05, 47.76, 294.6
1698180561.5091164, 5.27503e-05, 5.74591e-05, 7.80229e-05, 47.772, 294.6
1698180562.7005997, 5.25119e-05, 5.84724e-05, 7.8321e-05, 47.436, 294.6
1698180563.900008, 5.19755e-05, 5.69227e-05, 7.75461e-05, 48.006, 294.6
1698180565.0840404, 5.3108e-05, 5.72207e-05, 7.76057e-05, 47.556, 294.6
1698180566.273249, 5.38828e-05, 5.71015e-05, 7.77845e-05, 46.932, 294.6
1698180567.4610963, 5.19755e-05, 5.72803e-05, 7.73077e-05, 47.16, 294.6
1698180568.643212, 5.32272e-05, 5.66843e-05, 7.77249e-05, 46.962, 294.6
1698180569.8273308, 5.16775e-05, 5.74591e-05, 7.80826e-05, 47.1, 294.6
1698180571.0141916, 5.12602e-05, 5.77571e-05, 7.73077e-05, 48.582, 294.6
1698180572.2017276, 5.1439e-05, 5.76379e-05, 7.75461e-05, 48.222, 294.6
1698180573.4105737, 5.18563e-05, 5.87108e-05, 7.76057e-05, 48.042, 294.6
1698180574.5947945, 5.30484e-05, 5.72803e-05, 7.81422e-05, 47.202, 294.6
1698180575.788349, 5.33464e-05, 5.68035e-05, 7.83806e-05, 46.104, 294.6
1698180576.9664478, 5.17967e-05, 5.85916e-05, 7.82018e-05, 48.48, 294.6
1698180578.2104063, 5.18563e-05, 5.63266e-05, 7.65924e-05, 48.252, 294.6
1698180579.400265, 5.31676e-05, 5.78167e-05, 7.85594e-05, 47.862, 294.6
1698180580.583211, 5.21543e-05, 5.95453e-05, 7.86786e-05, 49.062, 294.6
1698180581.7777119, 5.15583e-05, 5.87108e-05, 7.82614e-05, 48.87, 294.6
1698180582.9752886, 5.19755e-05, 5.74591e-05, 7.80229e-05, 47.124, 294.6
1698180584.1672208, 5.21543e-05, 5.73399e-05, 7.81422e-05, 47.742, 294.6
1698180585.3785994, 5.17371e-05, 5.78763e-05, 7.79037e-05, 47.328, 294.6
1698180586.557888, 5.16179e-05, 5.71611e-05, 7.80826e-05, 47.55, 294.6
1698180587.746171, 5.24523e-05, 5.64458e-05, 7.71885e-05, 47.226, 294.6
1698180588.941686, 5.23927e-05, 5.76379e-05, 7.73673e-05, 47.61, 294.6
1698180590.131695, 5.21543e-05, 5.79956e-05, 7.79037e-05, 47.37, 294.6
1698180591.3258479, 5.16179e-05, 5.73399e-05, 7.6652e-05, 48.72, 294.6
1698180592.5064402, 5.26907e-05, 5.76975e-05, 7.76057e-05, 47.922, 294.6
1698180593.6970973, 5.13198e-05, 5.5671e-05, 7.5758e-05, 47.634, 294.6
1698180594.8892567, 5.20947e-05, 5.71611e-05, 7.70097e-05, 47.466, 294.6
1698180596.065862, 5.07238e-05, 5.8532e-05, 7.78441e-05, 49.152, 294.6
1698180597.256797, 5.12602e-05, 5.78167e-05, 7.74269e-05, 48.456, 294.6
1698180598.4348378, 5.25715e-05, 5.71611e-05, 7.69501e-05, 47.292, 294.6
1698180599.6352181, 5.16775e-05, 5.61478e-05, 7.67116e-05, 46.992, 294.6
1698180600.8315504, 5.55518e-05, 5.35848e-05, 7.8321e-05, 41.478, 294.6
1698180602.0198476, 5.63266e-05, 5.1141e-05, 7.62944e-05, 42.762, 294.6
1698180603.2041094, 5.29292e-05, 5.52537e-05, 7.61156e-05, 46.782, 294.6
1698180604.3964732, 5.15583e-05, 5.84128e-05, 7.8321e-05, 47.904, 294.6
1698180605.5796182, 5.13794e-05, 5.86512e-05, 7.84402e-05, 48.3, 294.6
1698180606.769172, 5.1439e-05, 5.74591e-05, 7.73673e-05, 47.592, 294.6
1698180607.9559288, 5.15583e-05, 5.85916e-05, 7.79633e-05, 48.594, 294.6
1698180609.1521895, 5.16775e-05, 5.76379e-05, 7.72481e-05, 47.202, 294.6
1698180610.3493521, 5.0843e-05, 5.80552e-05, 7.73673e-05, 49.272, 294.6
1698180611.5411804, 5.23331e-05, 5.78763e-05, 7.73077e-05, 48.096, 294.6
1698180612.7296352, 5.19159e-05, 5.53729e-05, 7.68905e-05, 47.142, 294.6
1698180613.9178374, 5.12602e-05, 5.72207e-05, 7.73077e-05, 48.432, 294.6
1698180615.106538, 5.0843e-05, 5.75187e-05, 7.68309e-05, 48.024, 294.6
1698180616.2990391, 5.25715e-05, 5.78763e-05, 7.84402e-05, 47.454, 294.6
1698180617.4976265, 5.09622e-05, 5.72207e-05, 7.6652e-05, 48.564, 294.6
1698180618.6866748, 5.18563e-05, 5.71611e-05, 7.70693e-05, 48.366, 294.6
1698180619.8823593, 5.19159e-05, 5.86512e-05, 7.8321e-05, 48.144, 294.6
1698180621.0703695, 5.07834e-05, 5.74591e-05, 7.6354e-05, 48.348, 294.6
1698180622.2600052, 5.0843e-05, 5.72803e-05, 7.61752e-05, 48.792, 294.6
1698180623.4623513, 5.16179e-05, 5.87108e-05, 7.82018e-05, 47.808, 294.6
1698180624.6410127, 5.25715e-05, 5.75783e-05, 7.67116e-05, 48.246, 294.6
1698180625.8460941, 5.17967e-05, 5.79956e-05, 7.74865e-05, 48.096, 294.6
1698180627.0263774, 5.0545e-05, 5.68631e-05, 7.6056e-05, 49.212, 294.6
1698180628.2288902, 5.04854e-05, 5.75187e-05, 7.6652e-05, 48.258, 294.6
1698180629.41429, 5.07238e-05, 5.84128e-05, 7.73077e-05, 49.152, 294.6
1698180630.5943916, 5.10814e-05, 5.74591e-05, 7.6652e-05, 49.08, 294.6
1698180631.7736382, 5.13198e-05, 5.75187e-05, 7.77249e-05, 48.768, 294.6
1698180632.9690068, 5.16775e-05, 5.8234e-05, 7.67712e-05, 48.786, 294.6
1698180634.1556356, 4.97105e-05, 5.69823e-05, 7.62348e-05, 48.804, 294.6
1698180635.3360522, 5.0843e-05, 5.73399e-05, 7.68309e-05, 48.75, 294.6
1698180636.5267794, 5.06046e-05, 5.68631e-05, 7.67116e-05, 48.342, 294.6
1698180637.7223735, 5.15583e-05, 5.67439e-05, 7.64732e-05, 48.102, 294.6
1698180638.9110875, 5.04258e-05, 5.83532e-05, 7.79633e-05, 48.522, 294.6
1698180640.1033146, 5.25715e-05, 5.69823e-05, 7.69501e-05, 48.198, 294.6
1698180641.285216, 5.07834e-05, 5.80552e-05, 7.79633e-05, 47.964, 294.6
1698180642.468975, 5.1141e-05, 5.71611e-05, 7.73077e-05, 48.816, 294.6
1698180643.6564493, 5.1141e-05, 5.76379e-05, 7.69501e-05, 48.456, 294.6
1698180644.8525114, 4.94721e-05, 5.72207e-05, 7.59368e-05, 48.288, 294.6
1698180646.0455356, 4.94721e-05, 5.6565e-05, 7.50427e-05, 49.176, 294.6
1698180647.2322822, 5.10814e-05, 5.69823e-05, 7.67712e-05, 47.856, 294.6
1698180648.4100628, 4.8876e-05, 5.65054e-05, 7.48639e-05, 49.128, 294.6
1698180649.5975103, 4.98297e-05, 5.59094e-05, 7.51023e-05, 47.436, 294.6
1698180650.776001, 5.04854e-05, 5.63862e-05, 7.52215e-05, 48.498, 294.6
1698180651.9743307, 4.81608e-05, 5.84128e-05, 7.62348e-05, 49.572, 294.6
1698180653.1523218, 4.92933e-05, 5.68631e-05, 7.51023e-05, 49.104, 294.6
1698180654.344027, 5.10218e-05, 5.73399e-05, 7.70097e-05, 48.042, 294.6
1698180655.5512714, 5.22139e-05, 5.60286e-05, 7.61752e-05, 47.952, 294.6
1698180656.7291965, 5.06046e-05, 5.60286e-05, 7.48043e-05, 48.714, 294.6
1698180657.923804, 5.01277e-05, 5.63266e-05, 7.56388e-05, 48.264, 294.6
1698180659.1082945, 4.98297e-05, 5.61478e-05, 7.5758e-05, 48.318, 294.6
1698180660.2928116, 5.03066e-05, 5.62074e-05, 7.50427e-05, 49.17, 294.6
1698180661.4773743, 4.98893e-05, 5.62074e-05, 7.50427e-05, 48.45, 294.6
1698180662.6613905, 5.03066e-05, 5.59094e-05, 7.44467e-05, 48.198, 294.6
1698180663.8657613, 4.97105e-05, 5.73399e-05, 7.64732e-05, 48.306, 294.6
1698180665.0497372, 4.98893e-05, 5.69823e-05, 7.58772e-05, 48.996, 294.6
1698180666.2446516, 5.07834e-05, 5.72803e-05, 7.68309e-05, 48.606, 294.6
1698180667.4354935, 5.0545e-05, 5.65054e-05, 7.55196e-05, 48.006, 294.6
1698180668.623343, 5.03066e-05, 5.6267e-05, 7.59368e-05, 48.138, 294.6
1698180669.7989073, 5.13198e-05, 5.67439e-05, 7.64136e-05, 48.246, 294.6
1698180670.9857268, 5.10218e-05, 5.72207e-05, 7.6354e-05, 48.522, 294.6
1698180672.1670127, 5.13794e-05, 5.66843e-05, 7.5758e-05, 47.898, 294.6
1698180673.3664079, 5.00681e-05, 5.57902e-05, 7.52215e-05, 47.964, 294.6
1698180674.5466468, 5.03662e-05, 5.60286e-05, 7.51619e-05, 48.42, 294.6
1698180675.7415698, 5.00085e-05, 5.56114e-05, 7.49235e-05, 48.042, 294.6
1698180676.9252958, 4.94125e-05, 5.72207e-05, 7.53407e-05, 49.104, 294.6
1698180678.114929, 4.91741e-05, 5.66843e-05, 7.52811e-05, 49.158, 294.6
1698180679.304243, 4.91145e-05, 5.5671e-05, 7.43275e-05, 49.896, 294.6
1698180680.492173, 5.07238e-05, 5.69227e-05, 7.62944e-05, 48.732, 294.6
1698180681.6776307, 5.0545e-05, 5.62074e-05, 7.55196e-05, 48.888, 294.6
1698180682.8807826, 5.0545e-05, 5.60286e-05, 7.53407e-05, 48.234, 294.6
1698180684.0630984, 4.97105e-05, 5.59094e-05, 7.54599e-05, 48.36, 294.6
1698180685.254801, 5.07834e-05, 5.60286e-05, 7.58176e-05, 47.664, 294.6
1698180686.4361436, 5.03662e-05, 5.74591e-05, 7.61752e-05, 48.588, 294.6
1698180687.622393, 4.91741e-05, 5.71015e-05, 7.50427e-05, 49.434, 294.6
1698180688.8258567, 5.0545e-05, 5.70419e-05, 7.65328e-05, 47.688, 294.6
1698180690.0045648, 4.97105e-05, 5.69227e-05, 7.53407e-05, 48.732, 294.6
1698180691.1898663, 5.04854e-05, 5.53729e-05, 7.49235e-05, 48.12, 294.6
1698180692.3864698, 5.06046e-05, 5.5969e-05, 7.52215e-05, 47.958, 294.6
1698180693.5690155, 5.03662e-05, 5.62074e-05, 7.54599e-05, 47.79, 294.6
1698180694.7525532, 4.97105e-05, 5.57306e-05, 7.47447e-05, 48.858, 294.6
1698180695.9382982, 5.09622e-05, 5.46577e-05, 7.4089e-05, 48.018, 294.6
1698180697.1246939, 5.02469e-05, 5.62074e-05, 7.52215e-05, 47.196, 294.6
1698180698.3196487, 5.1439e-05, 5.54922e-05, 7.52811e-05, 47.19, 294.6
1698180699.507099, 4.98893e-05, 5.60882e-05, 7.56388e-05, 48.054, 294.6
1698180700.6985705, 4.95317e-05, 5.66843e-05, 7.59964e-05, 48.408, 294.6
1698180701.885144, 4.98893e-05, 5.60286e-05, 7.45659e-05, 48.972, 294.6
1698180703.0740097, 4.98893e-05, 5.69823e-05, 7.59368e-05, 48.006, 294.6
1698180704.2560284, 4.84588e-05, 5.57306e-05, 7.41486e-05, 48.498, 294.6
1698180705.4408534, 5.04258e-05, 5.56114e-05, 7.58176e-05, 47.64, 294.6
1698180706.623594, 5.02469e-05, 5.75187e-05, 7.70693e-05, 48.012, 294.6
1698180707.812856, 5.10814e-05, 5.61478e-05, 7.53407e-05, 47.472, 294.6
1698180708.9922154, 5.04258e-05, 5.52537e-05, 7.49235e-05, 47.454, 294.6
1698180710.1941364, 4.94125e-05, 5.5969e-05, 7.39698e-05, 48.84, 294.6
1698180711.380373, 5.10814e-05, 5.50749e-05, 7.47447e-05, 47.736, 294.6
1698180712.553585, 5.04854e-05, 5.60882e-05, 7.58176e-05, 48.246, 294.6
1698180713.7430058, 4.97105e-05, 5.61478e-05, 7.55196e-05, 48.546, 294.6
1698180714.936746, 5.07238e-05, 5.50749e-05, 7.49831e-05, 47.634, 294.6
1698180716.1281064, 5.04258e-05, 5.69227e-05, 7.56388e-05, 47.868, 294.6
1698180717.325557, 5.12006e-05, 5.54922e-05, 7.52811e-05, 47.496, 294.6
1698180718.5242815, 4.86972e-05, 5.67439e-05, 7.58176e-05, 48.534, 294.6
1698180719.7172956, 5.04854e-05, 5.50153e-05, 7.50427e-05, 47.316, 294.6
1698180720.9019637, 4.85184e-05, 5.64458e-05, 7.52215e-05, 49.11, 294.6
1698180722.0840673, 5.0545e-05, 5.55518e-05, 7.50427e-05, 47.856, 294.6
1698180723.274191, 5.03066e-05, 5.59094e-05, 7.48043e-05, 48.066, 294.6
1698180724.4538338, 5.04258e-05, 5.5671e-05, 7.51619e-05, 47.97, 294.6
1698180725.6458383, 4.90549e-05, 5.6267e-05, 7.39102e-05, 50.202, 294.6
1698180726.8295515, 5.07834e-05, 5.60882e-05, 7.48043e-05, 48.636, 294.6
1698180728.0186934, 4.95317e-05, 5.5671e-05, 7.46255e-05, 48.312, 294.6
1698180729.208974, 5.00681e-05, 5.6267e-05, 7.51619e-05, 48.438, 294.6
1698180730.3954246, 4.98297e-05, 5.5969e-05, 7.43871e-05, 48.09, 294.5
1698180731.5755002, 4.95913e-05, 5.60286e-05, 7.49235e-05, 48.318, 294.6
1698180732.761994, 5.00085e-05, 5.52537e-05, 7.44467e-05, 47.262, 294.6
1698180733.9501956, 5.10218e-05, 5.47769e-05, 7.49831e-05, 47.646, 294.6
1698180735.1316574, 4.97701e-05, 5.60286e-05, 7.52811e-05, 47.592, 294.6
1698180736.3296547, 5.07238e-05, 5.57902e-05, 7.46851e-05, 47.832, 294.5
1698180737.5295978, 5.1141e-05, 5.52537e-05, 7.55196e-05, 47.412, 294.5
1698180738.70904, 5.03066e-05, 5.66843e-05, 7.61156e-05, 48.054, 294.5
1698180739.8998013, 5.03066e-05, 5.57902e-05, 7.48043e-05, 48.162, 294.5
1698180741.099787, 4.98297e-05, 5.41213e-05, 7.42082e-05, 47.43, 294.5
1698180742.292164, 4.98297e-05, 5.5671e-05, 7.49235e-05, 48.27, 294.5
1698180743.6711023, 4.94721e-05, 5.53133e-05, 7.46851e-05, 47.916, 294.5
1698180745.104695, 4.97105e-05, 5.41213e-05, 7.39102e-05, 48.54, 294.5
1698180746.2988193, 5.07834e-05, 5.51941e-05, 7.48043e-05, 48.42, 294.5
1698180747.4840503, 4.95317e-05, 5.5671e-05, 7.44467e-05, 48.876, 294.5
1698180748.6928866, 4.96509e-05, 5.63266e-05, 7.43275e-05, 48.858, 294.5
1698180749.8699658, 4.8578e-05, 5.70419e-05, 7.46851e-05, 49.422, 294.5
1698180751.0607755, 4.88164e-05, 5.62074e-05, 7.52215e-05, 48.474, 294.5
1698180752.258933, 4.86376e-05, 5.51941e-05, 7.36718e-05, 48.552, 294.5
1698180753.4470615, 5.02469e-05, 5.56114e-05, 7.46851e-05, 47.658, 294.5
1698180754.6263733, 5.06046e-05, 5.57902e-05, 7.53407e-05, 48.528, 294.4
1698180755.8122098, 5.10814e-05, 5.58498e-05, 7.48043e-05, 48.12, 294.4
1698180757.0043192, 5.07834e-05, 5.6267e-05, 7.56388e-05, 48.432, 294.4
1698180758.187172, 5.04854e-05, 5.62074e-05, 7.6056e-05, 48.054, 294.3
1698180759.3960195, 4.95913e-05, 5.69227e-05, 7.56984e-05, 50.232, 294.3
1698180760.574178, 4.95913e-05, 5.70419e-05, 7.6354e-05, 48.564, 294.2
1698180761.7558138, 4.95913e-05, 5.77571e-05, 7.64136e-05, 48.978, 294.1
1698180762.9453297, 5.00085e-05, 5.60286e-05, 7.52811e-05, 48.696, 294.0
1698180764.1370876, 5.02469e-05, 5.72207e-05, 7.53407e-05, 49.26, 293.9
1698180765.317395, 4.98297e-05, 5.65054e-05, 7.51619e-05, 48.93, 293.8
1698180766.5108798, 5.06046e-05, 5.67439e-05, 7.59368e-05, 49.2, 293.6
1698180767.7014723, 4.99489e-05, 5.65054e-05, 7.51023e-05, 48.312, 293.5
1698180768.8834581, 5.10218e-05, 5.79956e-05, 7.71885e-05, 48.72, 293.3
1698180770.0776439, 5.10814e-05, 5.63862e-05, 7.6354e-05, 47.796, 293.2
1698180771.2621815, 4.96509e-05, 5.62074e-05, 7.48639e-05, 48.828, 293.0
1698180772.447767, 4.93529e-05, 5.62074e-05, 7.47447e-05, 48.672, 292.8
1698180773.642267, 4.96509e-05, 5.61478e-05, 7.58176e-05, 48.726, 292.6
1698180774.8309982, 5.06046e-05, 5.68631e-05, 7.55792e-05, 48.582, 292.4
1698180776.035355, 5.16775e-05, 5.79956e-05, 7.73673e-05, 47.928, 292.2
1698180777.2254305, 5.15583e-05, 5.69227e-05, 7.67712e-05, 48.312, 292.0
1698180778.4135296, 5.12602e-05, 5.74591e-05, 7.6652e-05, 49.038, 291.8
1698180779.606364, 5.17967e-05, 5.73995e-05, 7.69501e-05, 47.826, 291.7
1698180780.7918515, 5.07238e-05, 5.81148e-05, 7.72481e-05, 48.078, 291.5
1698180781.9793942, 5.04854e-05, 5.94261e-05, 7.80826e-05, 49.92, 291.3
1698180783.1687198, 5.03066e-05, 5.90088e-05, 7.77249e-05, 49.698, 291.1
1698180784.3534336, 5.04258e-05, 5.66246e-05, 7.6652e-05, 48.762, 291.0
1698180785.54647, 5.1439e-05, 5.81744e-05, 7.68905e-05, 48.03, 290.8
1698180786.7442431, 5.00681e-05, 5.80552e-05, 7.72481e-05, 48.954, 290.7
1698180787.9315484, 5.01277e-05, 5.75187e-05, 7.69501e-05, 49.068, 290.5
1698180789.1129844, 5.0545e-05, 5.81148e-05, 7.61752e-05, 48.792, 290.4
1698180790.3019216, 5.01873e-05, 5.78167e-05, 7.6056e-05, 48.93, 290.2
1698180791.4872577, 5.15583e-05, 5.84724e-05, 7.81422e-05, 48.522, 290.1
1698180792.6739757, 5.15583e-05, 5.68631e-05, 7.65328e-05, 48.186, 289.9
1698180793.879605, 5.13794e-05, 5.74591e-05, 7.69501e-05, 47.826, 289.8
1698180795.0748868, 4.93529e-05, 5.79359e-05, 7.70693e-05, 48.768, 289.6
1698180796.2663574, 5.12602e-05, 5.80552e-05, 7.75461e-05, 49.158, 289.5
1698180797.4767716, 5.02469e-05, 5.84128e-05, 7.70097e-05, 49.062, 289.3
1698180798.658768, 5.14986e-05, 5.81148e-05, 7.78441e-05, 49.098, 289.2
1698180799.8478963, 5.07238e-05, 5.80552e-05, 7.68309e-05, 49.092, 289.0
1698180801.0328388, 5.10814e-05, 5.72207e-05, 7.73077e-05, 48.228, 288.9
1698180802.221682, 5.13794e-05, 5.8234e-05, 7.77845e-05, 48.582, 288.8
1698180803.4151917, 5.0843e-05, 5.70419e-05, 7.59368e-05, 49.02, 288.6
1698180804.5960388, 5.0545e-05, 5.77571e-05, 7.69501e-05, 48.738, 288.5
1698180805.7769113, 5.03662e-05, 5.83532e-05, 7.71885e-05, 49.638, 288.4
1698180806.9558568, 5.12006e-05, 5.85916e-05, 7.80229e-05, 48.876, 288.2
1698180808.1690526, 5.02469e-05, 5.8234e-05, 7.67116e-05, 49.326, 288.1
1698180809.3527536, 5.00681e-05, 5.75187e-05, 7.62944e-05, 48.924, 288.0
1698180810.5365074, 5.1141e-05, 5.76379e-05, 7.69501e-05, 48.192, 287.8
1698180811.7321322, 5.13794e-05, 5.78167e-05, 7.79037e-05, 48.786, 287.7
1698180812.917752, 5.12006e-05, 5.87108e-05, 7.80229e-05, 49.266, 287.5
1698180814.1074135, 5.09026e-05, 5.71611e-05, 7.62944e-05, 48.492, 287.4
1698180815.2926462, 5.14986e-05, 5.82936e-05, 7.74865e-05, 48.816, 287.3
1698180816.4696033, 5.03066e-05, 5.94261e-05, 7.86786e-05, 49.44, 287.2
1698180817.6569324, 5.06642e-05, 5.78167e-05, 7.68905e-05, 48.648, 287.0
1698180818.8460402, 5.07834e-05, 5.87108e-05, 7.84402e-05, 48.936, 286.9
1698180820.0433865, 5.03066e-05, 5.91876e-05, 7.81422e-05, 48.918, 286.7
1698180821.2415326, 5.17967e-05, 5.90684e-05, 7.78441e-05, 49.158, 286.6
1698180822.434268, 4.96509e-05, 5.90088e-05, 7.80826e-05, 49.23, 286.5
1698180823.6196666, 5.01277e-05, 5.86512e-05, 7.80229e-05, 49.002, 286.3
1698180824.808083, 5.09622e-05, 5.87108e-05, 7.72481e-05, 49.206, 286.2
1698180826.0051897, 5.06642e-05, 5.94261e-05, 7.80826e-05, 48.684, 286.1
1698180827.1954472, 5.0843e-05, 5.75783e-05, 7.68905e-05, 48.48, 286.0
1698180828.3828363, 5.06642e-05, 5.83532e-05, 7.79037e-05, 48.864, 285.8
1698180829.5804946, 5.0843e-05, 5.90088e-05, 7.83806e-05, 49.62, 285.7
1698180830.7649412, 5.14986e-05, 5.83532e-05, 7.74269e-05, 48.354, 285.6
1698180831.9509428, 5.20947e-05, 5.883e-05, 7.88574e-05, 49.182, 285.5
1698180833.128653, 5.02469e-05, 5.87108e-05, 7.73077e-05, 49.008, 285.4
1698180834.3201375, 5.10218e-05, 5.8234e-05, 7.80826e-05, 48.27, 285.3
1698180835.5251331, 5.16179e-05, 5.99029e-05, 7.87382e-05, 49.638, 285.2
1698180836.7108166, 5.26311e-05, 5.79956e-05, 7.8917e-05, 47.988, 285.1
1698180837.8884525, 5.22735e-05, 5.87108e-05, 7.90362e-05, 48.75, 285.0
1698180839.0856001, 5.07238e-05, 5.94261e-05, 7.8321e-05, 49.8, 284.9
1698180840.2625592, 5.17967e-05, 5.82936e-05, 7.84402e-05, 48.546, 284.8
1698180841.458298, 5.25715e-05, 5.89492e-05, 7.92746e-05, 48.45, 284.7
1698180842.6449072, 5.1439e-05, 5.96049e-05, 7.77249e-05, 49.512, 284.6
1698180843.830395, 5.16775e-05, 5.94261e-05, 7.93939e-05, 48.792, 284.6
1698180845.017782, 5.1439e-05, 6.01413e-05, 7.99303e-05, 49.344, 284.5
1698180846.2126613, 5.14986e-05, 5.90088e-05, 7.8619e-05, 49.242, 284.4
1698180847.394712, 5.32868e-05, 6.01413e-05, 7.96323e-05, 48.354, 284.3
1698180848.5861773, 5.20351e-05, 5.97241e-05, 7.8619e-05, 49.134, 284.3
1698180849.767013, 5.20947e-05, 5.93069e-05, 7.92746e-05, 48.702, 284.2
1698180850.9625654, 5.24523e-05, 5.87108e-05, 7.86786e-05, 48.618, 284.1
1698180852.1435237, 5.32868e-05, 6.10952e-05, 8.08244e-05, 48.726, 284.1
1698180853.3370407, 5.29292e-05, 6.0797e-05, 8.04667e-05, 48.624, 284.0
1698180854.523885, 5.19159e-05, 5.97241e-05, 7.97515e-05, 48.768, 284.0
1698180855.715931, 5.15583e-05, 5.99625e-05, 7.95131e-05, 48.942, 283.9
1698180856.9120681, 5.22735e-05, 5.87108e-05, 7.93342e-05, 48.852, 283.8
1698180858.102439, 5.19755e-05, 5.94857e-05, 7.84998e-05, 48.546, 283.7
1698180859.2932498, 5.21543e-05, 5.94261e-05, 7.92746e-05, 48.978, 283.7
1698180860.4703498, 5.28099e-05, 5.92472e-05, 7.93342e-05, 48.432, 283.6
1698180861.66178, 5.10814e-05, 6.02009e-05, 7.97515e-05, 49.266, 283.6
1698180862.8775022, 5.22139e-05, 6.01413e-05, 7.90362e-05, 49.362, 283.5
1698180864.05477, 5.16775e-05, 6.07374e-05, 7.91554e-05, 48.918, 283.5
1698180865.2444952, 5.17967e-05, 6.00817e-05, 7.90362e-05, 49.002, 283.4
1698180866.444729, 5.32272e-05, 6.05586e-05, 8.04071e-05, 48.87, 283.4
1698180867.628484, 5.23927e-05, 6.03797e-05, 8.03475e-05, 48.438, 283.3
1698180868.8028347, 5.29292e-05, 6.04393e-05, 8.10032e-05, 48.528, 283.3
1698180869.9987085, 5.44193e-05, 6.02605e-05, 8.18376e-05, 47.91, 283.2
1698180871.181054, 5.42405e-05, 6.03797e-05, 8.11224e-05, 48.414, 283.2
1698180872.3687134, 5.26907e-05, 6.06182e-05, 8.04071e-05, 49.272, 283.1
1698180873.5719664, 5.32868e-05, 6.18105e-05, 8.10032e-05, 49.302, 283.1
1698180874.7816207, 5.10218e-05, 5.96049e-05, 8.00495e-05, 48.234, 283.0
1698180875.9722314, 5.38828e-05, 6.04989e-05, 8.148e-05, 48.672, 283.0
1698180877.1533961, 5.32868e-05, 6.04393e-05, 8.07648e-05, 48.612, 283.0
1698180878.3413608, 5.25119e-05, 6.13336e-05, 8.05859e-05, 49.488, 282.9
1698180879.529119, 5.25715e-05, 6.20489e-05, 8.11224e-05, 49.572, 282.9
1698180880.7189531, 5.29888e-05, 6.10952e-05, 8.10628e-05, 48.498, 282.8
1698180881.9078891, 5.3108e-05, 6.19893e-05, 8.16588e-05, 49.842, 282.8
1698180883.1007533, 5.38232e-05, 6.09162e-05, 8.1182e-05, 48.036, 282.7
1698180884.2963011, 5.39424e-05, 6.19893e-05, 8.22549e-05, 49.488, 282.7
1698180885.4967303, 5.25119e-05, 6.20489e-05, 8.27317e-05, 49.728, 282.7
1698180886.690158, 5.45981e-05, 6.08566e-05, 8.13608e-05, 48.792, 282.6
1698180887.8786292, 5.35252e-05, 6.1274e-05, 8.20165e-05, 49.2, 282.6
1698180889.0557535, 5.3704e-05, 6.25853e-05, 8.23741e-05, 50.07, 282.5
1698180890.2535264, 5.44789e-05, 6.22277e-05, 8.29701e-05, 48.516, 282.5
1698180891.4402406, 5.41809e-05, 6.3837e-05, 8.39238e-05, 49.998, 282.5
1698180892.6216238, 5.38232e-05, 6.17509e-05, 8.21953e-05, 48.744, 282.4
1698180893.8245058, 5.45981e-05, 6.3241e-05, 8.26721e-05, 49.53, 282.4
1698180895.0215762, 5.46577e-05, 6.15125e-05, 8.24337e-05, 48.306, 282.4
1698180896.2063267, 5.52537e-05, 6.25257e-05, 8.3447e-05, 48.738, 282.3
1698180897.3876495, 5.47769e-05, 6.34198e-05, 8.35662e-05, 49.602, 282.3
1698180898.569971, 5.45385e-05, 6.25257e-05, 8.28509e-05, 49.062, 282.3
1698180899.7559576, 5.43001e-05, 6.19893e-05, 8.30893e-05, 48.306, 282.2
1698180900.9541347, 5.4002e-05, 6.34794e-05, 8.30893e-05, 49.224, 282.2
1698180902.1430173, 5.33464e-05, 6.38966e-05, 8.36258e-05, 49.944, 282.2
1698180903.3399951, 5.4002e-05, 6.30026e-05, 8.36258e-05, 48.822, 282.1
1698180904.5263338, 5.3704e-05, 6.3241e-05, 8.35662e-05, 49.602, 282.1
1698180905.7260177, 5.50749e-05, 6.31218e-05, 8.39238e-05, 48.666, 282.1
1698180906.9125671, 5.51941e-05, 6.31218e-05, 8.38046e-05, 48.96, 282.0
1698180908.0942936, 5.52537e-05, 6.27046e-05, 8.26721e-05, 48.846, 282.0
1698180909.2796578, 5.44789e-05, 6.34794e-05, 8.36258e-05, 49.524, 282.0
1698180910.4763293, 5.53729e-05, 6.3539e-05, 8.38046e-05, 49.548, 282.0
1698180911.693218, 5.39424e-05, 6.48503e-05, 8.41026e-05, 50.022, 281.9
1698180912.8777568, 5.54922e-05, 6.37178e-05, 8.44602e-05, 48.522, 281.9
1698180914.062711, 5.51941e-05, 6.33006e-05, 8.45795e-05, 48.42, 281.9
1698180915.2505598, 5.60286e-05, 6.31814e-05, 8.4043e-05, 48.258, 281.8
1698180916.4329197, 5.47769e-05, 6.37178e-05, 8.33874e-05, 49.23, 281.8
1698180917.6124222, 5.57902e-05, 6.41351e-05, 8.44602e-05, 50.28, 281.8
1698180918.797793, 5.53133e-05, 6.33006e-05, 8.42814e-05, 48.99, 281.8
1698180919.980516, 5.50749e-05, 6.26449e-05, 8.38046e-05, 49.008, 281.7
1698180921.1791859, 5.57902e-05, 6.49099e-05, 8.56523e-05, 49.104, 281.7
1698180922.3655667, 5.57306e-05, 6.39562e-05, 8.4043e-05, 49.158, 281.7
1698180923.55647, 5.58498e-05, 6.46715e-05, 8.47583e-05, 49.722, 281.6
1698180924.7400532, 5.58498e-05, 6.40159e-05, 8.52351e-05, 48.66, 281.6
1698180925.9288118, 5.50153e-05, 6.3539e-05, 8.47583e-05, 49.05, 281.6
1698180927.1171384, 5.51941e-05, 6.54464e-05, 8.59504e-05, 49.65, 281.6
1698180928.321543, 5.60286e-05, 6.61616e-05, 8.68444e-05, 49.968, 281.6
1698180929.5109088, 5.60882e-05, 6.5804e-05, 8.57715e-05, 49.386, 281.5
1698180930.7046645, 5.50749e-05, 6.43139e-05, 8.51755e-05, 48.852, 281.5
1698180931.8898332, 5.69823e-05, 6.56848e-05, 8.69636e-05, 48.75, 281.5
1698180933.0754986, 5.6267e-05, 6.50291e-05, 8.54735e-05, 49.074, 281.5
1698180934.258484, 5.68631e-05, 6.56252e-05, 8.67848e-05, 48.858, 281.5
1698180935.4422753, 5.49557e-05, 6.46119e-05, 8.50563e-05, 49.152, 281.4
1698180936.624372, 5.5671e-05, 6.47311e-05, 8.51755e-05, 49.158, 281.4
1698180937.8079863, 5.68035e-05, 6.47907e-05, 8.61888e-05, 48.804, 281.4
1698180939.0136209, 5.72207e-05, 6.49695e-05, 8.62484e-05, 48.84, 281.4
1698180940.1958034, 5.69227e-05, 6.51483e-05, 8.61888e-05, 49.614, 281.4
1698180941.3792198, 5.68035e-05, 6.52079e-05, 8.64868e-05, 48.948, 281.3
1698180942.5753148, 5.55518e-05, 6.46715e-05, 8.47583e-05, 49.248, 281.3
1698180943.7675374, 5.77571e-05, 6.44331e-05, 8.73213e-05, 48.132, 281.3
1698180944.9537268, 5.75187e-05, 6.50887e-05, 8.66656e-05, 48.654, 281.3
1698180946.1327515, 5.69227e-05, 6.56848e-05, 8.72021e-05, 48.624, 281.3
1698180947.3215697, 5.82936e-05, 6.60424e-05, 8.81557e-05, 48.894, 281.2
1698180948.5250247, 5.78763e-05, 6.53868e-05, 8.70232e-05, 48.738, 281.2
1698180949.7187068, 5.69227e-05, 6.58636e-05, 8.72021e-05, 49.248, 281.2
1698180950.9052958, 5.53729e-05, 6.60424e-05, 8.72021e-05, 49.482, 281.2
1698180952.0857146, 5.63862e-05, 6.5506e-05, 8.61888e-05, 49.356, 281.2
1698180953.276601, 5.72803e-05, 6.62212e-05, 8.63676e-05, 49.494, 281.1
1698180954.4643524, 5.78763e-05, 6.64596e-05, 8.85134e-05, 49.062, 281.1
1698180955.6612027, 5.78763e-05, 6.62808e-05, 8.70829e-05, 49.356, 281.1
1698180956.8438, 5.71611e-05, 6.68769e-05, 8.82153e-05, 49.17, 281.1
1698180958.0349202, 5.80552e-05, 6.59232e-05, 8.83942e-05, 48.378, 281.1
1698180959.2277036, 5.64458e-05, 6.65789e-05, 8.69636e-05, 49.002, 281.1
1698180960.412274, 5.65054e-05, 6.76517e-05, 8.89902e-05, 49.668, 281.0
1698180961.5988486, 5.70419e-05, 6.79498e-05, 8.94074e-05, 49.566, 281.0
1698180962.789529, 5.84724e-05, 6.69961e-05, 8.86922e-05, 48.45, 281.0
1698180963.9779644, 5.75187e-05, 6.63404e-05, 8.77981e-05, 49.278, 281.0
1698180965.1641946, 5.72207e-05, 6.68173e-05, 8.79769e-05, 49.554, 281.0
1698180966.3657196, 5.81148e-05, 6.47311e-05, 8.73213e-05, 48.498, 281.0
1698180967.5607169, 5.83532e-05, 6.71749e-05, 8.89902e-05, 48.486, 281.0
1698180968.7475982, 5.76379e-05, 6.62808e-05, 8.79173e-05, 49.08, 280.9
1698180969.9297829, 5.79956e-05, 6.53868e-05, 8.70829e-05, 49.128, 280.9
1698180971.1186285, 5.93665e-05, 6.65789e-05, 8.92882e-05, 48.57, 280.9
1698180972.3110843, 5.70419e-05, 6.61616e-05, 8.79173e-05, 48.612, 280.9
1698180973.4916396, 5.81148e-05, 6.56848e-05, 8.74405e-05, 48.546, 280.9
1698180974.681581, 5.93069e-05, 6.69365e-05, 8.9169e-05, 48.198, 280.9
1698180975.8815758, 5.99029e-05, 6.64596e-05, 8.9169e-05, 48.27, 280.8
1698180977.0674694, 5.84128e-05, 6.68769e-05, 8.83942e-05, 48.87, 280.8
1698180978.2493386, 5.8532e-05, 6.73537e-05, 8.90498e-05, 49.206, 280.8
1698180979.4317515, 5.91876e-05, 6.5804e-05, 8.89902e-05, 47.472, 280.8
1698180980.6148632, 5.96049e-05, 6.70557e-05, 8.8573e-05, 49.332, 280.8
1698180981.8035052, 6.09162e-05, 6.53868e-05, 8.91094e-05, 47.226, 280.8
1698180983.0203307, 5.8234e-05, 6.80094e-05, 9.01227e-05, 48.828, 280.8
1698180984.2185764, 5.99029e-05, 6.8665e-05, 9.11956e-05, 48.87, 280.8
1698180985.4127285, 5.82936e-05, 6.77709e-05, 8.91094e-05, 49.092, 280.8
1698180986.6001792, 5.82936e-05, 6.88438e-05, 9.01823e-05, 49.314, 280.7
1698180987.786629, 5.92472e-05, 6.77113e-05, 8.97055e-05, 48.816, 280.7
1698180988.9696908, 5.81744e-05, 6.69961e-05, 8.96459e-05, 48.708, 280.7
1698180990.1596646, 5.88896e-05, 6.75921e-05, 8.97055e-05, 49.2, 280.7
1698180991.347206, 5.87108e-05, 6.86054e-05, 8.99439e-05, 49.488, 280.7
1698180992.533615, 5.92472e-05, 6.82478e-05, 8.99439e-05, 49.092, 280.7
1698180993.7319946, 5.91876e-05, 6.73537e-05, 9.01823e-05, 48.876, 280.7
1698180994.9233232, 6.03797e-05, 6.75325e-05, 9.00631e-05, 48.864, 280.7
1698180996.1074903, 5.96049e-05, 6.8367e-05, 9.07187e-05, 48.738, 280.7
1698180997.2910976, 5.90088e-05, 6.63404e-05, 8.83942e-05, 48.708, 280.6
1698180998.475868, 5.96049e-05, 6.78902e-05, 9.11956e-05, 48.612, 280.6
1698180999.6805682, 5.99625e-05, 6.96187e-05, 9.08379e-05, 49.56, 280.6
1698181000.8689518, 5.8234e-05, 6.84266e-05, 9.01823e-05, 49.05, 280.6
1698181002.0656002, 5.94857e-05, 6.86054e-05, 9.09572e-05, 49.158, 280.6
1698181003.2493896, 5.9128e-05, 6.93207e-05, 9.16724e-05, 49.212, 280.6
1698181004.4501529, 5.84724e-05, 6.78902e-05, 8.96459e-05, 49.806, 280.6
1698181005.6318464, 5.98433e-05, 6.90226e-05, 9.09572e-05, 49.674, 280.6
1698181006.8131719, 5.87108e-05, 6.87842e-05, 9.04207e-05, 49.182, 280.6
1698181007.9994926, 5.98433e-05, 6.80094e-05, 9.02419e-05, 48.756, 280.6
1698181009.1868434, 5.94261e-05, 6.95591e-05, 9.20896e-05, 49.614, 280.6
1698181010.3885946, 5.99625e-05, 6.79498e-05, 9.10764e-05, 49.104, 280.5
1698181011.5772457, 5.77571e-05, 6.74133e-05, 8.97055e-05, 48.81, 280.5
1698181012.7654386, 6.02605e-05, 6.77709e-05, 9.08379e-05, 49.122, 280.5
1698181013.9548638, 6.03201e-05, 6.90226e-05, 9.08975e-05, 49.062, 280.5
1698181015.1458676, 5.94857e-05, 6.85458e-05, 9.04803e-05, 48.63, 280.5
1698181016.3308504, 5.97837e-05, 6.76517e-05, 8.99439e-05, 48.54, 280.5
1698181017.5096803, 5.93665e-05, 6.90822e-05, 9.12552e-05, 49.884, 280.5
1698181018.692381, 5.96049e-05, 6.8367e-05, 9.05399e-05, 49.176, 280.5
1698181019.8698025, 5.94261e-05, 6.77113e-05, 9.03611e-05, 48.006, 280.5
1698181021.0794806, 6.0797e-05, 6.87246e-05, 9.14936e-05, 48.234, 280.5
1698181022.2659478, 6.16317e-05, 6.74133e-05, 9.05399e-05, 47.97, 280.5
1698181023.4635296, 6.05586e-05, 6.77113e-05, 9.03611e-05, 48.306, 280.4
1698181024.6472826, 5.97241e-05, 6.74729e-05, 9.01227e-05, 49.494, 280.4
1698181025.8351142, 6.03201e-05, 6.87246e-05, 9.22685e-05, 47.514, 280.4
1698181027.0195694, 6.17509e-05, 6.81286e-05, 9.16128e-05, 47.358, 280.4
1698181028.193775, 6.05586e-05, 6.84862e-05, 9.10764e-05, 48.12, 280.4
1698181029.4000778, 5.92472e-05, 6.78306e-05, 8.99439e-05, 48.972, 280.4
1698181030.5843372, 6.18701e-05, 6.73537e-05, 9.14936e-05, 47.436, 280.4
1698181031.7698326, 6.06182e-05, 6.80094e-05, 9.08975e-05, 47.904, 280.4
1698181032.9624286, 5.9128e-05, 6.79498e-05, 9.03611e-05, 48.72, 280.4
1698181034.1421423, 5.95453e-05, 6.91419e-05, 9.20896e-05, 48.72, 280.4
1698181035.3267539, 6.10356e-05, 6.73537e-05, 9.07187e-05, 48.372, 280.4
1698181036.5119252, 6.00221e-05, 6.84266e-05, 9.1136e-05, 48.612, 280.4
1698181037.722207, 5.93665e-05, 6.89034e-05, 9.16128e-05, 48.498, 280.4
1698181038.9175534, 6.00221e-05, 6.87246e-05, 9.08379e-05, 48.996, 280.4
1698181040.1028125, 5.93069e-05, 6.77709e-05, 8.87518e-05, 49.122, 280.4
1698181041.2843707, 6.00221e-05, 6.91419e-05, 9.22089e-05, 48.378, 280.4
1698181042.4659867, 6.06182e-05, 6.86054e-05, 9.18512e-05, 48.294, 280.4
1698181043.655855, 6.00221e-05, 7.03936e-05, 9.19108e-05, 49.74, 280.4
1698181044.8434885, 6.04989e-05, 6.91419e-05, 9.21492e-05, 48.792, 280.4
1698181046.0268674, 5.94857e-05, 6.90822e-05, 9.13744e-05, 49.362, 280.4
1698181047.2196126, 5.93069e-05, 6.93803e-05, 9.09572e-05, 49.146, 280.4
1698181048.4144788, 6.02605e-05, 6.88438e-05, 9.1732e-05, 49.044, 280.4
1698181049.6017585, 5.97241e-05, 6.90822e-05, 9.16724e-05, 48.834, 280.4
1698181050.7870307, 6.03201e-05, 6.91419e-05, 9.10168e-05, 48.954, 280.4
1698181051.98546, 5.89492e-05, 6.94399e-05, 9.16724e-05, 49.908, 280.4
1698181053.177396, 6.06182e-05, 7.04532e-05, 9.24473e-05, 49.158, 280.4
1698181054.3723168, 6.11548e-05, 6.90822e-05, 9.17916e-05, 48.516, 280.4
1698181055.5576293, 6.05586e-05, 6.81882e-05, 9.15532e-05, 48.672, 280.4
1698181056.758807, 6.02605e-05, 6.90226e-05, 9.07783e-05, 48.756, 280.4
1698181057.9435632, 5.98433e-05, 6.96187e-05, 9.24473e-05, 48.804, 280.4
1698181059.1283898, 6.00817e-05, 6.97379e-05, 9.20896e-05, 49.26, 280.4
1698181060.3158126, 5.94857e-05, 6.92611e-05, 9.07187e-05, 49.368, 280.3
1698181061.5053906, 5.98433e-05, 6.94995e-05, 9.1434e-05, 49.278, 280.3
1698181062.6906564, 5.96049e-05, 6.95591e-05, 9.18512e-05, 49.374, 280.3
1698181063.8737, 6.13932e-05, 6.8665e-05, 9.19704e-05, 48.786, 280.3
1698181065.1175022, 6.12144e-05, 6.97379e-05, 9.26261e-05, 48.876, 280.3
1698181066.3029556, 5.95453e-05, 6.96783e-05, 9.09572e-05, 49.896, 280.3
1698181067.4839091, 5.99029e-05, 7.08108e-05, 9.28645e-05, 49.392, 280.3
1698181068.6696086, 6.00817e-05, 6.91419e-05, 9.16724e-05, 48.816, 280.3
1698181069.8669908, 6.08566e-05, 7.02147e-05, 9.26857e-05, 48.69, 280.3
1698181071.0570998, 6.11548e-05, 6.90822e-05, 9.20896e-05, 48.468, 280.3
1698181072.2417886, 6.10356e-05, 6.80094e-05, 9.07783e-05, 47.904, 280.3
1698181073.4481072, 6.01413e-05, 6.92015e-05, 9.10168e-05, 49.506, 280.3
1698181074.6288683, 6.12144e-05, 6.67577e-05, 9.05399e-05, 48.336, 280.3
1698181075.8255088, 6.10952e-05, 6.90226e-05, 9.13744e-05, 48.522, 280.3
1698181077.017899, 5.95453e-05, 6.96187e-05, 9.23877e-05, 49.116, 280.3
1698181078.2042084, 6.06778e-05, 6.99167e-05, 9.18512e-05, 49.212, 280.3
1698181079.3896813, 6.07374e-05, 6.84266e-05, 9.19704e-05, 48.18, 280.3
1698181080.5783792, 6.02605e-05, 6.99167e-05, 9.28645e-05, 49.062, 280.3
1698181081.7588787, 5.96049e-05, 7.05724e-05, 9.18512e-05, 49.914, 280.3
1698181082.956954, 5.98433e-05, 7.08108e-05, 9.19704e-05, 49.53, 280.3
1698181084.1436043, 5.99625e-05, 6.90822e-05, 9.16724e-05, 49.044, 280.3
1698181085.328269, 6.04989e-05, 7.00359e-05, 9.25069e-05, 49.446, 280.3
1698181086.5645685, 5.94261e-05, 6.96187e-05, 9.20896e-05, 48.798, 280.3
1698181087.7473216, 6.03201e-05, 6.97975e-05, 9.25069e-05, 49.116, 280.3
1698181088.9414952, 6.02009e-05, 6.82478e-05, 9.08379e-05, 48.36, 280.3
1698181090.1257157, 5.83532e-05, 7.0632e-05, 9.22685e-05, 50.064, 280.3
1698181091.3251543, 6.07374e-05, 7.05128e-05, 9.25069e-05, 49.08, 280.3
1698181092.5083923, 5.95453e-05, 6.97975e-05, 9.16724e-05, 49.524, 280.3
1698181093.6903884, 5.87108e-05, 6.90226e-05, 9.15532e-05, 49.176, 280.3
1698181094.8723497, 6.02605e-05, 6.93207e-05, 9.17916e-05, 49.416, 280.3
1698181096.0548766, 6.07374e-05, 6.98571e-05, 9.26261e-05, 48.75, 280.3
1698181097.2468672, 5.93069e-05, 6.96187e-05, 9.13148e-05, 49.416, 280.3
1698181098.4540434, 5.99029e-05, 6.94399e-05, 9.13148e-05, 50.13, 280.3
1698181099.6316335, 5.94261e-05, 7.08704e-05, 9.28049e-05, 49.896, 280.3
1698181100.828143, 5.95453e-05, 6.96187e-05, 9.18512e-05, 49.602, 280.3
1698181102.018711, 6.09162e-05, 7.13472e-05, 9.39374e-05, 49.686, 280.3
1698181103.203685, 5.96049e-05, 7.02743e-05, 9.20896e-05, 49.638, 280.3
1698181104.387349, 5.9128e-05, 6.94399e-05, 9.19108e-05, 48.912, 280.3
1698181105.5681326, 5.94261e-05, 6.90822e-05, 9.15532e-05, 49.89, 280.3
1698181106.7450025, 6.00221e-05, 7.08108e-05, 9.28049e-05, 49.518, 280.3
1698181107.9394455, 6.08566e-05, 6.95591e-05, 9.22089e-05, 48.672, 280.3
1698181109.162332, 5.94261e-05, 7.02743e-05, 9.36394e-05, 49.95, 280.3
1698181110.346091, 5.97837e-05, 6.96783e-05, 9.19704e-05, 49.056, 280.3
1698181111.5307462, 6.05586e-05, 6.90226e-05, 9.16724e-05, 49.44, 280.3
1698181112.7163155, 6.03797e-05, 6.95591e-05, 9.20896e-05, 49.122, 280.3
1698181113.8906722, 6.02605e-05, 6.99763e-05, 9.22089e-05, 49.626, 280.3
1698181115.0859668, 6.04989e-05, 6.94399e-05, 9.19108e-05, 49.05, 280.3
1698181116.2688024, 6.05586e-05, 6.8963e-05, 9.12552e-05, 49.572, 280.3
1698181117.45427, 5.89492e-05, 6.90822e-05, 9.04207e-05, 49.254, 280.3
1698181118.6453984, 6.03201e-05, 6.97379e-05, 9.25665e-05, 49.536, 280.3
1698181119.8369548, 6.09162e-05, 7.06916e-05, 9.27453e-05, 49.566, 280.3
1698181121.0169961, 6.04989e-05, 7.00955e-05, 9.21492e-05, 49.332, 280.3
1698181122.2064404, 5.99625e-05, 6.81286e-05, 9.13148e-05, 48.612, 280.3
1698181123.389708, 6.02605e-05, 7.07512e-05, 9.203e-05, 49.644, 280.3
1698181124.5805886, 6.03797e-05, 6.93207e-05, 9.22089e-05, 49.296, 280.3
1698181125.7767756, 6.13932e-05, 7.02147e-05, 9.29241e-05, 49.164, 280.3
1698181126.979449, 5.97241e-05, 7.03339e-05, 9.21492e-05, 49.764, 280.3
1698181128.174001, 5.90684e-05, 7.00955e-05, 9.15532e-05, 49.074, 280.3
1698181129.368054, 6.05586e-05, 6.95591e-05, 9.15532e-05, 48.882, 280.3
1698181130.5489552, 6.10356e-05, 6.96783e-05, 9.24473e-05, 48.24, 280.3
1698181131.7377572, 6.06778e-05, 7.15856e-05, 9.44738e-05, 48.744, 280.3
1698181132.926186, 6.05586e-05, 7.06916e-05, 9.32817e-05, 49.458, 280.3
1698181134.1175473, 5.99029e-05, 7.09896e-05, 9.27453e-05, 49.572, 280.3
1698181135.3059683, 5.90684e-05, 6.97975e-05, 9.20896e-05, 49.638, 280.3
1698181136.5013702, 5.94261e-05, 7.07512e-05, 9.16128e-05, 50.172, 280.3
1698181137.6886039, 6.10952e-05, 6.99167e-05, 9.29241e-05, 48.684, 280.3
1698181138.876267, 6.07374e-05, 6.90822e-05, 9.23281e-05, 49.11, 280.3
1698181140.0641315, 6.1274e-05, 6.96783e-05, 9.26857e-05, 48.966, 280.3
1698181141.2507837, 6.09758e-05, 6.99167e-05, 9.29241e-05, 49.062, 280.3
1698181142.442981, 6.01413e-05, 6.97379e-05, 9.23877e-05, 49.314, 280.3
1698181143.637152, 5.91876e-05, 7.03936e-05, 9.26857e-05, 49.284, 280.3
1698181144.8329868, 6.09758e-05, 6.89034e-05, 9.28049e-05, 48.984, 280.3
1698181146.0211627, 6.06182e-05, 7.16452e-05, 9.32817e-05, 49.92, 280.3
1698181147.2211735, 5.92472e-05, 7.0632e-05, 9.19704e-05, 50.25, 280.3
1698181148.4072247, 6.0797e-05, 6.94995e-05, 9.23877e-05, 49.242, 280.3
1698181149.5950174, 6.04393e-05, 7.06916e-05, 9.30433e-05, 49.674, 280.3
1698181150.7815702, 6.00221e-05, 7.05724e-05, 9.23877e-05, 49.626, 280.3
1698181151.9680977, 5.99029e-05, 7.05128e-05, 9.30433e-05, 49.572, 280.3
1698181153.1588578, 6.05586e-05, 7.04532e-05, 9.26261e-05, 49.512, 280.3
1698181154.353635, 6.09758e-05, 6.99763e-05, 9.3699e-05, 48.846, 280.3
1698181155.538146, 6.12144e-05, 7.01551e-05, 9.22685e-05, 48.66, 280.3
1698181156.7260685, 5.97837e-05, 6.95591e-05, 9.14936e-05, 49.452, 280.3
1698181157.9147396, 5.87704e-05, 6.90822e-05, 9.1434e-05, 49.572, 280.3
1698181159.1047354, 6.05586e-05, 6.86054e-05, 9.20896e-05, 48.576, 280.3
1698181160.2879834, 5.94261e-05, 7.03936e-05, 9.22685e-05, 49.704, 280.3
1698181161.483783, 5.98433e-05, 6.92611e-05, 9.23877e-05, 49.008, 280.4
1698181162.6908352, 6.25257e-05, 6.96187e-05, 9.29241e-05, 48.906, 280.3
1698181163.881272, 6.02605e-05, 7.02743e-05, 9.29241e-05, 49.314, 280.3
1698181165.066941, 5.90088e-05, 7.02147e-05, 9.19108e-05, 50.016, 280.3
1698181166.2564127, 5.93069e-05, 7.01551e-05, 9.22685e-05, 49.434, 280.3
1698181167.452975, 6.07374e-05, 6.92015e-05, 9.22685e-05, 48.78, 280.3
1698181168.6428068, 6.10356e-05, 7.02743e-05, 9.28049e-05, 49.446, 280.3
1698181169.8313358, 5.97837e-05, 6.99167e-05, 9.21492e-05, 49.512, 280.3
1698181171.02595, 6.07374e-05, 7.09896e-05, 9.27453e-05, 49.662, 280.4
1698181172.2190819, 6.08566e-05, 6.98571e-05, 9.23877e-05, 49.638, 280.4
1698181173.4131196, 6.06182e-05, 7.0632e-05, 9.37586e-05, 48.522, 280.3
1698181174.596579, 5.92472e-05, 7.02743e-05, 9.18512e-05, 49.494, 280.4
1698181175.7910702, 6.00221e-05, 6.83074e-05, 9.07783e-05, 48.594, 280.4
1698181176.9772444, 5.95453e-05, 6.99167e-05, 9.22089e-05, 49.74, 280.4
1698181178.1624134, 5.97241e-05, 6.94399e-05, 9.18512e-05, 49.086, 280.4
1698181179.3580494, 5.9128e-05, 7.093e-05, 9.34009e-05, 50.052, 280.4
1698181180.5576477, 6.02605e-05, 7.05724e-05, 9.34605e-05, 49.194, 280.4
1698181181.7470498, 6.00221e-05, 7.05128e-05, 9.22685e-05, 50.124, 280.4
1698181182.9356437, 6.00221e-05, 6.90822e-05, 9.20896e-05, 49.164, 280.4
1698181184.1264496, 5.94857e-05, 7.08704e-05, 9.28645e-05, 49.896, 280.4
1698181185.3129935, 6.09162e-05, 6.94995e-05, 9.19704e-05, 49.746, 280.4
1698181186.51435, 6.00817e-05, 7.00955e-05, 9.18512e-05, 49.014, 280.4
1698181187.7150958, 5.98433e-05, 6.97975e-05, 9.18512e-05, 49.53, 280.4
1698181188.9141378, 6.06778e-05, 7.11684e-05, 9.35798e-05, 49.722, 280.4
1698181190.1074922, 6.03797e-05, 7.01551e-05, 9.22685e-05, 49.002, 280.4
1698181191.292217, 6.04393e-05, 7.20029e-05, 9.3699e-05, 48.888, 280.4
1698181192.4747334, 5.90088e-05, 7.01551e-05, 9.22685e-05, 49.65, 280.4
1698181193.6657612, 6.13932e-05, 7.02147e-05, 9.27453e-05, 49.326, 280.4
1698181194.8533146, 5.94857e-05, 6.97379e-05, 9.09572e-05, 49.218, 280.4
1698181196.0406344, 5.91876e-05, 7.02743e-05, 9.12552e-05, 50.406, 280.4
1698181197.2250555, 6.05586e-05, 7.14068e-05, 9.33413e-05, 49.506, 280.4
1698181198.426736, 6.00817e-05, 7.05128e-05, 9.1732e-05, 49.746, 280.4
1698181199.6195478, 5.94261e-05, 7.0632e-05, 9.25069e-05, 49.596, 280.4
1698181200.7992833, 5.93665e-05, 7.03339e-05, 9.24473e-05, 49.872, 280.4
1698181201.9842048, 6.06778e-05, 6.97379e-05, 9.24473e-05, 49.572, 280.4
1698181203.177211, 5.94857e-05, 7.07512e-05, 9.26857e-05, 50.238, 280.4
1698181204.3658133, 5.99029e-05, 7.00955e-05, 9.21492e-05, 49.914, 280.4
1698181205.5587723, 6.09162e-05, 7.02147e-05, 9.27453e-05, 49.32, 280.4
1698181206.7688916, 6.09162e-05, 7.00955e-05, 9.29837e-05, 49.212, 280.4
1698181207.9695504, 6.04989e-05, 7.12876e-05, 9.30433e-05, 49.758, 280.4
1698181209.160849, 5.98433e-05, 7.1228e-05, 9.34605e-05, 49.692, 280.4
1698181210.345992, 5.95453e-05, 7.06916e-05, 9.31625e-05, 49.566, 280.4
1698181211.529361, 6.00817e-05, 7.14068e-05, 9.31625e-05, 49.44, 280.4
1698181212.717949, 6.05586e-05, 6.97379e-05, 9.22089e-05, 49.398, 280.4
1698181213.903293, 5.90088e-05, 7.10492e-05, 9.26857e-05, 49.728, 280.4
1698181215.0903409, 5.95453e-05, 7.12876e-05, 9.33413e-05, 49.83, 280.4
1698181216.2883441, 6.07374e-05, 7.02147e-05, 9.22089e-05, 49.71, 280.4
1698181217.4793851, 6.00817e-05, 7.05724e-05, 9.28049e-05, 49.524, 280.4
1698181218.678172, 6.11548e-05, 7.11088e-05, 9.39374e-05, 50.058, 280.4
1698181219.8682039, 6.20489e-05, 7.01551e-05, 9.35202e-05, 48.972, 280.4
1698181221.0607991, 6.06182e-05, 6.95591e-05, 9.24473e-05, 49.308, 280.4
1698181222.240154, 6.02605e-05, 7.08704e-05, 9.35798e-05, 49.764, 280.4
1698181223.4251194, 5.96049e-05, 7.0632e-05, 9.24473e-05, 49.812, 280.4
1698181224.620739, 5.85916e-05, 6.88438e-05, 9.08379e-05, 49.326, 280.4
1698181225.8209567, 6.09758e-05, 6.98571e-05, 9.26857e-05, 49.476, 280.4
1698181227.0217657, 5.99625e-05, 7.07512e-05, 9.31625e-05, 49.944, 280.4
1698181228.2049105, 5.97241e-05, 6.93207e-05, 9.15532e-05, 49.152, 280.4
1698181229.3859117, 5.97837e-05, 6.96783e-05, 9.22685e-05, 49.74, 280.5
1698181230.5741343, 6.10356e-05, 7.05724e-05, 9.36394e-05, 49.296, 280.5
1698181231.7699542, 6.13336e-05, 7.08704e-05, 9.29837e-05, 49.716, 280.5
1698181232.9760683, 5.84128e-05, 6.99167e-05, 9.1732e-05, 49.956, 280.5
1698181234.16727, 6.04989e-05, 6.97975e-05, 9.27453e-05, 49.26, 280.5
1698181235.3521817, 5.94261e-05, 7.17049e-05, 9.31625e-05, 50.46, 280.5
1698181236.5318925, 6.03201e-05, 6.94995e-05, 9.20896e-05, 49.092, 280.5
1698181237.721629, 5.97837e-05, 6.99167e-05, 9.22089e-05, 48.9, 280.5
1698181238.9106996, 5.98433e-05, 7.1228e-05, 9.30433e-05, 50.154, 280.5
1698181240.1042483, 6.02605e-05, 7.05724e-05, 9.28645e-05, 49.338, 280.5
1698181241.2948864, 6.02605e-05, 7.12876e-05, 9.33413e-05, 49.254, 280.5
1698181242.4939868, 5.97241e-05, 6.92611e-05, 9.14936e-05, 49.398, 280.5
1698181243.6942317, 6.00817e-05, 6.86054e-05, 9.09572e-05, 49.296, 280.5
1698181244.8863788, 5.95453e-05, 6.90226e-05, 9.14936e-05, 49.068, 280.5
1698181246.0742593, 5.98433e-05, 7.1228e-05, 9.31029e-05, 49.584, 280.5
1698181247.2625864, 5.9128e-05, 7.00955e-05, 9.14936e-05, 49.968, 280.5
1698181248.451772, 5.90088e-05, 6.99167e-05, 9.23281e-05, 50.076, 280.5
1698181249.6326933, 5.92472e-05, 7.08704e-05, 9.22685e-05, 49.752, 280.5
1698181250.8309102, 5.83532e-05, 7.00359e-05, 9.10764e-05, 49.932, 280.5
1698181252.0141597, 5.9128e-05, 6.99167e-05, 9.17916e-05, 50.04, 280.5
1698181253.2059371, 5.90088e-05, 6.98571e-05, 9.17916e-05, 49.488, 280.5
1698181254.3870249, 5.98433e-05, 7.06916e-05, 9.20896e-05, 49.692, 280.5
1698181255.5811353, 6.00221e-05, 7.07512e-05, 9.29241e-05, 49.722, 280.5
1698181256.7779334, 5.94857e-05, 7.00955e-05, 9.22089e-05, 50.01, 280.5
1698181257.972247, 6.02605e-05, 7.05724e-05, 9.26857e-05, 49.356, 280.5
1698181259.1699696, 6.01413e-05, 7.01551e-05, 9.24473e-05, 49.482, 280.6
1698181260.360985, 6.03201e-05, 7.06916e-05, 9.23877e-05, 49.158, 280.6
1698181261.54885, 5.97837e-05, 7.08704e-05, 9.30433e-05, 49.452, 280.6
1698181262.7387407, 6.03201e-05, 7.13472e-05, 9.34605e-05, 49.992, 280.6
1698181263.935454, 5.93665e-05, 7.05128e-05, 9.32817e-05, 49.494, 280.6
1698181265.1245546, 6.01413e-05, 7.10492e-05, 9.34605e-05, 49.488, 280.6
1698181266.316596, 5.93665e-05, 6.97379e-05, 9.19108e-05, 49.152, 280.6
1698181267.5061755, 5.9128e-05, 7.21817e-05, 9.32221e-05, 50.832, 280.6
1698181268.7019665, 5.92472e-05, 7.11684e-05, 9.26261e-05, 49.56, 280.6
1698181269.8848417, 5.94857e-05, 7.04532e-05, 9.16128e-05, 49.464, 280.6
1698181271.077446, 5.93069e-05, 7.06916e-05, 9.21492e-05, 50.196, 280.6
1698181272.2689142, 5.97241e-05, 7.12876e-05, 9.40566e-05, 50.034, 280.6
1698181273.4553316, 5.99029e-05, 7.06916e-05, 9.23877e-05, 49.434, 280.6
1698181274.649545, 5.97241e-05, 7.17049e-05, 9.38778e-05, 49.878, 280.6
1698181275.8477585, 5.93069e-05, 7.13472e-05, 9.35202e-05, 50.19, 280.6
1698181277.054144, 6.01413e-05, 7.14068e-05, 9.26857e-05, 49.566, 280.6
1698181278.2399876, 5.9128e-05, 7.03936e-05, 9.20896e-05, 49.722, 280.6
1698181279.4248018, 5.98433e-05, 6.92611e-05, 9.17916e-05, 49.536, 280.6
1698181280.6087964, 6.04989e-05, 6.98571e-05, 9.28049e-05, 49.788, 280.6
1698181281.7853057, 6.06778e-05, 6.99763e-05, 9.16128e-05, 49.512, 280.6
1698181282.979424, 6.06182e-05, 7.02147e-05, 9.17916e-05, 49.152, 280.6
1698181284.165698, 6.00221e-05, 7.1228e-05, 9.20896e-05, 49.662, 280.7
1698181285.3557427, 5.82936e-05, 7.01551e-05, 9.16128e-05, 49.716, 280.7
1698181286.55078, 6.02605e-05, 7.06916e-05, 9.34605e-05, 50.328, 280.7
1698181287.745718, 6.01413e-05, 6.94399e-05, 9.12552e-05, 49.332, 280.7
1698181288.9328115, 5.97241e-05, 7.01551e-05, 9.16724e-05, 49.704, 280.7
1698181290.1296978, 6.01413e-05, 6.97379e-05, 9.19108e-05, 49.842, 280.7
1698181291.3135662, 6.01413e-05, 7.16452e-05, 9.3997e-05, 50.112, 280.7
1698181292.5024602, 6.02605e-05, 7.02743e-05, 9.24473e-05, 49.266, 280.7
1698181293.6930745, 6.01413e-05, 7.05724e-05, 9.18512e-05, 49.53, 280.7
1698181294.8948972, 6.04989e-05, 7.20029e-05, 9.47719e-05, 50.13, 280.7
1698181296.0866203, 6.18701e-05, 7.33142e-05, 9.54871e-05, 49.638, 280.7
1698181297.2843077, 6.18105e-05, 7.23009e-05, 9.53083e-05, 49.224, 280.7
1698181298.4700172, 6.19893e-05, 7.11088e-05, 9.42354e-05, 49.404, 280.7
1698181299.648493, 6.11548e-05, 7.16452e-05, 9.29241e-05, 49.746, 280.7
1698181300.8406126, 6.12144e-05, 7.14068e-05, 9.41162e-05, 49.002, 280.7
1698181302.0357246, 6.19893e-05, 7.18837e-05, 9.48911e-05, 49.14, 280.7
1698181303.2288158, 6.15125e-05, 7.24797e-05, 9.54275e-05, 49.482, 280.7
1698181304.42531, 6.02605e-05, 7.22413e-05, 9.43546e-05, 49.884, 280.7
1698181305.6155028, 5.96049e-05, 7.23605e-05, 9.38778e-05, 50.346, 280.7
1698181306.7984612, 6.09758e-05, 7.16452e-05, 9.4295e-05, 49.398, 280.7
1698181307.9848104, 6.13336e-05, 7.24797e-05, 9.49507e-05, 50.172, 280.7
1698181309.182695, 6.04989e-05, 7.28969e-05, 9.48911e-05, 49.95, 280.7
1698181310.3800814, 5.97837e-05, 7.20029e-05, 9.36394e-05, 50.118, 280.7
1698181311.5681477, 6.09758e-05, 7.1228e-05, 9.47122e-05, 50.016, 280.8
1698181312.7658694, 6.14529e-05, 7.04532e-05, 9.36394e-05, 49.458, 280.8
1698181313.9522789, 6.10952e-05, 7.14664e-05, 9.40566e-05, 49.548, 280.8
1698181315.1345234, 6.1274e-05, 7.1526e-05, 9.45334e-05, 49.5, 280.8
1698181316.317909, 6.18105e-05, 7.20625e-05, 9.47122e-05, 49.266, 280.8
1698181317.5034494, 6.07374e-05, 7.20029e-05, 9.35798e-05, 50.124, 280.8
1698181318.6974843, 6.16913e-05, 7.20029e-05, 9.44738e-05, 49.506, 280.8
1698181319.8869145, 6.15721e-05, 7.19433e-05, 9.47719e-05, 49.506, 280.8
1698181321.0908554, 6.08566e-05, 7.16452e-05, 9.43546e-05, 49.014, 280.8
1698181322.2875748, 6.09758e-05, 7.21817e-05, 9.36394e-05, 49.92, 280.8
1698181323.4827566, 6.09758e-05, 7.20029e-05, 9.3699e-05, 49.944, 280.8
1698181324.6757867, 6.07374e-05, 7.18241e-05, 9.39374e-05, 49.332, 280.8
1698181325.8670387, 6.15125e-05, 7.13472e-05, 9.43546e-05, 49.596, 280.8
1698181327.065199, 6.08566e-05, 7.26585e-05, 9.38778e-05, 50.424, 280.8
1698181328.2451024, 6.03201e-05, 7.20029e-05, 9.43546e-05, 50.082, 280.8
1698181329.447472, 6.09758e-05, 7.1526e-05, 9.40566e-05, 50.652, 280.8
1698181330.630091, 6.16913e-05, 7.14664e-05, 9.41162e-05, 49.752, 280.8
1698181331.804669, 6.09162e-05, 7.13472e-05, 9.41162e-05, 49.14, 280.8
1698181333.0123303, 6.12144e-05, 7.19433e-05, 9.51891e-05, 49.632, 280.8
1698181334.2073355, 6.05586e-05, 7.20625e-05, 9.38778e-05, 49.29, 280.8
1698181335.3906999, 6.15125e-05, 7.22413e-05, 9.46526e-05, 49.65, 280.9
1698181336.574867, 6.10952e-05, 7.24201e-05, 9.53679e-05, 49.188, 280.9
1698181337.7531745, 6.10952e-05, 7.19433e-05, 9.46526e-05, 50.154, 280.9
1698181338.9559505, 6.12144e-05, 7.19433e-05, 9.38778e-05, 49.98, 280.9
1698181340.1424968, 6.08566e-05, 7.25393e-05, 9.42354e-05, 50.58, 280.9
1698181341.3321838, 6.06778e-05, 7.17049e-05, 9.50699e-05, 49.572, 280.9
1698181342.5180695, 6.05586e-05, 7.23605e-05, 9.4593e-05, 50.232, 280.9
1698181343.7087379, 6.10952e-05, 7.18241e-05, 9.42354e-05, 49.374, 280.9
1698181344.8992958, 6.02605e-05, 7.18241e-05, 9.32817e-05, 49.812, 280.9
1698181346.07711, 6.16317e-05, 7.1526e-05, 9.38182e-05, 49.302, 280.9
1698181347.2854712, 6.08566e-05, 7.1526e-05, 9.41758e-05, 49.632, 280.9
1698181348.4775941, 6.14529e-05, 7.17049e-05, 9.45334e-05, 49.464, 280.9
1698181349.668827, 6.03797e-05, 7.10492e-05, 9.27453e-05, 49.638, 280.9
1698181350.8665671, 6.01413e-05, 7.16452e-05, 9.35798e-05, 49.71, 281.0
1698181352.0611224, 6.16913e-05, 7.24797e-05, 9.50103e-05, 50.214, 281.0
1698181353.253787, 6.13932e-05, 7.16452e-05, 9.46526e-05, 49.404, 281.0
1698181354.4366724, 6.12144e-05, 7.20029e-05, 9.44142e-05, 49.728, 281.0
1698181355.6278098, 6.15125e-05, 7.25989e-05, 9.50699e-05, 49.356, 281.0
1698181356.8208065, 5.97837e-05, 7.1228e-05, 9.35202e-05, 49.944, 281.0
1698181358.0151083, 6.03797e-05, 7.17049e-05, 9.37586e-05, 49.878, 281.0
1698181359.2064574, 5.99625e-05, 7.093e-05, 9.29241e-05, 49.392, 281.0
1698181360.3931613, 6.02605e-05, 7.13472e-05, 9.3997e-05, 50.304, 281.0
1698181361.5743096, 6.09758e-05, 7.21221e-05, 9.39374e-05, 50.16, 281.0
1698181362.7600996, 6.17509e-05, 7.17049e-05, 9.4593e-05, 49.404, 281.0
1698181363.9504147, 6.19297e-05, 7.16452e-05, 9.42354e-05, 49.446, 281.0
1698181365.1551082, 6.13932e-05, 7.28373e-05, 9.59043e-05, 50.208, 281.0
1698181366.345711, 6.08566e-05, 7.08108e-05, 9.35798e-05, 49.476, 281.0
1698181367.5350077, 6.02009e-05, 7.28969e-05, 9.38182e-05, 50.22, 281.0
1698181368.7328534, 6.00817e-05, 7.21221e-05, 9.42354e-05, 49.398, 281.0
1698181369.9268284, 6.18701e-05, 7.13472e-05, 9.51891e-05, 49.17, 281.0
1698181371.108803, 6.19893e-05, 7.18837e-05, 9.38182e-05, 50.028, 281.0
1698181372.2917225, 6.12144e-05, 7.20625e-05, 9.44738e-05, 50.37, 281.0
1698181373.4821446, 6.05586e-05, 7.12876e-05, 9.36394e-05, 49.746, 281.0
1698181374.6815856, 6.19297e-05, 7.11088e-05, 9.44142e-05, 49.398, 281.0
1698181375.868628, 6.11548e-05, 7.17645e-05, 9.38778e-05, 49.974, 281.0
1698181377.064042, 6.01413e-05, 7.1526e-05, 9.38778e-05, 49.32, 281.0
1698181378.2505991, 6.08566e-05, 7.27181e-05, 9.51295e-05, 50.262, 281.1
1698181379.4432204, 6.11548e-05, 7.19433e-05, 9.41758e-05, 50.178, 281.1
1698181380.6336775, 6.02605e-05, 7.18837e-05, 9.35202e-05, 49.32, 281.1
1698181381.8193815, 6.20489e-05, 7.03339e-05, 9.39374e-05, 48.96, 281.1
1698181383.0188422, 5.93665e-05, 7.25393e-05, 9.37586e-05, 50.034, 281.1
1698181384.192546, 6.06778e-05, 7.09896e-05, 9.30433e-05, 49.098, 281.1
1698181385.385907, 6.09758e-05, 7.05724e-05, 9.35798e-05, 49.488, 281.1
1698181386.571246, 5.97241e-05, 7.14068e-05, 9.33413e-05, 49.578, 281.1
1698181387.7606912, 6.03797e-05, 7.17049e-05, 9.31625e-05, 50.022, 281.1
1698181388.9427567, 6.04393e-05, 7.11088e-05, 9.38778e-05, 49.11, 281.1
1698181390.1214082, 6.13932e-05, 7.0632e-05, 9.31029e-05, 49.368, 281.1
1698181391.3125036, 6.07374e-05, 7.11684e-05, 9.41162e-05, 49.422, 281.1
1698181392.5096066, 6.09162e-05, 7.21221e-05, 9.36394e-05, 49.83, 281.1
1698181393.6971703, 6.06182e-05, 7.08704e-05, 9.41162e-05, 49.584, 281.1
1698181394.8909106, 6.04393e-05, 7.13472e-05, 9.25069e-05, 49.506, 281.1
1698181396.089115, 6.10952e-05, 7.06916e-05, 9.38182e-05, 49.02, 281.1
1698181397.278531, 5.91876e-05, 7.09896e-05, 9.31029e-05, 49.806, 281.1
1698181398.4750373, 6.18105e-05, 7.10492e-05, 9.37586e-05, 49.206, 281.1
1698181399.6683683, 5.97241e-05, 7.05724e-05, 9.30433e-05, 49.284, 281.1
1698181400.8734434, 5.93069e-05, 7.18837e-05, 9.31029e-05, 50.226, 281.2
1698181402.0595858, 5.98433e-05, 7.13472e-05, 9.32817e-05, 50.22, 281.2
1698181403.250162, 5.88896e-05, 7.093e-05, 9.24473e-05, 49.572, 281.2
1698181404.433273, 6.06778e-05, 7.08108e-05, 9.3699e-05, 49.644, 281.2
1698181405.6208699, 6.02605e-05, 7.08108e-05, 9.34605e-05, 49.608, 281.2
1698181406.814633, 6.03201e-05, 7.12876e-05, 9.31625e-05, 50.412, 281.2
1698181408.009369, 6.03797e-05, 7.08704e-05, 9.28049e-05, 49.656, 281.2
1698181409.209489, 6.13932e-05, 7.03936e-05, 9.33413e-05, 48.75, 281.2
1698181410.3963423, 6.15721e-05, 7.02147e-05, 9.37586e-05, 49.14, 281.2
1698181411.5844548, 6.1274e-05, 7.16452e-05, 9.39374e-05, 49.458, 281.2
1698181412.775241, 6.04393e-05, 7.18241e-05, 9.29837e-05, 49.692, 281.2
1698181413.9630706, 5.97837e-05, 7.16452e-05, 9.35798e-05, 50.478, 281.2
1698181415.147425, 6.03201e-05, 7.02743e-05, 9.25069e-05, 49.53, 281.2
1698181416.3518965, 6.06778e-05, 6.99167e-05, 9.29241e-05, 49.71, 281.2
1698181417.5451155, 6.11548e-05, 7.09896e-05, 9.35798e-05, 49.68, 281.2
1698181418.7422044, 6.06182e-05, 7.14068e-05, 9.3699e-05, 49.524, 281.2
1698181419.9255064, 6.1274e-05, 7.08108e-05, 9.31625e-05, 48.804, 281.2
1698181421.132755, 6.08566e-05, 6.97975e-05, 9.26261e-05, 48.93, 281.2
1698181422.3160083, 6.04989e-05, 7.14068e-05, 9.41758e-05, 49.176, 281.2
1698181423.512939, 6.10356e-05, 7.03936e-05, 9.35798e-05, 49.122, 281.2
1698181424.7080731, 6.15125e-05, 7.1228e-05, 9.33413e-05, 49.842, 281.2
1698181425.900471, 6.06778e-05, 7.11088e-05, 9.34605e-05, 48.918, 281.3
1698181427.099519, 6.03201e-05, 7.1228e-05, 9.31625e-05, 49.44, 281.3
1698181428.2931132, 5.96049e-05, 7.14068e-05, 9.35798e-05, 49.824, 281.3
1698181429.477886, 6.12144e-05, 7.10492e-05, 9.38778e-05, 49.524, 281.3
1698181430.6690738, 6.00221e-05, 7.00955e-05, 9.26261e-05, 49.392, 281.3
1698181431.8613157, 6.02605e-05, 7.08704e-05, 9.32817e-05, 49.11, 281.3
1698181433.0546842, 6.11548e-05, 7.03339e-05, 9.29241e-05, 49.044, 281.3
1698181434.2368457, 6.07374e-05, 7.06916e-05, 9.35798e-05, 49.77, 281.3
1698181435.42569, 6.02605e-05, 7.05128e-05, 9.21492e-05, 49.95, 281.3
1698181436.6256497, 6.03201e-05, 7.00955e-05, 9.22685e-05, 49.344, 281.3
1698181437.8073761, 6.07374e-05, 7.08704e-05, 9.27453e-05, 49.11, 281.3
1698181438.9999366, 6.08566e-05, 6.98571e-05, 9.22685e-05, 48.726, 281.3
1698181440.2022858, 6.13932e-05, 7.00955e-05, 9.32221e-05, 49.098, 281.3
1698181441.3894458, 6.15125e-05, 6.96783e-05, 9.35798e-05, 48.03, 281.3
1698181442.577384, 6.06778e-05, 6.98571e-05, 9.22685e-05, 48.996, 281.3
1698181443.766269, 6.01413e-05, 7.00359e-05, 9.18512e-05, 49.71, 281.3
1698181444.9605277, 6.13336e-05, 6.96783e-05, 9.22685e-05, 48.36, 281.3
1698181446.1493952, 5.99625e-05, 6.97975e-05, 9.14936e-05, 48.924, 281.3
1698181447.3487122, 6.19297e-05, 7.11684e-05, 9.43546e-05, 49.05, 281.3
1698181448.5360882, 6.04989e-05, 7.06916e-05, 9.31029e-05, 49.398, 281.4
1698181449.720851, 6.17509e-05, 7.11088e-05, 9.40566e-05, 49.32, 281.4
1698181450.9010386, 6.05586e-05, 7.11088e-05, 9.29837e-05, 49.338, 281.4
1698181452.0861964, 6.06778e-05, 6.90822e-05, 9.22089e-05, 49.218, 281.4
1698181453.2879133, 6.07374e-05, 7.0632e-05, 9.38182e-05, 49.824, 281.4
1698181454.4771323, 6.03201e-05, 7.04532e-05, 9.22685e-05, 49.518, 281.4
1698181455.6680517, 6.00221e-05, 7.19433e-05, 9.32221e-05, 49.554, 281.4
1698181456.8563251, 5.95453e-05, 7.0632e-05, 9.30433e-05, 49.938, 281.4
1698181458.0474122, 6.07374e-05, 7.09896e-05, 9.29837e-05, 50.196, 281.4
1698181459.2466252, 6.18105e-05, 7.09896e-05, 9.36394e-05, 49.41, 281.4
1698181460.4338758, 6.09162e-05, 6.97975e-05, 9.28645e-05, 48.996, 281.4
1698181461.638748, 5.97241e-05, 7.04532e-05, 9.20896e-05, 49.788, 281.4
1698181462.8148546, 6.12144e-05, 7.15856e-05, 9.32817e-05, 49.506, 281.4
1698181464.003632, 6.01413e-05, 7.1228e-05, 9.34605e-05, 49.812, 281.4
1698181465.191977, 6.05586e-05, 7.093e-05, 9.37586e-05, 49.08, 281.4
1698181466.3809857, 5.96049e-05, 6.99763e-05, 9.24473e-05, 49.494, 281.4
1698181467.5688233, 6.09162e-05, 7.02743e-05, 9.09572e-05, 49.224, 281.4
1698181468.7608807, 5.81744e-05, 6.92611e-05, 9.04803e-05, 49.56, 281.4
1698181469.968318, 5.9128e-05, 6.87842e-05, 9.02419e-05, 49.374, 281.5
1698181471.160348, 5.85916e-05, 6.95591e-05, 9.05995e-05, 50.424, 281.5
1698181472.3512037, 5.76975e-05, 6.85458e-05, 8.96459e-05, 49.986, 281.5
1698181473.540459, 5.82936e-05, 6.81286e-05, 8.97055e-05, 49.218, 281.5
1698181474.7219522, 5.79956e-05, 6.83074e-05, 9.00035e-05, 48.96, 281.5
1698181475.9033546, 5.99029e-05, 6.76517e-05, 9.03015e-05, 47.874, 281.5
1698181477.0910304, 5.78763e-05, 6.83074e-05, 8.95862e-05, 49.47, 281.5
1698181478.2810788, 5.9128e-05, 6.78902e-05, 9.01823e-05, 48.792, 281.5
1698181479.4852931, 5.88896e-05, 6.88438e-05, 9.00035e-05, 49.458, 281.5
1698181480.6882112, 5.93069e-05, 6.86054e-05, 9.00035e-05, 48.9, 281.5
1698181481.8757234, 5.88896e-05, 6.8367e-05, 9.03611e-05, 49.242, 281.5
1698181483.0567236, 5.97837e-05, 6.82478e-05, 9.1136e-05, 48.792, 281.5
1698181484.2402012, 5.98433e-05, 6.73537e-05, 8.99439e-05, 48.606, 281.5
1698181485.4248538, 5.84724e-05, 6.72941e-05, 8.87518e-05, 49.746, 281.5
1698181486.6038027, 5.91876e-05, 6.84266e-05, 9.04803e-05, 49.5, 281.5
1698181487.7951226, 6.01413e-05, 6.80094e-05, 9.07187e-05, 49.08, 281.5
1698181488.9939506, 5.99625e-05, 6.78902e-05, 8.97651e-05, 48.912, 281.5
1698181490.190464, 5.82936e-05, 6.76517e-05, 8.94074e-05, 48.954, 281.5
1698181491.3793054, 5.81148e-05, 6.76517e-05, 8.9169e-05, 49.482, 281.5
1698181492.5780203, 5.9128e-05, 6.75921e-05, 8.96459e-05, 48.78, 281.5
1698181493.76964, 5.84128e-05, 6.78902e-05, 9.00035e-05, 48.75, 281.5
1698181494.9572022, 6.10952e-05, 6.73537e-05, 8.99439e-05, 48.216, 281.6
1698181496.1346076, 5.84128e-05, 6.77113e-05, 8.8871e-05, 48.882, 281.6
1698181497.3354914, 5.83532e-05, 6.92611e-05, 9.04207e-05, 49.236, 281.6
1698181498.5261033, 5.93665e-05, 6.80094e-05, 9.06591e-05, 49.302, 281.6
1698181499.717862, 5.96645e-05, 6.79498e-05, 8.99439e-05, 49.074, 281.6
1698181500.9092908, 6.01413e-05, 6.95591e-05, 9.16724e-05, 48.93, 281.6
1698181502.09569, 5.88896e-05, 6.85458e-05, 9.07187e-05, 49.5, 281.6
1698181503.2824607, 5.93665e-05, 6.84266e-05, 9.06591e-05, 48.99, 281.6
1698181504.4646637, 5.8234e-05, 6.81882e-05, 8.99439e-05, 49.656, 281.6
1698181505.6707287, 5.87704e-05, 6.84862e-05, 9.08379e-05, 48.768, 281.6
1698181506.8611913, 5.92472e-05, 6.69961e-05, 8.98247e-05, 48.384, 281.6
1698181508.0506063, 5.95453e-05, 6.84862e-05, 9.06591e-05, 48.936, 281.6
1698181509.2418947, 5.9128e-05, 6.85458e-05, 9.04803e-05, 49.128, 281.6
1698181510.4380696, 5.94261e-05, 6.78902e-05, 9.02419e-05, 48.612, 281.6
1698181511.6225038, 5.89492e-05, 6.86054e-05, 9.09572e-05, 49.266, 281.6
1698181512.8097956, 5.94857e-05, 6.85458e-05, 9.03611e-05, 49.356, 281.6
1698181513.9918673, 6.07374e-05, 6.71153e-05, 9.02419e-05, 48.252, 281.6
1698181515.1982684, 5.82936e-05, 6.75921e-05, 8.98247e-05, 48.39, 281.6
1698181516.392401, 5.92472e-05, 6.79498e-05, 8.98247e-05, 48.534, 281.7
1698181517.5910683, 5.98433e-05, 6.67577e-05, 8.99439e-05, 48.138, 281.7
1698181518.7724054, 5.83532e-05, 6.80094e-05, 8.96459e-05, 49.8, 281.7
1698181519.9573815, 6.09758e-05, 6.62212e-05, 8.99439e-05, 47.742, 281.7
1698181521.15402, 5.80552e-05, 6.68173e-05, 8.89902e-05, 48.498, 281.7
1698181522.3457994, 6.01413e-05, 6.8069e-05, 9.04207e-05, 49.272, 281.7
1698181523.5411649, 5.95453e-05, 6.87842e-05, 9.01227e-05, 49.35, 281.7
1698181524.7309873, 5.97837e-05, 6.8069e-05, 9.02419e-05, 48.984, 281.7
1698181525.9295235, 5.95453e-05, 6.69961e-05, 8.93478e-05, 48.78, 281.7
1698181527.1206295, 5.84724e-05, 6.87246e-05, 8.96459e-05, 49.038, 281.7
1698181528.3093562, 5.78763e-05, 6.71153e-05, 8.84538e-05, 49.428, 281.7
1698181529.502641, 5.85916e-05, 6.87246e-05, 8.96459e-05, 49.542, 281.7
1698181530.7026548, 5.94857e-05, 6.83074e-05, 9.04803e-05, 49.212, 281.7
1698181531.892205, 5.95453e-05, 6.94399e-05, 9.07187e-05, 48.762, 281.7
1698181533.0872674, 6.06778e-05, 6.68769e-05, 8.95862e-05, 47.604, 281.7
1698181534.2807903, 6.04393e-05, 6.74729e-05, 9.03611e-05, 48.678, 281.8
1698181535.4732966, 5.87704e-05, 6.69961e-05, 8.89902e-05, 48.504, 281.8
1698181536.6594632, 5.95453e-05, 6.94995e-05, 9.13744e-05, 49.2, 281.8
1698181537.8513527, 5.76379e-05, 6.75921e-05, 8.93478e-05, 49.374, 281.8
1698181539.0403514, 5.883e-05, 6.71153e-05, 8.98843e-05, 48.054, 281.8
1698181540.2312016, 5.9128e-05, 6.77709e-05, 9.08379e-05, 49.002, 281.8
1698181541.4228988, 5.94261e-05, 6.68173e-05, 8.95862e-05, 49.08, 281.8
1698181542.605439, 5.88896e-05, 6.84862e-05, 9.02419e-05, 49.218, 281.8
1698181543.8020618, 5.81744e-05, 6.70557e-05, 8.88114e-05, 49.68, 281.8
1698181544.9944928, 5.91876e-05, 6.78306e-05, 9.02419e-05, 49.014, 281.8
1698181546.1939948, 5.96049e-05, 6.68769e-05, 8.91094e-05, 49.068, 281.8
1698181547.381411, 5.95453e-05, 6.78902e-05, 8.98247e-05, 48.786, 281.8
1698181548.5649452, 5.79956e-05, 6.82478e-05, 8.93478e-05, 49.59, 281.8
1698181549.7584736, 0.00109214, -0.000475885, 0.00109214, -2.508, 281.8
1698181550.9621587, 0.00109214, -0.000513379, 0.00109214, -2.838, 301.2
1698181552.1507142, 0.00109214, -0.000563864, 0.00109214, -3.192, 319.9
1698181553.3338485, 0.00109214, -0.000526909, 0.00109214, -2.688, 332.0
1698181554.523281, 0.00109214, -0.000409605, 0.00109214, -1.728, 333.7
1698181555.7170708, 0.00109214, -0.000573281, 0.00109214, -2.16, 335.3
1698181556.9103432, 0.00109214, -0.000722174, 0.00109214, -3.024, 336.7
1698181558.1206899, 0.00109214, -0.000457646, 0.00109214, -3.096, 338.1
1698181559.3095276, 0.00109214, -0.000720743, 0.00109214, -3.738, 339.4
1698181560.4995463, 0.00109214, -0.000631277, 0.00109214, -2.226, 340.8
1698181561.6892195, 0.00109214, -0.000767056, 0.00109214, -2.844, 342.0
1698181562.8698123, 0.00109214, -0.000540022, 0.00109214, -2.586, 343.0
1698181564.06423, 0.00109214, -0.000521068, 0.00109214, -3.426, 343.8
1698181565.2598114, 0.00109214, -0.000981934, 0.00109214, -4.5, 344.6
1698181566.4580765, 0.00109214, -0.000597183, 0.00109214, -2.106, 345.3
1698181567.6466398, 0.00109214, -0.000545446, 0.00109214, -3.108, 346.0
1698181568.8303018, 0.00109214, -0.000493113, 0.00109214, -3.228, 346.7
1698181570.0116343, 0.00109214, -0.00068808, 0.00109214, -3.606, 347.3
1698181571.1949668, 0.00109214, -0.00109024, 0.00109214, -4.794, 347.8
1698181572.3771372, 0.00109214, -0.000778798, 0.00109214, -2.976, 348.3
1698181573.5763042, 0.00109214, -0.000792269, 0.00109214, -3.156, 348.7
1698181574.778275, 0.00109214, -0.000378074, 0.00109214, -2.658, 349.1
1698181575.9707456, 0.00109214, -0.00047666, 0.00109214, -2.946, 349.4
1698181577.1667688, 0.00109214, -0.00055391, 0.00109214, -2.298, 349.8
1698181578.3660624, 0.00109214, -0.000632051, 0.00109214, -2.208, 350.3
1698181579.5569463, 0.00109214, -0.000651125, 0.00109214, -3.006, 350.7
1698181580.7416372, 0.00109214, -0.000524286, 0.00109214, -2.286, 351.1
1698181581.9335046, 0.00109214, -0.000568036, 0.00109214, -3.33, 351.4
1698181583.1342552, 0.00109214, -0.000704411, 0.00109214, -3.918, 351.7
1698181584.3282974, 0.00109214, -0.000694875, 0.00109214, -2.976, 351.9
1698181585.5225368, 0.00109214, -0.000694159, 0.00109214, -2.526, 352.0
1698181586.711425, 0.00109214, -0.000572626, 0.00109214, -2.592, 352.1
1698181587.8940108, 0.00109214, -0.000477018, 0.00109214, -2.556, 352.2
1698181589.0814245, 0.00109214, -0.000454308, 0.00109214, -3.036, 352.3
1698181590.2743309, 0.00109214, -0.000455739, 0.00109214, -2.91, 352.4
1698181591.4787838, 0.00109214, -0.000658099, 0.00109214, -2.382, 352.4
1698181592.681476, 0.00109214, -0.000584606, 0.00109214, -2.268, 352.4
1698181593.8791354, 0.00109214, -0.000550631, 0.00109214, -3.084, 352.5
1698181595.0674927, 0.00109214, -0.000494484, 0.00109214, -3.114, 352.5
1698181596.2572546, 0.00109214, -0.000624362, 0.00109214, -3.828, 352.6
1698181597.4533782, 0.00109214, -0.000610594, 0.00109214, -3.63, 352.7
1698181598.6420987, 0.00109214, -0.000557009, 0.00109214, -2.934, 352.8
1698181599.8229132, 0.00109214, -0.000591997, 0.00109214, -2.778, 352.8
1698181601.0192, 0.00109214, -0.000693027, 0.00109214, -2.55, 352.6
1698181602.2245677, 0.00109214, -0.000530008, 0.00109214, -2.034, 352.4
1698181603.4225166, 0.00109214, -0.000703458, 0.00109214, -3.756, 352.2
1698181604.6142545, 0.00109214, -0.0005312, 0.00109214, -3.282, 352.2
1698181605.796028, 0.00109214, -0.00047964, 0.00109214, -3.138, 352.1
1698181606.99408, 0.00109214, -0.000584904, 0.00109214, -3.45, 352.1
1698181608.1788685, 0.00109214, -0.000680808, 0.00109214, -3.258, 352.0
1698181609.3757427, 0.00109214, -0.000761334, 0.00109214, -2.916, 351.8
1698181610.5692084, 0.00109214, -0.000715736, 0.00109214, -2.718, 351.6
1698181611.7661269, 0.00109214, -0.000600282, 0.00109214, -3.162, 351.3
1698181612.9626076, 0.00109214, -0.000410261, 0.00109214, -2.91, 351.0
1698181614.1501107, 0.00109214, -0.00057042, 0.00109214, -3.42, 350.6
1698181615.342957, 0.00109214, -0.000682477, 0.00109214, -3.0, 350.2
1698181616.526388, 0.00109214, -0.000686768, 0.00109214, -2.766, 349.8
1698181617.723547, 0.00109214, -0.000638131, 0.00109214, -2.502, 349.4
1698181618.9189615, 0.00109214, -0.000628296, 0.00109214, -3.186, 349.0
1698181620.1054623, 0.00109214, -0.00046909, 0.00109214, -3.012, 348.6
1698181621.2923024, 0.00109214, -0.000434937, 0.00109214, -3.078, 348.2
1698181622.4737682, 0.00109214, -0.000499908, 0.00109214, -3.132, 347.7
1698181623.667127, 0.00109214, -0.000575904, 0.00109214, -2.892, 347.3
1698181624.849909, 0.00109214, -0.000571255, 0.00109214, -2.718, 346.9
1698181626.044199, 0.00109214, -0.00074536, 0.00109214, -3.204, 346.5
1698181627.2326953, 0.00109214, -0.000749771, 0.00109214, -2.838, 346.0
1698181628.4219015, 0.00109214, -0.000719849, 0.00109214, -2.58, 345.4
1698181629.6108618, 0.00109214, -0.000736658, 0.00109214, -2.61, 344.8
1698181630.798575, 0.00109214, -0.0006699, 0.00109214, -2.37, 344.3
1698181631.9873765, 0.00109214, -0.000718657, 0.00109214, -2.802, 343.8
1698181633.1749911, 0.00109214, -0.00058103, 0.00109214, -1.872, 343.4
1698181634.3599646, 0.00109214, -0.000619534, 0.00109214, -2.238, 343.0
1698181635.5570664, 0.00109214, -0.000614647, 0.00109214, -2.028, 342.4
1698181636.7481697, 0.00109214, -0.000600163, 0.00109214, -1.998, 341.9
1698181637.9379337, 0.00109214, -0.000569347, 0.00109214, -1.908, 341.3
1698181639.1307745, 0.00109214, -0.000560407, 0.00109214, -1.95, 340.7
1698181640.3270288, 0.00109214, -0.000559036, 0.00109214, -1.992, 340.2
1698181641.507856, 0.00109214, -0.000623766, 0.00109214, -2.172, 339.7
1698181642.6828587, 0.00109214, -0.000639621, 0.00109214, -2.328, 339.2
1698181643.8917155, 0.00109214, -0.000576679, 0.00109214, -1.962, 338.7
1698181645.0859697, 0.00109214, -0.000560287, 0.00109214, -1.92, 338.2
1698181646.2767406, 0.00109214, -0.000601236, 0.00109214, -2.052, 337.6
1698181647.4615762, 0.00109214, -0.000572983, 0.00109214, -2.046, 337.0
1698181648.6525712, 0.00109214, -0.000591282, 0.00109214, -2.196, 336.5
1698181649.8358803, 0.00109214, -0.000589553, 0.00109214, -2.01, 336.0
1698181651.0285788, 0.00109214, -0.00055391, 0.00109214, -2.292, 335.5
1698181652.2225027, 0.00109214, -0.000514571, 0.00109214, -2.676, 335.1
1698181653.4134135, 0.00109214, -0.000495557, 0.00109214, -3.216, 334.7
1698181654.605867, 0.00109214, -0.000541631, 0.00109214, -3.354, 334.4
1698181655.7969723, 0.00109214, -0.000533704, 0.00109214, -3.024, 334.1
1698181656.9897997, 0.00109214, -0.000637952, 0.00109214, -2.58, 333.7
1698181658.17519, 0.00109214, -0.000569526, 0.00109214, -1.95, 333.3
1698181659.369913, 0.00109214, -0.000500504, 0.00109214, -2.214, 333.0
1698181660.5592074, 0.00109214, -0.000406863, 0.00109214, -2.736, 332.7
1698181661.7497587, 0.00109214, -0.000494126, 0.00109214, -3.252, 332.4
1698181662.9465253, 0.00109214, -0.000778023, 0.00109214, -3.18, 332.0
1698181664.1289814, 0.00109214, -0.000673238, 0.00109214, -2.466, 331.6
1698181665.3098245, 0.00109214, -0.000574056, 0.00109214, -2.694, 331.1
1698181666.502156, 0.00109214, -0.000555102, 0.00109214, -3.222, 330.7
1698181667.6930876, 0.00109214, -0.000610236, 0.00109214, -3.408, 330.3
1698181668.8859804, 0.00109214, -0.000716213, 0.00109214, -2.736, 329.9
1698181670.0791898, 0.00109214, -0.000636045, 0.00109214, -2.67, 329.6
1698181671.266494, 0.00109214, -0.000626091, 0.00109214, -3.834, 329.3
1698181672.4612057, 0.00109214, -0.000698749, 0.00109214, -3.402, 329.0
1698181673.6497283, 0.00109214, -0.000663821, 0.00109214, -2.268, 328.9
1698181674.8429875, 0.00109214, -0.000519756, 0.00109214, -3.108, 328.7
1698181676.0320935, 0.00109214, -0.000614885, 0.00109214, -3.57, 328.6
1698181677.2284608, 0.00109214, -0.000629667, 0.00109214, -2.412, 328.3
1698181678.4289114, 0.00109214, -0.000484826, 0.00109214, -3.192, 328.0
1698181679.6048586, 0.00109214, -0.000597481, 0.00109214, -3.204, 327.6
1698181680.8053806, 0.00109214, -0.00086445, 0.00109214, -3.18, 327.2
1698181681.9951534, 0.00109214, -0.0006398, 0.00109214, -3.594, 326.8
1698181683.189931, 0.00109214, -0.000574294, 0.00109214, -2.922, 326.4
1698181684.3872132, 0.00109214, -0.00059605, 0.00109214, -2.256, 326.1
1698181685.5735826, 0.00109214, -0.000488285, 0.00109214, -2.814, 325.8
1698181686.7667634, 0.00109214, -0.000874404, 0.00109214, -4.656, 325.5
1698181687.9510515, 0.00109214, -0.000729505, 0.00109214, -2.892, 325.3
1698181689.137235, 0.00109214, -0.000677172, 0.00109214, -2.856, 325.1
1698181690.329546, 0.00109214, -0.000488941, 0.00109214, -3.57, 324.9
1698181691.526527, 0.00109214, -0.000794057, 0.00109214, -3.426, 324.6
1698181692.713461, 0.00109214, -0.000710431, 0.00109214, -2.772, 324.3
1698181693.9086452, 0.00109214, -0.000509385, 0.00109214, -3.516, 324.0
1698181695.110852, 0.00109214, -0.000780825, 0.00109214, -3.108, 323.7
1698181696.308177, 0.00109214, -0.000631277, 0.00109214, -3.018, 323.3
1698181697.4946678, 0.00109214, -0.000490967, 0.00109214, -3.126, 323.0
1698181698.689904, 0.00109214, -0.000619475, 0.00109214, -2.76, 322.7
1698181699.8761413, 0.00109214, -0.000623707, 0.00109214, -2.25, 322.4
1698181701.0686686, 0.00109214, -0.000449063, 0.00109214, -2.556, 322.1
1698181702.2571044, 0.00109214, -0.000438811, 0.00109214, -2.916, 321.8
1698181703.4518092, 0.00109214, -0.000640754, 0.00109214, -2.778, 321.6
1698181704.6485054, 0.00109214, -0.000663284, 0.00109214, -2.748, 321.5
1698181705.8467073, 0.00109214, -0.000437321, 0.00109214, -2.994, 321.4
1698181707.042859, 0.00109214, -0.000594024, 0.00109214, -2.91, 321.2
1698181708.2331965, 0.00109214, -0.000615899, 0.00109214, -2.118, 321.0
1698181709.4150863, 0.00109214, -0.000510219, 0.00109214, -2.004, 320.7
1698181710.6011786, 0.00109214, -0.000434818, 0.00109214, -2.772, 320.3
1698181711.7970347, 0.00109214, -0.000515644, 0.00109214, -3.072, 320.0
1698181712.9925916, 0.00109214, -0.000684265, 0.00109214, -2.646, 319.6
1698181714.18622, 0.00109214, -0.000569586, 0.00109214, -2.358, 319.3
1698181715.366916, 0.00109214, -0.000441791, 0.00109214, -2.742, 319.0
1698181716.5470734, 0.00109214, -0.000496808, 0.00109214, -3.138, 318.7
1698181717.7344258, 0.00109214, -0.000512842, 0.00109214, -2.604, 318.6
1698181718.924609, 0.00109214, -0.000552896, 0.00109214, -1.776, 318.4
1698181720.116027, 0.00109214, -0.000513617, 0.00109214, -2.718, 318.2
1698181721.3217533, 0.00109214, -0.000560109, 0.00109214, -2.694, 318.0
1698181722.5099337, 0.00109214, -0.000579778, 0.00109214, -1.98, 317.8
1698181723.703259, 0.00109214, -0.000440242, 0.00109214, -3.0, 317.5
1698181724.897597, 0.00109214, -0.000603143, 0.00109214, -2.694, 317.2
1698181726.083119, 0.00109214, -0.000585441, 0.00109214, -2.136, 316.8
1698181727.2750912, 0.00109214, -0.000418844, 0.00109214, -2.868, 316.6
1698181728.4916947, 0.00109214, -0.000608448, 0.00109214, -2.106, 316.3
1698181729.6888855, 0.00109214, -0.000384213, 0.00109214, -2.22, 316.1
1698181730.8836222, 0.00109214, -0.000452699, 0.00109214, -2.718, 315.8
1698181732.0720935, 0.00109214, -0.000581268, 0.00109214, -1.968, 315.5
1698181733.263627, 0.00109214, -0.000429275, 0.00109214, -2.064, 315.1
1698181734.446512, 0.00109214, -0.000371637, 0.00109214, -2.724, 314.8
1698181735.6325366, 0.00109214, -0.000511114, 0.00109214, -2.292, 314.6
1698181736.8312974, 0.00109214, -0.000502411, 0.00109214, -1.986, 314.5
1698181738.0314844, 0.00109214, -0.000423254, 0.00109214, -2.886, 314.3
1698181739.2193277, 0.00109214, -0.000558082, 0.00109214, -2.136, 314.1
1698181740.4137752, 0.00109214, -0.000459792, 0.00109214, -2.166, 313.9
1698181741.605909, 0.00109214, -0.000428082, 0.00109214, -2.886, 313.5
1698181742.798708, 0.00109214, -0.000610594, 0.00109214, -2.226, 313.1
1698181743.9933488, 0.00109214, -0.000440957, 0.00109214, -2.142, 312.5
1698181745.1981668, 0.00109214, -0.000445904, 0.00109214, -2.754, 312.0
1698181746.3877778, 0.00109214, -0.000574414, 0.00109214, -2.016, 311.5
1698181747.5795453, 0.00109214, -0.000392677, 0.00109214, -2.256, 311.0
1698181748.7606683, 0.00109214, -0.000397684, 0.00109214, -2.82, 310.6
1698181749.9485643, 0.00109214, -0.000556234, 0.00109214, -2.16, 310.2
1698181751.1373675, 0.00109214, -0.000496391, 0.00109214, -1.998, 309.9
1698181752.3404956, 0.00109214, -0.000480177, 0.00109214, -2.904, 309.6
1698181753.5439305, 0.00109214, -0.000529055, 0.00109214, -1.74, 309.3
1698181754.7372067, 0.00109214, -0.000368478, 0.00109214, -2.616, 309.0
1698181755.9284244, 0.00109214, -0.000545505, 0.00109214, -2.154, 308.8
1698181757.1116722, 0.00109214, -0.000420334, 0.00109214, -1.626, 308.6
1698181758.3168182, 0.00109214, -0.000403287, 0.00109214, -2.664, 308.4
1698181759.4983885, 0.00109214, -0.000556353, 0.00109214, -2.112, 308.1
1698181760.6899807, 0.00109214, -0.000358464, 0.00109214, -1.842, 307.8
1698181761.8794951, 0.00109214, -0.000345888, 0.00109214, -2.496, 307.4
1698181763.072841, 0.00109214, -0.000501219, 0.00109214, -1.848, 307.0
1698181764.2605011, 0.00109214, -0.000436785, 0.00109214, -1.734, 306.6
1698181765.4567835, 0.00109214, -0.000361206, 0.00109214, -2.55, 306.4
1698181766.6457987, 0.00109214, -0.000534777, 0.00109214, -2.292, 306.2
1698181767.8347752, 0.00109214, -0.000502411, 0.00109214, -1.842, 305.9
1698181769.027298, 0.00109214, -0.000406327, 0.00109214, -2.73, 305.7
1698181770.2154598, 0.00109214, -0.000475528, 0.00109214, -2.526, 305.3
1698181771.4074085, 0.00109214, -0.00055379, 0.00109214, -1.794, 304.9
1698181772.5996928, 0.00109214, -0.000363292, 0.00109214, -2.274, 304.4
1698181773.7937572, 0.00109214, -0.000469984, 0.00109214, -2.748, 304.0
1698181774.9853892, 0.00109214, -0.000540618, 0.00109214, -1.698, 303.7
1698181776.1695743, 0.00109214, -0.000405731, 0.00109214, -2.106, 303.3
1698181777.3556707, 0.00109214, -0.00041342, 0.00109214, -2.928, 303.0
1698181778.5383372, 0.00109214, -0.000506524, 0.00109214, -2.316, 302.7
1698181779.727704, 0.00109214, -0.000507299, 0.00109214, -1.614, 302.5
1698181780.9278436, 0.00109214, -0.000330152, 0.00109214, -2.166, 302.3
1698181782.122273, 0.00109214, -0.000469448, 0.00109214, -2.778, 302.1
1698181783.326116, 0.00109214, -0.000515703, 0.00109214, -1.656, 301.7
1698181784.5160103, 0.00109214, -0.000381293, 0.00109214, -2.196, 301.3
1698181785.7131474, 0.00109214, -0.000383856, 0.00109214, -2.538, 300.9
1698181786.9116013, 0.00109214, -0.000520591, 0.00109214, -1.746, 300.6
1698181788.1092024, 0.00109214, -0.000462772, 0.00109214, -1.866, 300.2
1698181789.2949965, 0.00109214, -0.000351371, 0.00109214, -2.64, 299.8
1698181790.4890714, 0.00109214, -0.000441195, 0.00109214, -2.418, 299.5
1698181791.6841319, 0.00109214, -0.000515584, 0.00109214, -1.674, 299.3
1698181792.8825462, 0.00109214, -0.000411751, 0.00109214, -1.95, 299.0
1698181794.076993, 0.00109214, -0.000342967, 0.00109214, -2.55, 298.8
1698181795.2727885, 0.00109214, -0.00049514, 0.00109214, -2.568, 298.6
1698181796.47533, 0.00109214, -0.000557248, 0.00109214, -1.668, 298.3
1698181797.663906, 0.00109214, -0.000451626, 0.00109214, -1.818, 298.1
1698181798.8566656, 0.00109214, -0.00035912, 0.00109214, -2.232, 298.0
1698181800.0596044, 0.00109214, -0.000437142, 0.00109214, -2.73, 297.8
1698181801.2445762, 0.00109214, -0.000536088, 0.00109214, -2.394, 297.6
1698181802.4318411, 0.00109214, -0.000578348, 0.00109214, -1.992, 297.4
1698181803.6177871, 0.00109214, -0.00053269, 0.00109214, -1.74, 297.2
1698181804.8138041, 0.00109214, -0.00047511, 0.00109214, -2.232, 296.9
1698181806.008763, 0.00109214, -0.000360014, 0.00109214, -2.58, 296.5
1698181807.2119215, 0.00109214, -0.000499133, 0.00109214, -2.178, 296.0
1698181808.4045978, 0.00109214, -0.000499908, 0.00109214, -1.482, 295.6
1698181809.593131, 0.00109214, -0.000430884, 0.00109214, -1.902, 295.2
1698181810.7875807, 0.00109214, -0.000328543, 0.00109214, -2.262, 294.8
1698181811.975433, 0.00109214, -0.000385346, 0.00109214, -2.784, 294.6
1698181813.1838455, 0.00109214, -0.000515822, 0.00109214, -2.124, 294.4
1698181814.3748162, 0.00109214, -0.000555936, 0.00109214, -1.974, 294.2
1698181815.564013, 0.00109214, -0.000432136, 0.00109214, -1.908, 293.9
1698181816.746015, 0.00109214, -0.000449361, 0.00109214, -2.292, 293.7
1698181817.9384396, 0.00109214, -0.000408592, 0.00109214, -2.682, 293.5
1698181819.126997, 0.00109214, -0.000383081, 0.00109214, -2.784, 293.3
1698181820.3234951, 0.00109214, -0.000457527, 0.00109214, -2.358, 293.1
1698181821.5374756, 0.00109214, -0.000549439, 0.00109214, -1.704, 292.9
1698181822.7204864, 0.00109214, -0.000438215, 0.00109214, -1.758, 292.7
1698181823.900074, 0.00109214, -0.000443282, 0.00109214, -1.872, 292.5
1698181825.0895243, 0.00109214, -0.000341119, 0.00109214, -2.202, 292.3
1698181826.2766778, 0.00109214, -0.000339391, 0.00109214, -2.502, 292.1
1698181827.4738734, 0.00109214, -0.000408234, 0.00109214, -2.586, 291.9
1698181828.6626322, 0.00109214, -0.000514571, 0.00109214, -2.508, 291.7
1698181829.8557017, 0.00109214, -0.000533525, 0.00109214, -1.692, 291.4
1698181831.047412, 0.00109214, -0.000392677, 0.00109214, -1.788, 291.2
1698181832.24394, 0.00109214, -0.000325026, 0.00109214, -2.268, 291.1
1698181833.4270878, 0.00109214, -0.000366034, 0.00109214, -2.508, 290.9
1698181834.6236916, 0.00109214, -0.000539903, 0.00109214, -2.154, 290.7
1698181835.815517, 0.00109214, -0.000555519, 0.00109214, -1.92, 290.6
1698181837.0079386, 0.00109214, -0.000388505, 0.00109214, -2.31, 290.3
1698181838.2062433, 0.00109214, -0.000414493, 0.00109214, -2.778, 290.1
1698181839.395506, 0.00109214, -0.000548963, 0.00109214, -2.418, 289.7
1698181840.587775, 0.00109214, -0.000493947, 0.00109214, -1.488, 289.3
1698181841.780844, 0.00109214, -0.000379922, 0.00109214, -1.578, 288.9
1698181842.9686177, 0.00109214, -0.000331225, 0.00109214, -2.382, 288.5
1698181844.159648, 0.00109214, -0.000390293, 0.00109214, -2.484, 288.2
1698181845.3565414, 0.00109214, -0.000461819, 0.00109214, -1.476, 288.0
1698181846.549437, 0.00109214, -0.000418546, 0.00109214, -1.554, 287.6
1698181847.7457776, 0.00109214, -0.000335934, 0.00109214, -2.496, 287.3
1698181848.9391155, 0.00109214, -0.00046456, 0.00109214, -2.436, 287.1
1698181850.1266603, 0.00109214, -0.000571433, 0.00109214, -1.932, 287.0
1698181851.302969, 0.00109214, -0.000501458, 0.00109214, -1.722, 286.8
1698181852.4997146, 0.00109214, -0.000350298, 0.00109214, -2.124, 286.6
1698181853.6904497, 0.00109214, -0.000312688, 0.00109214, -2.424, 286.2
1698181854.891728, 0.00109214, -0.000464322, 0.00109214, -1.836, 285.9
1698181856.0880902, 0.00109214, -0.000413479, 0.00109214, -1.314, 285.3
1698181857.2878487, 0.00109214, -0.000308039, 0.00109214, -2.244, 284.8
1698181858.4723947, 0.00109214, -0.000373663, 0.00109214, -2.454, 284.3
1698181859.6716478, 0.00109214, -0.000509147, 0.00109214, -1.758, 283.9
1698181860.855001, 0.00109214, -0.000463964, 0.00109214, -1.512, 283.6
1698181862.0427873, 0.00109214, -0.000355126, 0.00109214, -2.184, 283.4
1698181863.2381334, 0.00109214, -0.000392856, 0.00109214, -2.46, 283.1
1698181864.4390914, 0.00109214, -0.000488224, 0.00109214, -1.47, 283.0
1698181865.631844, 0.00109214, -0.000358941, 0.00109214, -2.202, 283.0
1698181866.8234038, 0.00109214, -0.000436427, 0.00109214, -2.526, 282.9
1698181868.0203135, 0.00109214, -0.000501398, 0.00109214, -1.608, 282.9
1698181869.2089386, 0.00109214, -0.000330569, 0.00109214, -2.016, 283.0
1698181870.401844, 0.00109214, -0.000373365, 0.00109214, -2.4, 283.2
1698181871.595938, 0.00109214, -0.000492457, 0.00109214, -1.476, 283.4
1698181872.793811, 0.00109214, -0.000325145, 0.00109214, -1.986, 283.7
1698181873.9826915, 0.00109214, -0.00039083, 0.00109214, -2.598, 283.9
1698181875.1711342, 0.00109214, -0.000538651, 0.00109214, -1.974, 284.1
1698181876.362919, 0.00109214, -0.00047815, 0.00109214, -1.722, 284.3
1698181877.5434003, 0.00109214, -0.000325026, 0.00109214, -2.322, 284.4
1698181878.7341123, 0.00109214, -0.000417115, 0.00109214, -2.406, 284.5
1698181879.9218552, 0.00109214, -0.000561837, 0.00109214, -2.028, 284.7
1698181881.1161187, 0.00109214, -0.000444772, 0.00109214, -1.956, 284.8
1698181882.313521, 0.00109214, -0.000299098, 0.00109214, -2.352, 285.1
1698181883.5045002, 0.00109214, -0.000474872, 0.00109214, -2.232, 285.3
1698181884.6920986, 0.00109214, -0.000630144, 0.00109214, -2.178, 285.5
1698181885.8765528, 0.00109214, -0.000488523, 0.00109214, -2.22, 285.7
1698181887.0695846, 0.00109214, -0.000380697, 0.00109214, -2.742, 286.0
1698181888.263224, 0.00109214, -0.000509445, 0.00109214, -1.998, 286.1
1698181889.4543447, 0.00109214, -0.000510696, 0.00109214, -1.848, 286.3
1698181890.6416423, 0.00109214, -0.000427963, 0.00109214, -2.592, 286.4
1698181891.834692, 0.00109214, -0.000439228, 0.00109214, -2.922, 286.5
1698181893.0263016, 0.00109214, -0.000565056, 0.00109214, -2.034, 286.7
1698181894.221899, 0.00109214, -0.000406148, 0.00109214, -1.686, 286.8
1698181895.417822, 0.00109214, -0.000332357, 0.00109214, -2.526, 286.9
1698181896.602707, 0.00109214, -0.000397088, 0.00109214, -2.796, 286.9
1698181897.797091, 0.00109214, -0.000516418, 0.00109214, -1.998, 287.0
1698181898.9871566, 0.00109214, -0.000527982, 0.00109214, -1.842, 287.1
1698181900.1749701, 0.00109214, -0.000411632, 0.00109214, -2.208, 287.3
1698181901.3648758, 0.00109214, -0.000362458, 0.00109214, -2.676, 287.4
1698181902.55013, 0.00109214, -0.000423254, 0.00109214, -2.646, 287.4
1698181903.739095, 0.00109214, -0.000536684, 0.00109214, -2.136, 287.3
1698181904.964731, 0.00109214, -0.000337781, 0.00109214, -2.172, 287.3
