1700017149.0951757, -1.29658e-08, 1.4974e-08, 2.0351e-08, 131.664, 116.8
1700017150.2586336, -1.40463e-08, -1.08049e-09, 1.42718e-08, -170.232, 116.8
1700017151.4174492, 2.25338e-08, -7.29418e-09, 2.33341e-08, -16.626, 116.8
1700017152.5843565, -2.59026e-09, -4.48566e-09, 5.52976e-09, -118.962, 116.8
1700017153.7704022, -1.09223e-07, 1.0922e-07, 1.0922e-07, 167.16, 116.8
1700017154.946574, -1.09223e-07, 1.0922e-07, 1.0922e-07, 166.44, 116.8
1700017156.1136396, -1.09223e-07, 6.28975e-08, 1.0922e-07, 168.942, 116.8
1700017157.2866194, -1.26566e-08, 4.07093e-09, 1.14342e-08, 151.512, 116.8
1700017158.5074348, 6.33012e-10, 1.1467e-08, 1.15506e-08, 83.088, 116.8
1700017159.6791818, -1.22273e-08, 2.61936e-10, 1.24638e-08, -179.91, 116.8
1700017160.8462887, 8.884e-09, 3.6198e-09, 9.98267e-09, 20.298, 116.8
1700017162.0088308, 6.43926e-10, 1.819e-09, 2.33196e-09, 71.478, 116.8
1700017163.1781807, -3.49975e-09, 1.4843e-09, 4.6239e-09, 161.832, 116.8
1700017164.3446383, -7.10864e-09, 7.67619e-09, 1.04556e-08, 137.634, 116.8
1700017165.5117173, -8.82943e-09, 1.45847e-08, 1.7266e-08, 118.698, 116.8
1700017166.678213, 9.45882e-10, -1.94269e-09, 2.60845e-09, -77.964, 116.8
1700017167.8418996, -9.65889e-09, 5.30784e-09, 1.1165e-08, 146.46, 116.8
1700017169.0106673, -1.34315e-08, 7.15593e-09, 1.54579e-08, 154.482, 116.8
1700017170.1805677, -6.5484e-10, 9.21506e-09, 9.36785e-09, 91.776, 116.8
1700017171.3475497, 2.51931e-08, 1.93542e-09, 2.50258e-08, 3.168, 116.8
1700017172.520444, 1.45338e-08, 6.25008e-09, 1.43519e-08, 28.44, 116.8
1700017173.683002, 1.63346e-09, 3.74715e-09, 4.442e-09, 54.474, 116.8
1700017174.8595345, 1.65929e-08, -8.95676e-09, 1.94851e-08, -26.616, 116.8
1700017176.025641, 1.66693e-08, 3.08138e-09, 1.6673e-08, 12.954, 116.8
1700017177.1825006, 1.73133e-08, -2.03728e-10, 1.76007e-08, -0.882, 116.8
1700017178.3655198, 1.92305e-08, 9.16049e-09, 2.18425e-08, 24.576, 116.8
1700017179.532157, 2.23555e-08, 5.85354e-09, 2.35124e-08, 14.844, 116.8
1700017180.7080832, 1.28021e-08, 7.87264e-09, 1.44356e-08, 34.686, 116.8
1700017181.874912, -1.46502e-08, 1.17325e-08, 1.87721e-08, 140.376, 116.8
1700017183.0453184, 1.01064e-08, -1.67712e-09, 9.87353e-09, -15.576, 116.8
1700017184.2111585, 7.45791e-09, -9.41515e-09, 1.14815e-08, -46.614, 116.8
1700017185.3738303, 1.56107e-08, 8.56386e-09, 1.76661e-08, 27.144, 116.8
1700017186.5472991, 1.78262e-10, 1.13797e-08, 1.15797e-08, 88.59, 116.8
1700017187.7136536, -4.30376e-09, 2.022e-08, 2.06093e-08, 103.65, 116.8
1700017188.883922, -1.0663e-08, 1.32714e-08, 1.69422e-08, 128.406, 116.8
1700017190.047152, 8.13822e-09, 8.03271e-09, 1.20672e-08, 36.174, 116.8
1700017191.2166967, 1.29986e-08, -3.65618e-09, 1.29513e-08, -17.568, 116.8
1700017192.3892512, -3.12868e-09, 1.17871e-09, 3.25964e-09, 155.34, 116.8
1700017193.566133, 2.13915e-09, -5.6971e-09, 6.22825e-09, -69.756, 116.8
1700017194.7290146, -2.52113e-09, 9.86626e-09, 1.08012e-08, 108.762, 116.8
1700017195.9024177, 2.98316e-09, -2.58298e-10, 3.59434e-09, -18.996, 116.8
1700017197.078549, 2.49203e-09, 1.10195e-08, 1.16452e-08, 77.532, 116.8
1700017198.2390385, 5.60615e-09, 5.20234e-09, 7.19595e-09, 54.45, 116.8
1700017199.4046903, 9.6698e-09, 9.4297e-09, 1.37698e-08, 39.216, 116.8
1700017200.5683403, 3.13742e-08, 2.99771e-09, 3.11231e-08, 5.046, 116.8
1700017201.7446616, 4.16551e-09, -4.30012e-09, 5.90083e-09, -51.15, 116.8
1700017202.9213033, -1.56107e-08, -1.23328e-08, 2.00745e-08, -142.134, 116.8
1700017204.094059, 8.50201e-09, -1.79499e-08, 1.99217e-08, -59.376, 116.8
1700017205.2609026, 1.13069e-08, -7.22869e-09, 1.29876e-08, -34.848, 116.8
1700017206.430049, -5.46427e-09, 1.40063e-09, 5.90083e-09, 166.866, 116.8
1700017207.603032, 7.05771e-09, -6.55203e-09, 9.93538e-09, -45.21, 116.8
1700017208.777032, -1.02264e-08, 9.21142e-09, 1.36425e-08, 135.384, 116.8
1700017209.9443026, 1.79353e-09, -1.26602e-09, 2.21191e-09, -61.26, 116.8
1700017211.1170974, -7.71985e-09, -8.92766e-09, 1.07648e-08, -131.1, 116.8
1700017212.2921927, -1.38972e-09, -8.51657e-09, 8.55295e-09, -101.88, 116.8
1700017213.4615023, 5.68983e-09, -1.34497e-08, 1.51523e-08, -64.416, 116.8
1700017214.635176, -4.65664e-09, -1.4974e-08, 1.56798e-08, -115.698, 116.8
1700017215.8021998, 1.31986e-08, -1.03283e-08, 1.64329e-08, -41.79, 116.8
1700017216.9725707, 2.34651e-09, -1.08776e-09, 2.18644e-09, -17.658, 116.8
1700017218.134471, -3.37607e-08, 1.04847e-08, 3.51868e-08, 160.302, 116.8
1700017219.3180072, -3.33968e-09, 1.39954e-08, 1.41845e-08, 101.592, 116.8
1700017220.4843788, 7.54886e-09, 8.96767e-09, 1.14197e-08, 51.372, 116.8
1700017221.6569474, 6.03544e-09, 2.45019e-08, 2.48839e-08, 77.634, 116.8
1700017222.8336828, -4.08184e-09, -2.99407e-09, 5.03135e-09, -136.35, 116.8
1700017224.0000968, 8.28373e-09, -5.05682e-09, 9.88445e-09, -30.786, 116.8
1700017225.16614, 3.88175e-09, -1.45192e-08, 1.49849e-08, -74.322, 116.8
1700017226.339964, 1.59708e-09, -8.58205e-09, 8.68391e-09, -78.858, 116.8
1700017227.5159926, -1.04265e-08, 3.96541e-10, 1.12196e-08, -179.064, 116.8
1700017228.6829805, -1.14415e-08, -7.96721e-10, 1.10377e-08, -171.642, 116.8
1700017229.86595, 6.80669e-09, -1.3617e-08, 1.57453e-08, -59.838, 116.8
1700017231.0455225, 8.62205e-10, -1.16598e-08, 1.15579e-08, -80.514, 116.8
1700017232.2218668, 2.41563e-09, -7.56703e-10, 3.05592e-09, -14.244, 116.8
1700017233.4110923, -7.22142e-09, -2.07366e-09, 8.31284e-09, -169.242, 116.8
1700017234.5953321, -2.29085e-08, -7.69074e-09, 2.47493e-08, -162.924, 116.8
1700017235.7716658, 2.03619e-08, 1.12742e-08, 2.45419e-08, 25.596, 116.8
1700017236.9518359, 8.52384e-09, 1.30531e-08, 1.51996e-08, 61.41, 116.8
1700017238.126205, 1.94669e-08, -2.89585e-09, 1.9969e-08, -11.616, 116.8
1700017239.291503, 6.28646e-09, 4.68211e-09, 7.83263e-09, 47.142, 116.8
1700017240.4566803, 1.94997e-09, -1.06775e-08, 1.10813e-08, -84.714, 116.8
1700017241.6407616, -1.54834e-08, -9.57522e-09, 1.83101e-08, -150.102, 116.8
1700017242.812494, -1.65711e-08, -1.41627e-08, 2.15297e-08, -140.592, 116.8
1700017243.9791117, -3.18325e-09, -5.33331e-09, 5.99542e-09, -119.934, 116.8
1700017245.1596603, -9.46608e-09, -4.78761e-09, 1.00518e-08, -153.438, 116.8
1700017246.3361495, -4.27829e-09, 6.10819e-09, 7.10864e-09, 111.948, 116.8
1700017247.5033355, -3.66346e-09, 4.01636e-09, 6.40651e-09, 140.928, 116.8
1700017248.6689029, -2.50658e-08, -1.21764e-08, 2.77288e-08, -152.844, 116.8
1700017249.8489158, -4.3656e-09, -2.67393e-09, 4.03455e-09, -158.526, 116.8
1700017251.018189, 4.54386e-09, 1.35988e-08, 1.40063e-08, 75.366, 116.8
1700017252.1845517, -1.44719e-08, -1.08485e-08, 1.77644e-08, -143.304, 116.8
1700017253.36767, -1.9205e-08, 1.98635e-09, 1.84301e-08, 174.366, 116.8
1700017254.5341473, -5.65345e-09, 3.55432e-09, 6.48291e-09, 144.99, 116.8
1700017255.7010007, -3.03773e-09, -8.70574e-09, 9.45153e-09, -107.16, 116.8
1700017256.8736, 9.80805e-09, -1.35115e-08, 1.74406e-08, -51.012, 116.8
1700017258.0499003, 3.07157e-08, 5.73348e-09, 3.12104e-08, 12.288, 116.8
1700017259.2131872, -4.6239e-09, 1.03901e-08, 1.13396e-08, 122.442, 116.8
1700017260.3901775, 5.43517e-09, -5.04227e-09, 7.87264e-09, -29.7, 116.8
1700017261.559929, 1.00663e-08, -2.13187e-09, 1.01464e-08, -20.352, 116.8
1700017262.738701, 1.52032e-08, 4.65665e-10, 1.57889e-08, 5.43, 116.8
1700017263.895584, 9.48791e-09, 3.2742e-10, 8.92766e-09, -4.89, 116.8
1700017265.0586457, -1.31041e-08, 7.34147e-09, 1.5407e-08, 149.796, 116.8
1700017266.2250078, -2.02637e-09, 1.59235e-08, 1.56434e-08, 97.902, 116.8
1700017267.3982143, 6.02088e-09, 1.14961e-09, 7.07954e-09, 0.774, 116.8
1700017268.574592, 1.16852e-08, 1.55525e-08, 1.89758e-08, 57.474, 116.8
1700017269.7619374, 1.39553e-08, -7.82171e-09, 1.61818e-08, -31.632, 116.8
1700017270.9275546, 5.32967e-09, -3.02681e-09, 6.71938e-09, -27.036, 116.8
1700017272.0843177, 4.14732e-09, 7.53067e-09, 8.51657e-09, 60.138, 116.8
1700017273.2575023, 4.07455e-10, 1.42064e-08, 1.42027e-08, 88.17, 116.8
1700017274.430024, 1.17944e-08, 3.51794e-09, 1.33951e-08, 11.286, 116.8
1700017275.5932527, 1.98635e-08, -1.24456e-08, 2.32177e-08, -31.614, 116.8
1700017276.759746, 6.40287e-09, -7.51612e-09, 9.78622e-09, -54.048, 116.8
1700017277.9163003, 5.94085e-09, 3.67073e-09, 7.54886e-09, 23.382, 116.8
1700017279.0964289, 2.61208e-09, -3.38334e-10, 2.14278e-09, -21.732, 116.8
1700017280.272233, -5.68983e-09, -3.91449e-09, 6.06454e-09, -146.916, 116.8
1700017281.4458861, 8.75303e-09, -7.54886e-09, 1.20818e-08, -41.334, 116.8
1700017282.6227822, 1.44246e-08, 1.47266e-08, 2.11368e-08, 45.882, 116.8
1700017283.7884965, -7.05771e-10, 5.14413e-09, 5.43153e-09, 100.908, 116.8
1700017284.9518251, 8.15641e-09, 3.90722e-09, 8.93129e-09, 27.918, 116.8
1700017286.138108, 3.65618e-09, 1.14633e-08, 1.13142e-08, 74.214, 116.8
1700017287.294992, 7.33419e-09, -6.7303e-10, 7.50521e-09, -1.038, 116.8
1700017288.477795, 2.23737e-08, -3.65254e-09, 2.24028e-08, -10.83, 116.8
1700017289.657899, 2.32031e-08, -2.12932e-08, 3.14033e-08, -43.416, 116.8
1700017290.8238726, 4.76579e-10, 6.79577e-09, 7.21778e-09, 95.052, 116.8
1700017291.9933033, -9.03316e-09, 1.9034e-08, 2.08494e-08, 112.782, 116.8
1700017293.1529605, 1.0922e-07, 1.0922e-07, 1.0922e-07, 57.612, 116.8
1700017294.3277295, -1.09223e-07, 1.0922e-07, 1.0922e-07, 145.5, 116.8
1700017295.5025651, 1.0922e-07, 1.0922e-07, 1.0922e-07, 71.226, 116.8
1700017296.6762877, 1.0922e-07, 1.0922e-07, 1.0922e-07, 27.882, 116.8
1700017297.8421793, 5.51847e-08, -6.82635e-08, 8.55694e-08, -56.784, 116.8
1700017299.0102365, 1.58617e-08, -1.09223e-07, 1.0922e-07, -83.43, 116.8
1700017300.178713, 1.9507e-08, -1.05753e-07, 1.07626e-07, -79.332, 116.8
1700017301.3485208, 7.6991e-08, -6.03218e-08, 9.76838e-08, -37.83, 116.8
1700017302.518081, 4.47437e-08, -7.16905e-08, 8.34775e-08, -59.826, 116.8
1700017303.6847725, 2.28103e-09, -8.69882e-08, 8.7774e-08, -83.67, 116.8
1700017304.857685, 6.68883e-08, -8.85307e-08, 1.0922e-07, -54.096, 116.8
1700017306.0410507, 1.49959e-08, -2.76851e-08, 3.00026e-08, -63.69, 116.8
1700017307.2075377, -9.06226e-09, -1.09223e-07, 1.0922e-07, -95.544, 116.8
1700017308.3834214, -1.13978e-08, -4.25646e-08, 4.30994e-08, -105.072, 116.8
1700017309.550872, 2.53277e-08, -7.25126e-08, 7.59178e-08, -72.81, 116.8
1700017310.7243195, 2.51677e-08, -9.36748e-08, 9.94955e-08, -73.026, 116.8
1700017311.8899467, 6.76668e-10, -9.47734e-08, 9.41004e-08, -89.976, 116.8
1700017313.0626578, 5.76986e-09, -4.46491e-08, 4.42017e-08, -86.988, 116.8
1700017314.2329836, -1.29112e-08, -5.74585e-08, 5.87936e-08, -103.32, 116.8
1700017315.3989456, 3.06319e-09, -7.78932e-08, 7.93993e-08, -84.432, 116.8
1700017316.564955, 3.52741e-08, -6.78451e-08, 7.46772e-08, -63.948, 116.8
1700017317.7454898, 4.85854e-08, -7.877e-08, 9.2547e-08, -57.204, 116.8
1700017318.9220862, 8.21715e-08, -6.36105e-08, 1.0349e-07, -37.566, 116.8
1700017320.0886595, 3.12614e-08, -2.87438e-08, 4.13604e-08, -43.152, 116.8
1700017321.2540343, 3.31095e-08, -5.14704e-08, 6.27956e-08, -54.906, 116.8
1700017322.434775, 6.5535e-08, -7.3273e-08, 1.01242e-07, -46.992, 116.8
1700017323.6018636, 5.36786e-08, -4.44745e-08, 7.2218e-08, -39.678, 116.8
1700017324.770236, 5.00589e-09, -7.61797e-08, 7.89191e-08, -89.208, 116.8
1700017325.9372683, -3.29894e-08, -3.18216e-08, 4.5133e-08, -137.472, 116.8
1700017327.1041887, -1.01791e-08, -6.89511e-08, 6.99115e-08, -98.262, 116.8
1700017328.2732792, 3.21599e-09, -8.0669e-08, 8.04071e-08, -85.362, 116.8
1700017329.4463172, 3.3717e-08, -1.0174e-07, 1.06564e-07, -70.422, 116.8
