1700015655.963167, -2.48293e-08, -6.17004e-09, 2.61463e-08, -167.568, 118.0
1700015657.1351228, -5.67528e-09, 1.62946e-08, 1.75461e-08, 106.65, 118.0
1700015658.3125052, -1.44428e-08, 2.66228e-08, 3.03482e-08, 118.938, 118.0
1700015659.4795127, 6.1846e-10, 7.83626e-09, 7.93449e-09, 82.026, 118.0
1700015660.6531358, 5.59888e-09, 7.2869e-09, 8.91674e-09, 51.018, 118.0
1700015661.8192635, -2.08094e-09, 5.67528e-09, 6.13366e-09, 114.27, 118.0
1700015662.9881957, 3.25601e-09, 7.16685e-09, 7.71985e-09, 69.39, 118.0
1700015664.1620073, 1.65238e-08, 2.91404e-09, 1.7004e-08, 7.968, 118.0
1700015665.3844333, 1.00991e-08, -8.12366e-09, 1.3999e-08, -43.59, 118.0
1700015666.5551872, -1.32387e-08, 1.18999e-08, 1.86957e-08, 138.312, 118.0
1700015667.7173011, -4.40197e-10, 1.78553e-08, 1.79645e-08, 89.904, 118.0
1700015668.894397, 5.83535e-09, -1.14997e-08, 1.29258e-08, -62.448, 118.0
1700015670.0709083, 1.29695e-08, -5.96632e-10, 1.45447e-08, -0.852, 118.0
1700015671.250051, 5.26418e-09, 5.15868e-09, 7.39968e-09, 40.068, 118.0
1700015672.4269311, 1.4803e-08, 4.32922e-09, 1.49849e-08, 17.604, 118.0
1700015673.5927951, 1.59708e-08, 1.20854e-08, 2.00708e-08, 33.366, 118.0
1700015674.7659407, -3.92903e-10, -1.11723e-08, 1.1336e-08, -98.568, 118.0
1700015675.9391892, 2.45201e-09, -1.44101e-08, 1.42391e-08, -81.39, 118.0
1700015677.1054916, 2.04456e-09, 2.52113e-09, 3.16869e-09, 54.768, 118.0
1700015678.2718964, 1.17253e-08, 5.58796e-09, 1.22746e-08, 27.978, 118.0
1700015679.4391816, 8.27282e-09, 7.6398e-11, 7.66892e-09, -4.494, 118.0
1700015680.6177201, 1.17944e-08, 1.42027e-08, 1.88376e-08, 49.254, 118.0
1700015681.7915776, 1.01173e-08, -1.64437e-09, 8.64753e-09, -9.936, 118.0
1700015682.9677417, -1.22237e-09, 3.72532e-09, 4.11094e-09, 118.752, 118.0
1700015684.1340778, 2.2592e-08, -4.98042e-09, 2.47165e-08, -12.954, 118.0
1700015685.3019302, -1.28385e-08, -3.25964e-09, 1.42573e-08, -166.968, 118.0
1700015686.480843, -1.87357e-09, -6.19914e-09, 6.1664e-09, -78.372, 118.0
1700015687.6473787, 6.88308e-09, -1.37844e-08, 1.53997e-08, -69.078, 118.0
1700015688.8165317, -3.06683e-09, -3.38333e-09, 4.25646e-09, -130.638, 118.0
1700015689.9808798, 2.67029e-09, -9.72437e-09, 9.82624e-09, -78.462, 118.0
1700015691.1460397, 8.95676e-09, -8.45108e-09, 1.3497e-08, -41.658, 118.0
1700015692.3025203, -2.16097e-09, -1.64074e-08, 1.65275e-08, -102.258, 118.0
1700015693.4892588, -3.14687e-09, -1.00554e-08, 1.0623e-08, -97.716, 118.0
1700015694.6618397, 1.82191e-08, -2.95951e-08, 3.52668e-08, -56.88, 118.0
1700015695.821966, 2.03109e-08, -3.8672e-09, 2.01181e-08, -11.664, 118.0
1700015696.997805, 1.23146e-08, -1.12632e-08, 1.70186e-08, -40.428, 118.0
1700015698.1816466, 4.99497e-09, 6.23189e-09, 7.94904e-09, 45.66, 118.0
1700015699.3545084, 1.20781e-08, -1.07685e-08, 1.54251e-08, -44.814, 118.0
1700015700.5175822, -1.64292e-08, 2.23991e-08, 2.73832e-08, 124.914, 118.0
1700015701.6878166, 1.76698e-08, 2.01982e-08, 2.8038e-08, 50.364, 118.0
1700015702.860371, -4.12331e-08, -3.11412e-09, 3.99889e-08, -175.518, 118.0
1700015704.0233738, -6.21733e-09, 2.74305e-09, 6.02088e-09, 148.95, 118.0
1700015705.1967015, 6.65753e-09, 5.08228e-09, 8.65117e-09, 39.624, 118.0
1700015706.3631787, -1.35843e-08, -5.68255e-09, 1.45556e-08, -157.38, 118.0
1700015707.529536, -6.97403e-09, -1.51814e-08, 1.63492e-08, -113.466, 118.0
1700015708.6929095, -1.88085e-09, 4.06729e-09, 4.5184e-09, 112.008, 118.0
1700015709.8693037, -2.25556e-09, -3.23782e-10, 1.26966e-09, 171.414, 118.0
1700015711.0366528, 1.34933e-08, -4.82399e-09, 1.48285e-08, -21.738, 118.0
1700015712.2119677, -1.80808e-09, -1.3788e-09, 2.33196e-09, -143.88, 118.0
1700015713.3782732, 5.9263e-09, 1.10813e-08, 1.29949e-08, 60.15, 118.0
1700015714.5494294, 2.58843e-08, 1.16743e-08, 2.87729e-08, 23.364, 118.0
1700015715.7182796, 7.52703e-09, -7.85445e-09, 9.97176e-09, -54.684, 118.0
1700015716.884324, -1.84956e-08, -1.95724e-08, 2.70921e-08, -132.81, 118.0
1700015718.0418887, 2.2883e-09, -8.37468e-09, 8.20006e-09, -73.056, 118.0
1700015719.2272198, -6.15549e-09, 2.17807e-08, 2.26902e-08, 107.97, 117.9
1700015720.3971205, 4.73668e-09, 1.69531e-09, 5.55158e-09, 8.22, 118.0
1700015721.5834737, -2.43018e-09, -9.90627e-09, 1.03101e-08, -104.13, 118.0
1700015722.7438016, 1.23364e-08, -4.80217e-10, 1.16198e-08, -2.928, 118.0
1700015723.9161496, 3.34332e-09, -2.90676e-09, 5.56977e-09, -30.12, 118.0
1700015725.087082, 5.8208e-10, 2.83109e-08, 2.79107e-08, 90.126, 118.0
1700015726.2595043, 1.12778e-08, 8.25463e-09, 1.45629e-08, 34.848, 118.0
1700015727.422762, 9.24416e-09, 1.59963e-08, 1.83355e-08, 62.418, 118.0
1700015728.5820403, 1.90195e-08, 7.69802e-09, 2.09076e-08, 22.98, 117.9
1700015729.7483785, -6.13002e-09, 1.26566e-08, 1.42646e-08, 118.962, 117.9
1700015730.9250205, -1.32969e-08, -5.457e-09, 1.26966e-08, -143.328, 117.9
1700015732.1016936, -5.95176e-09, 1.02701e-08, 1.09467e-08, 113.364, 117.9
1700015733.2778606, 3.17052e-08, 1.49195e-08, 3.51831e-08, 26.826, 117.9
1700015734.4477644, 2.77215e-09, 4.63481e-09, 5.77714e-09, 72.384, 117.9
1700015735.611857, 6.0318e-09, 1.58617e-08, 1.71168e-08, 69.402, 117.9
1700015736.7818751, 9.07318e-09, 9.20778e-09, 1.30313e-08, 39.756, 117.9
1700015737.9471555, -3.87084e-09, -4.37652e-09, 7.37421e-09, -145.218, 117.9
1700015739.110741, -3.55432e-09, -9.00769e-09, 8.72393e-09, -102.672, 117.9
1700015740.286464, -2.85837e-08, 1.86193e-08, 3.54451e-08, 148.812, 117.9
1700015741.455872, -1.60436e-09, 4.73304e-09, 4.96951e-09, 81.72, 117.9
1700015742.6216643, 1.86994e-09, -5.10411e-09, 5.2278e-09, -80.592, 117.9
1700015743.7826862, -7.9454e-09, -8.884e-09, 1.21218e-08, -132.138, 117.9
1700015744.9522123, -3.20144e-10, 5.1223e-09, 4.87128e-09, 91.47, 117.9
1700015746.1292353, -6.07546e-10, -2.15734e-09, 2.50658e-09, -98.346, 117.9
1700015747.2991793, 2.02637e-09, 6.894e-09, 7.0759e-09, 84.468, 117.9
1700015748.4814627, -9.68799e-09, 2.74014e-08, 2.87874e-08, 111.354, 117.9
1700015749.6619077, -1.36898e-08, 1.39153e-08, 1.95506e-08, 133.698, 117.9
1700015750.825142, -1.63747e-08, 9.93175e-10, 1.57926e-08, 178.188, 117.9
1700015751.9971123, 1.58435e-08, -1.67712e-09, 1.47994e-08, -10.62, 117.9
1700015753.1618512, 1.08376e-08, -1.79899e-08, 2.10495e-08, -54.024, 117.9
1700015754.4171963, 8.673e-09, 3.84901e-09, 9.60068e-09, 33.162, 117.9
1700015755.5799494, 1.10013e-08, 1.14706e-08, 1.65202e-08, 45.966, 117.9
1700015756.7604005, 1.36607e-08, 2.12714e-08, 2.59098e-08, 55.512, 117.9
1700015757.937045, -1.35261e-08, 2.45019e-08, 2.89075e-08, 121.122, 117.9
1700015759.129632, -1.31877e-08, -5.11866e-09, 1.29076e-08, -153.072, 117.9
1700015760.3063478, 5.36969e-09, 1.42027e-08, 1.50723e-08, 74.22, 117.9
1700015761.4760478, -9.77894e-09, -4.32922e-09, 1.04702e-08, -159.234, 117.9
1700015762.6490748, -6.71938e-09, 3.55796e-09, 7.94176e-09, 148.812, 117.9
1700015763.8179238, -6.09364e-09, 1.15325e-09, 6.76303e-09, 162.87, 117.9
1700015764.9781995, -1.85065e-08, -3.0159e-09, 1.89867e-08, -170.262, 117.9
1700015766.1480162, -8.68755e-09, -1.03865e-08, 1.18999e-08, -117.63, 117.9
1700015767.3218887, 5.48246e-09, -7.16321e-09, 9.11683e-09, -63.168, 117.9
1700015768.4972153, 1.42973e-09, -4.62026e-09, 5.20961e-09, -77.274, 117.9
1700015769.6684046, -5.64981e-09, 2.00527e-08, 2.26102e-08, 111.372, 117.9
1700015770.8342006, 5.31875e-09, 3.34187e-08, 3.31931e-08, 83.226, 117.9
1700015772.0068557, 2.57207e-09, 8.48163e-08, 8.70609e-08, 86.472, 117.9
1700015773.1740956, -8.51291e-10, 3.2069e-08, 3.15306e-08, 91.05, 117.9
1700015774.3469808, 1.40681e-08, 1.83719e-08, 2.39489e-08, 48.444, 117.9
1700015775.5199587, 6.46835e-09, 1.37334e-08, 1.54724e-08, 56.832, 117.9
1700015776.6824236, 2.9919e-08, -1.82227e-08, 3.54669e-08, -31.482, 117.9
1700015777.8461561, -7.276e-11, -1.86702e-08, 1.89758e-08, -92.286, 117.9
1700015779.0258527, -2.93804e-08, 1.46102e-08, 3.39426e-08, 153.714, 117.9
1700015780.1893177, -1.6964e-08, 1.05211e-08, 1.9376e-08, 147.126, 117.9
1700015781.3621619, -8.32739e-09, 4.75487e-09, 9.43334e-09, 146.172, 117.9
1700015782.5456407, 1.22928e-08, 1.14742e-08, 1.63456e-08, 36.918, 117.9
1700015783.7051182, -7.32328e-09, -1.06302e-08, 1.3326e-08, -129.324, 117.9
1700015784.8884966, 1.0914e-11, 8.72757e-09, 8.45836e-09, 79.29, 117.8
1700015786.0618517, 1.04883e-08, -2.80344e-08, 2.94168e-08, -67.512, 117.8
1700015787.2345755, -1.22964e-08, 1.68221e-08, 2.16024e-08, 130.17, 117.8
1700015788.4119668, 2.38689e-08, -5.80988e-09, 2.56733e-08, -10.272, 117.9
1700015789.5806606, 2.92276e-08, 8.39287e-09, 2.88275e-08, 15.27, 117.9
1700015790.7532208, -1.18999e-08, 1.10959e-09, 1.13287e-08, 178.35, 117.9
1700015791.913281, 6.33375e-09, 6.24644e-09, 9.4588e-09, 41.094, 117.9
1700015793.0962102, 6.25008e-09, -1.81827e-08, 1.99326e-08, -66.912, 117.9
1700015794.270081, 3.43246e-08, -1.09285e-08, 3.55724e-08, -17.166, 117.9
1700015795.440095, 1.7859e-08, -2.30613e-08, 2.95951e-08, -51.222, 117.8
1700015796.6119394, 7.64345e-09, -5.13322e-09, 9.9572e-09, -24.726, 117.8
1700015797.7824123, 6.23552e-09, -1.87357e-09, 6.78122e-09, -19.098, 117.8
1700015798.94896, 7.92357e-09, 3.91086e-09, 9.5352e-09, 26.25, 117.8
1700015800.1182246, 2.18316e-08, 1.84992e-08, 2.88129e-08, 40.842, 117.8
1700015801.281812, -3.4379e-09, 1.61054e-08, 1.59563e-08, 101.766, 117.8
1700015802.4518306, -2.80962e-08, 1.43337e-09, 2.83254e-08, 177.042, 117.8
1700015803.6179638, 3.638e-10, 3.97998e-09, 4.57297e-09, 64.392, 117.8
1700015804.7843256, 9.79713e-09, -7.36694e-09, 1.3075e-08, -32.922, 117.8
1700015805.9505606, -2.49931e-09, 4.66756e-09, 5.72257e-09, 107.952, 117.8
1700015807.117264, 2.51386e-09, 2.14969e-08, 2.08494e-08, 89.25, 117.8
1700015808.300472, 3.14687e-09, 2.88493e-09, 4.86401e-09, 43.068, 117.8
1700015809.4601471, 4.11458e-09, 1.49158e-10, 3.37242e-09, -17.976, 117.8
1700015810.6391494, -6.36649e-09, -7.3633e-09, 9.34966e-09, -138.078, 117.8
1700015811.808691, -8.54931e-09, 2.23737e-09, 8.15277e-09, 166.032, 117.8
1700015812.9687843, 2.45565e-09, 9.93174e-09, 1.04629e-08, 81.798, 117.8
1700015814.1324155, -8.54929e-10, 1.61818e-08, 1.63019e-08, 97.02, 117.8
1700015815.2923563, -3.52886e-10, 2.56479e-09, 2.01545e-09, 96.636, 117.8
1700015816.4580019, 3.20144e-10, -9.86262e-09, 9.44061e-09, -91.872, 117.8
1700015817.6355178, -1.20927e-08, 9.40423e-09, 1.53924e-08, 138.816, 117.8
1700015818.8078234, -8.25099e-09, 4.69303e-10, 8.08001e-09, -176.082, 117.8
1700015819.9777129, 1.18963e-09, 8.93129e-09, 9.17504e-09, 90.636, 117.8
1700015821.1510441, -1.04411e-09, 1.64256e-08, 1.67639e-08, 94.212, 117.8
1700015822.3169415, -1.42828e-08, 5.10411e-09, 1.56289e-08, 164.466, 117.8
1700015823.4976513, 5.30056e-09, -2.98316e-10, 5.92993e-09, 2.37, 117.8
1700015824.6701698, 1.24929e-08, 2.37198e-09, 1.24419e-08, 9.156, 117.8
1700015825.8351045, 7.68347e-09, -3.52886e-10, 8.00725e-09, 0.306, 117.8
1700015827.0165184, 1.85902e-08, -8.75667e-09, 1.97507e-08, -25.308, 117.8
1700015828.1802197, 5.26782e-09, -5.41698e-09, 7.75623e-09, -41.892, 117.8
1700015829.3364184, 5.00589e-09, 3.85629e-09, 6.15913e-09, 36.234, 117.8
1700015830.5149672, 9.81169e-09, 1.55561e-08, 1.81827e-08, 59.802, 117.8
1700015831.682072, -4.12913e-09, 5.1223e-09, 7.23233e-09, 129.882, 117.8
1700015832.8686783, -2.31377e-09, -1.06375e-08, 1.11505e-08, -98.172, 117.8
1700015834.0417793, -7.49427e-10, 2.76852e-09, 3.03409e-09, 104.802, 117.8
1700015835.2043324, -6.40651e-09, 7.53065e-10, 6.23552e-09, 168.834, 117.8
1700015836.3710651, -5.42789e-09, 1.18817e-08, 1.28276e-08, 111.798, 117.8
1700015837.5341449, -6.82124e-09, 1.23037e-08, 1.43046e-08, 125.706, 117.8
1700015838.6923015, 1.36061e-09, 6.28646e-09, 5.9845e-09, 85.998, 117.8
1700015839.8578818, -7.98906e-09, 4.03818e-09, 8.45108e-09, 153.888, 117.8
1700015841.0336583, -1.27584e-08, 1.48976e-08, 2.00308e-08, 129.81, 117.8
1700015842.203485, -8.45108e-09, 1.78553e-08, 1.91795e-08, 113.958, 117.8
1700015843.3769019, -2.7285e-10, 1.33624e-08, 1.36025e-08, 89.586, 117.8
1700015844.5430746, 1.50249e-09, -1.82991e-09, 2.73577e-09, -56.532, 117.8
1700015845.7092705, 7.52703e-09, 7.1341e-09, 9.98631e-09, 41.232, 117.8
1700015846.8755302, 6.2719e-09, -1.42755e-08, 1.55525e-08, -68.49, 117.8
1700015848.0593371, 2.3647e-10, -1.74006e-08, 1.72078e-08, -87.894, 117.8
1700015849.2189734, 2.50658e-09, 8.29463e-10, 1.87357e-09, 42.324, 117.8
1700015850.387926, 3.99817e-09, -3.41972e-10, 4.43109e-09, 1.104, 117.8
1700015851.5511198, 7.54886e-09, 1.05502e-10, 7.34875e-09, -1.914, 117.8
1700015852.7250266, 4.43109e-09, -1.02337e-08, 1.09395e-08, -58.458, 117.8
1700015853.8877344, 1.94269e-09, -4.69303e-10, 1.84446e-09, -20.376, 117.8
1700015855.0478034, 1.03028e-08, 6.91583e-09, 1.24929e-08, 39.834, 117.8
1700015856.22396, 4.01272e-09, -1.39117e-08, 1.42209e-08, -79.674, 117.8
1700015857.400665, 6.51201e-09, -2.6812e-09, 7.2105e-09, -23.184, 117.8
1700015858.57413, 3.99089e-09, 1.4843e-09, 3.73987e-09, 31.638, 117.8
1700015859.7494457, 5.22053e-09, -3.2742e-11, 5.00953e-09, -12.552, 117.8
1700015860.9231281, 2.01873e-08, 8.10184e-09, 2.27957e-08, 20.622, 117.8
1700015862.0894725, -6.85034e-09, 1.94924e-08, 2.04274e-08, 108.378, 117.8
1700015863.2488346, 6.40651e-09, 7.03588e-09, 1.00081e-08, 52.104, 117.8
1700015864.4152231, -4.70394e-09, 5.05682e-09, 7.09045e-09, 137.232, 117.8
1700015865.572569, -5.21689e-09, 7.41423e-09, 8.90219e-09, 128.094, 117.8
1700015866.739118, 2.69212e-09, -3.39789e-09, 4.98406e-09, -43.446, 117.8
1700015867.912011, 1.03101e-08, -1.54179e-08, 1.76661e-08, -58.872, 117.8
1700015869.0816154, 3.21599e-09, -3.30694e-09, 4.94404e-09, -40.368, 117.8
1700015870.2474189, -6.54841e-11, -4.49657e-09, 4.42745e-09, -85.698, 117.8
1700015871.414798, -1.03501e-08, 3.5616e-09, 1.17325e-08, 161.982, 117.8
1700015872.5773501, 6.58478e-10, -1.20563e-08, 1.26748e-08, -85.854, 117.8
1700015873.7444875, 4.10003e-09, -7.85082e-09, 8.76759e-09, -65.928, 117.8
1700015874.913717, -1.19763e-08, -1.21727e-08, 1.7266e-08, -131.166, 117.7
1700015876.0862014, -1.33478e-08, 4.27465e-09, 1.39262e-08, 158.802, 117.8
1700015877.257233, -3.25601e-09, 5.27874e-09, 6.55203e-09, 117.546, 117.8
1700015878.4201043, 7.78531e-10, 5.16596e-09, 5.02044e-09, 74.784, 117.8
1700015879.5866847, 1.07466e-08, 7.95995e-09, 1.42355e-08, 35.52, 117.8
1700015880.753246, 3.14323e-09, -1.6371e-09, 3.25964e-09, -36.978, 117.8
1700015881.9087381, 8.46563e-09, 1.9718e-09, 8.03999e-09, 8.31, 117.7
1700015883.0886376, -4.0018e-11, -1.23692e-08, 1.21618e-08, -89.874, 117.7
1700015884.2580607, -8.75667e-09, -6.44653e-09, 1.1245e-08, -145.644, 117.7
1700015885.445099, -7.06135e-09, 4.84582e-09, 7.65436e-09, 145.044, 117.7
1700015886.6111467, 7.82171e-09, 3.90722e-09, 8.93129e-09, 32.904, 117.7
1700015887.7874813, 7.4397e-09, 8.40743e-09, 1.0994e-08, 53.934, 117.7
1700015888.9543738, -7.34875e-09, 5.44972e-09, 1.02046e-08, 147.786, 117.7
1700015890.13492, -1.81354e-08, 5.59524e-09, 1.81755e-08, 161.4, 117.7
1700015891.3156834, -3.36878e-09, 6.85034e-09, 7.63254e-09, 108.786, 117.7
1700015892.4941235, 4.2601e-09, 7.85445e-09, 8.94585e-09, 57.63, 117.7
1700015893.6667619, -5.19506e-09, 1.19363e-08, 1.31041e-08, 109.674, 117.8
1700015894.840651, 1.27694e-09, 6.72301e-09, 6.88308e-09, 80.166, 117.8
1700015896.0190737, -5.9263e-09, 8.80033e-09, 1.00627e-08, 119.304, 117.8
1700015897.1976337, 2.08494e-08, 3.14687e-09, 2.07621e-08, 9.072, 117.8
1700015898.366411, 5.66072e-09, 2.03728e-10, 7.90538e-09, 2.892, 117.7
1700015899.5368416, 5.43517e-09, -3.60162e-10, 5.52612e-09, 4.596, 117.7
1700015900.7130096, 1.82227e-08, 1.21291e-08, 2.11768e-08, 33.984, 117.7
1700015901.8919296, 5.85717e-09, 6.21006e-09, 8.68027e-09, 43.998, 117.7
1700015903.064527, 1.65456e-08, 1.45774e-08, 2.20208e-08, 40.77, 117.7
1700015904.2389455, 1.03865e-08, 3.89994e-09, 1.00372e-08, 17.748, 117.7
1700015905.4090579, 9.01133e-09, 1.32787e-09, 8.69119e-09, 8.688, 117.7
1700015906.5931933, 4.46383e-09, 6.64662e-09, 7.73076e-09, 60.87, 117.7
1700015907.7626731, 2.16461e-09, 2.15369e-08, 2.10786e-08, 84.66, 117.7
1700015908.9374526, 2.27011e-09, -2.15006e-09, 3.13959e-09, -54.522, 117.7
1700015910.1488025, 7.85807e-10, -9.53156e-09, 9.25871e-09, -76.008, 117.7
1700015911.323442, -6.45744e-09, -3.31421e-09, 6.17368e-09, -147.948, 117.7
1700015912.4893713, 8.28737e-09, -1.43373e-08, 1.68294e-08, -63.774, 117.7
1700015913.6560533, 1.60545e-08, -1.78408e-08, 2.40581e-08, -43.518, 117.7
1700015914.829604, 2.69721e-08, -4.8058e-09, 2.53132e-08, -7.83, 117.7
1700015915.9959981, 1.30313e-08, 5.6389e-10, 1.25111e-08, 1.554, 117.7
1700015917.1692708, 1.26057e-08, 2.36033e-08, 2.68557e-08, 61.638, 117.7
1700015918.3279762, -3.79444e-09, 1.56434e-08, 1.57453e-08, 108.0, 117.7
1700015919.487746, -5.68619e-09, -4.30994e-08, 4.34886e-08, -97.308, 117.7
1700015920.6441436, 9.26963e-09, -5.15868e-09, 1.00591e-08, -27.606, 117.7
1700015921.82154, 5.70074e-09, 1.21436e-08, 1.39226e-08, 62.556, 117.7
1700015923.001447, -8.80394e-10, 3.49248e-10, 1.14597e-09, -179.382, 117.7
1700015924.1617274, -1.50249e-09, 1.34933e-08, 1.41445e-08, 99.024, 117.7
1700015925.3403645, -1.41882e-10, -3.638e-10, 1.17871e-09, -44.034, 117.7
1700015926.5075307, -7.56341e-09, -1.10159e-08, 1.29367e-08, -124.794, 117.7
1700015927.6901724, -1.05029e-08, -8.54929e-10, 1.12341e-08, -179.208, 117.7
1700015928.8601637, -1.56907e-08, -6.04999e-09, 1.66766e-08, -159.54, 117.7
1700015930.022748, -1.0623e-09, -6.14457e-09, 5.73348e-09, -86.616, 117.7
1700015931.1920662, 3.78716e-09, 9.68436e-09, 1.05029e-08, 67.014, 117.7
1700015932.367442, 6.97767e-09, 4.78761e-09, 8.31284e-09, 32.316, 117.7
1700015933.5353339, -7.89445e-10, 6.17732e-09, 6.22097e-09, 96.192, 117.7
1700015934.719283, -6.76667e-09, 3.11776e-09, 8.03999e-09, 157.296, 117.7
1700015935.8919208, 6.1373e-09, 9.85898e-09, 1.19326e-08, 57.288, 117.7
1700015937.054694, -8.53839e-09, 1.03065e-08, 1.37844e-08, 126.252, 117.7
1700015938.228251, -2.93223e-09, 2.05474e-08, 2.07293e-08, 98.55, 117.7
1700015939.397164, -6.26463e-09, 1.51414e-08, 1.68585e-08, 115.32, 117.7
1700015940.558009, 1.42973e-09, -1.34242e-09, 2.69939e-09, -39.414, 117.7
1700015941.7400389, 8.94585e-09, -2.12605e-08, 2.26611e-08, -64.986, 117.7
1700015942.899807, -1.12087e-08, -2.97588e-09, 1.20891e-08, -167.808, 117.7
1700015944.0735412, -1.16925e-08, -2.8631e-09, 1.2562e-08, -171.876, 117.7
1700015945.249512, 5.96631e-09, -5.60979e-09, 8.74212e-09, -42.57, 117.7
1700015946.4241326, -6.22461e-09, 1.24892e-08, 1.43264e-08, 117.96, 117.7
1700015947.5897832, -1.5949e-08, 3.44518e-09, 1.6422e-08, 163.662, 117.7
1700015948.756544, -1.71495e-08, 1.86084e-08, 2.41563e-08, 131.19, 117.7
1700015949.922512, 7.91266e-09, 1.0703e-08, 1.33987e-08, 52.932, 117.7
1700015951.0952835, 1.94633e-09, 3.17343e-08, 3.15742e-08, 85.794, 117.7
1700015952.2645836, -4.91494e-09, -4.7003e-09, 7.05771e-09, -142.866, 117.7
1700015953.4448533, -4.06001e-09, 5.19142e-09, 6.54111e-09, 126.78, 117.7
1700015954.616073, 1.46975e-09, -2.44837e-09, 3.02317e-09, -52.614, 117.7
1700015955.7780187, 5.88992e-09, 2.623e-09, 5.92993e-09, 29.166, 117.7
1700015956.9638734, -1.5989e-08, 1.12851e-08, 2.04201e-08, 145.974, 117.7
1700015958.127215, -2.02273e-09, 5.90811e-09, 6.0318e-09, 107.43, 117.7
1700015959.2880216, 5.62434e-09, 7.1814e-09, 8.8549e-09, 53.472, 117.7
1700015960.4647415, 2.90312e-09, 1.09104e-08, 1.13542e-08, 65.082, 117.7
1700015961.626578, 1.30022e-08, 3.77625e-09, 1.30786e-08, 16.92, 117.6
1700015962.7964513, -5.06046e-09, -7.4397e-09, 9.04771e-09, -121.524, 117.7
1700015963.9767842, -1.03756e-08, 9.97176e-09, 1.45738e-08, 135.126, 117.6
1700015965.1459594, 1.26129e-08, -9.36058e-09, 1.58799e-08, -38.01, 117.6
1700015966.3159552, 6.47927e-09, 9.98267e-09, 1.18344e-08, 52.806, 117.6
1700015967.492105, 2.34651e-09, 1.52396e-08, 1.52069e-08, 82.974, 117.6
1700015968.661561, -3.03045e-09, 1.33296e-08, 1.37662e-08, 106.95, 117.6
1700015969.8358526, 3.26692e-09, -9.47699e-09, 1.05029e-08, -69.192, 117.6
1700015971.018407, -6.9122e-10, 1.21e-08, 1.23692e-08, 98.274, 117.6
1700015972.1879332, 3.72532e-09, 2.13915e-09, 3.91086e-09, 50.664, 117.6
1700015973.357647, -9.45882e-10, 8.71665e-09, 8.42562e-09, 90.858, 117.6
1700015974.5344033, 1.23474e-08, -5.78442e-10, 1.29658e-08, -4.542, 117.6
1700015975.6978106, 3.41971e-09, 1.13578e-08, 1.18781e-08, 75.498, 117.6
1700015976.8775897, -3.01954e-10, 9.45879e-11, 1.89176e-10, -13.572, 117.6
1700015978.0504346, 1.11868e-08, 1.18344e-08, 1.57053e-08, 48.24, 117.6
1700015979.2265027, -1.86266e-09, 6.82488e-09, 7.04316e-09, 103.392, 117.6
1700015980.393109, 2.08094e-09, 1.12996e-08, 1.12341e-08, 74.196, 117.6
1700015981.5573096, -1.12523e-08, -9.45516e-09, 1.51014e-08, -138.984, 117.6
1700015982.7341173, -3.11049e-09, 3.50339e-09, 5.07137e-09, 123.594, 117.6
1700015983.8959832, -7.8399e-09, 1.07357e-08, 1.27257e-08, 124.716, 117.6
1700015985.075837, 1.13797e-08, 1.11687e-08, 1.54033e-08, 48.612, 117.6
1700015986.2419546, -1.26711e-08, -2.59753e-09, 1.2984e-08, -165.528, 117.6
1700015987.4082212, 1.82628e-08, -8.34558e-09, 2.01072e-08, -20.382, 117.6
1700015988.5679505, -2.0773e-09, 2.14242e-08, 2.16133e-08, 98.274, 117.6
1700015989.7277718, 1.17835e-08, 1.73969e-08, 2.06893e-08, 55.41, 117.6
1700015990.9075751, -1.41445e-08, 3.72167e-09, 1.59345e-08, 165.546, 117.6
1700015992.088046, -1.89394e-08, 1.17835e-08, 2.14824e-08, 147.078, 117.6
1700015993.2638018, 1.30495e-08, 1.19326e-09, 1.39117e-08, 3.162, 117.6
1700015994.4372556, 1.71641e-08, 3.96541e-10, 1.78953e-08, -1.284, 117.6
1700015995.6035645, 1.4301e-08, -6.21006e-09, 1.46939e-08, -29.964, 117.6
1700015996.76951, -7.60341e-10, -4.56933e-09, 4.96951e-09, -100.518, 117.6
1700015997.9457023, 4.83854e-09, -7.34511e-09, 7.90538e-09, -55.038, 117.6
1700015999.105639, -1.218e-08, -5.22053e-09, 1.35843e-08, -150.978, 117.6
1700016000.271829, 3.81263e-09, -1.56398e-08, 1.60691e-08, -75.606, 117.6
1700016001.4458005, -5.07137e-09, -2.21554e-09, 5.62434e-09, -161.598, 117.6
1700016002.6119545, -9.54975e-09, 1.12414e-09, 8.17823e-09, 176.958, 117.6
1700016003.7890596, -2.1959e-08, -7.57433e-09, 2.44582e-08, -161.112, 117.6
1700016004.9548213, -1.64074e-09, -6.70846e-09, 6.69027e-09, -86.394, 117.6
1700016006.1249607, 2.9395e-09, 1.1627e-08, 1.18962e-08, 74.712, 117.6
1700016007.2942934, -1.54979e-09, 7.67617e-10, 2.84491e-09, 170.934, 117.6
1700016008.4580684, 4.53659e-09, 2.50294e-09, 5.6971e-09, 32.364, 117.6
1700016009.6205297, 1.50977e-09, -9.59341e-09, 1.04629e-08, -76.164, 117.6
1700016010.786745, 6.81032e-09, 1.41518e-09, 7.03952e-09, 23.43, 117.6
1700016011.9470897, 1.42537e-08, 3.43427e-09, 1.40718e-08, 12.51, 117.6
1700016013.1208522, 3.95087e-09, 6.20278e-09, 8.0509e-09, 56.892, 117.6
1700016014.2861118, -2.5466e-11, 3.37606e-09, 2.91767e-09, 103.812, 117.6
1700016015.4524457, 1.59308e-08, -1.99726e-09, 1.59781e-08, -8.796, 117.6
1700016016.6259599, 1.44647e-08, 5.24599e-09, 1.46902e-08, 20.238, 117.6
1700016017.7992427, 1.4803e-08, 8.39287e-09, 1.63128e-08, 30.354, 117.6
1700016018.9755645, 9.62251e-09, 7.17412e-09, 1.09795e-08, 38.526, 117.6
1700016020.1520362, 2.81945e-09, 2.30976e-08, 2.37197e-08, 84.696, 117.6
1700016021.3252144, 5.5916e-09, -9.16776e-09, 1.12669e-08, -63.204, 117.6
1700016022.4952743, -1.06884e-08, 4.56205e-09, 1.24492e-08, 157.212, 117.6
1700016023.658453, -4.24919e-09, -4.1546e-09, 5.44608e-09, -140.766, 117.6
1700016024.8381603, 4.25646e-09, 1.44829e-08, 1.52178e-08, 72.672, 117.6
1700016026.0007405, -4.60935e-09, -1.24783e-09, 5.4097e-09, -157.932, 117.6
1700016027.1641924, -5.76622e-09, -1.16452e-08, 1.21327e-08, -114.756, 117.6
1700016028.3472993, -7.51248e-09, 2.18207e-08, 2.32359e-08, 108.606, 117.6
1700016029.5136065, -4.80217e-10, 2.35742e-08, 2.28612e-08, 92.778, 117.6
1700016030.686726, 6.11911e-09, 1.64765e-08, 1.78808e-08, 68.418, 117.6
1700016031.8663313, 1.23619e-08, 2.4149e-08, 2.69757e-08, 63.042, 117.6
1700016033.0334656, -1.86993e-08, 2.07111e-08, 2.78125e-08, 133.386, 117.6
1700016034.2025418, 1.73133e-08, 1.23146e-08, 2.14606e-08, 35.73, 117.6
1700016035.3821852, -1.60072e-09, 6.38468e-09, 6.17004e-09, 94.962, 117.6
1700016036.5417295, 5.13685e-09, 3.01954e-10, 4.69302e-09, -6.342, 117.6
1700016037.7149127, -3.04136e-09, -1.84228e-08, 1.8783e-08, -96.6, 117.6
1700016038.8820891, 1.3024e-09, 1.65093e-08, 1.77389e-08, 83.94, 117.6
1700016040.0516489, 1.25329e-08, 2.647e-08, 2.90967e-08, 63.39, 117.6
1700016041.2280173, 9.98631e-09, -1.8954e-08, 2.22791e-08, -62.532, 117.6
1700016042.3877106, -8.61115e-09, -5.36969e-09, 9.81896e-09, -149.004, 117.6
1700016043.5642488, -6.37741e-09, -8.33101e-10, 6.50473e-09, 179.538, 117.6
1700016044.7408266, 1.23146e-08, -1.19217e-08, 1.78298e-08, -42.876, 117.6
1700016045.9036672, -6.95584e-09, 1.46975e-08, 1.70004e-08, 115.83, 117.6
1700016047.0700448, -5.04227e-09, 3.20144e-10, 5.17687e-09, -176.148, 117.6
1700016048.2438095, -2.18826e-08, -2.51022e-10, 2.26247e-08, 178.638, 117.6
1700016049.405944, -7.14866e-09, 3.20507e-09, 7.05771e-09, 157.92, 117.6
1700016050.5728865, 3.28511e-09, 2.8671e-08, 2.97551e-08, 82.272, 117.6
1700016051.759356, -5.48246e-09, 1.27621e-08, 1.36607e-08, 111.216, 117.6
1700016052.925283, 6.97403e-09, -1.12087e-08, 1.32205e-08, -60.018, 117.6
1700016054.0950918, -8.46563e-09, -1.34024e-08, 1.62655e-08, -123.222, 117.6
1700016055.2680058, 5.08592e-09, -1.11796e-08, 1.27512e-08, -60.09, 117.6
1700016056.4355118, 1.09104e-08, -1.51923e-08, 1.88085e-08, -54.876, 117.6
1700016057.601839, 1.77243e-08, -8.00361e-09, 1.93069e-08, -25.656, 117.6
1700016058.767593, -7.53065e-10, 3.44882e-09, 3.4088e-09, 105.318, 117.6
1700016059.9277322, -1.44065e-08, 1.60545e-08, 2.13223e-08, 130.758, 117.6
1700016061.1001315, -1.01027e-08, -7.74168e-09, 1.30022e-08, -143.784, 117.6
1700016062.277078, -1.09431e-08, -1.1798e-08, 1.58544e-08, -131.838, 117.6
1700016063.4400053, -1.73096e-08, -4.47473e-10, 1.63747e-08, -178.698, 117.6
1700016064.6170785, 1.76443e-09, 1.08849e-08, 1.12196e-08, 79.782, 117.5
1700016065.7928932, 9.64071e-10, 1.0401e-08, 1.05902e-08, 78.024, 117.5
1700016066.9591267, 1.20127e-08, -2.27011e-09, 1.20272e-08, -15.33, 117.5
1700016068.136404, 7.02497e-09, -5.38424e-10, 6.51565e-09, -0.51, 117.5
1700016069.301998, -1.25147e-09, 1.02337e-08, 1.00045e-08, 91.872, 117.5
1700016070.4830525, -1.47339e-09, 2.08275e-08, 2.07075e-08, 95.808, 117.5
1700016071.6549857, -4.3656e-09, -1.27948e-08, 1.38462e-08, -105.57, 117.5
1700016072.8252323, 1.88267e-08, 3.62344e-09, 1.96088e-08, 11.448, 117.5
1700016073.9912713, 1.42718e-08, -1.21145e-08, 1.84301e-08, -42.84, 117.5
1700016075.164218, 3.88539e-09, -1.64365e-08, 1.64438e-08, -75.312, 117.5
1700016076.3319128, -8.26191e-09, -2.38653e-09, 8.98223e-09, -162.33, 117.5
1700016077.5074077, 5.75531e-09, 2.10058e-08, 2.21663e-08, 75.378, 117.5
1700016078.6773925, 1.56871e-08, 2.49931e-09, 1.5447e-08, 4.074, 117.5
1700016079.8468125, 6.73757e-09, -4.231e-09, 7.25052e-09, -23.418, 117.5
1700016081.0232658, -9.45882e-10, -4.13277e-09, 4.21645e-09, -90.762, 117.5
1700016082.189703, 9.90627e-09, 1.33369e-08, 1.69058e-08, 52.218, 117.5
1700016083.3467844, 1.74442e-08, -6.98131e-09, 1.92014e-08, -23.13, 117.5
1700016084.5297089, 1.63019e-08, -2.90312e-09, 1.66693e-08, -4.788, 117.5
1700016085.696051, 2.66629e-08, 1.53887e-09, 2.60226e-08, 3.156, 117.5
1700016086.8719668, 1.67239e-08, 7.66164e-09, 1.88776e-08, 20.052, 117.5
1700016088.0292017, 1.1296e-08, -1.24347e-08, 1.66475e-08, -47.088, 117.5
1700016089.2122254, 7.63617e-09, 1.63346e-09, 8.13822e-09, 9.804, 117.5
1700016090.3783252, 9.65161e-09, -8.44015e-10, 9.53884e-09, -5.874, 117.5
1700016091.554555, 1.11796e-08, -6.91583e-09, 1.36643e-08, -30.75, 117.5
1700016092.7140913, 2.02455e-08, -3.52886e-10, 2.10676e-08, -0.93, 117.5
1700016093.9004922, 1.06375e-08, -8.03635e-09, 1.37262e-08, -36.774, 117.5
1700016095.0803192, 8.47653e-10, 1.41191e-08, 1.4341e-08, 84.048, 117.5
1700016096.2539003, -8.59296e-09, -6.52292e-09, 1.08194e-08, -142.572, 117.5
1700016097.4197612, 5.79169e-09, -8.47653e-10, 6.21733e-09, -0.99, 117.5
1700016098.5767984, 7.46883e-09, 3.25964e-09, 8.43289e-09, 20.358, 117.5
1700016099.7526727, -4.54023e-09, 9.94629e-09, 1.09176e-08, 109.206, 117.5
1700016100.9295616, 1.31077e-08, 7.13047e-09, 1.49195e-08, 29.148, 117.5
1700016102.0890448, -1.53087e-08, -2.6008e-08, 3.09922e-08, -125.964, 117.5
1700016103.260107, 2.68848e-09, -4.19098e-09, 4.81671e-09, -60.006, 117.5
1700016104.436058, 1.19508e-08, 1.20927e-08, 1.78553e-08, 39.42, 117.5
1700016105.601657, 1.03792e-08, 1.07394e-08, 1.43191e-08, 46.05, 117.5
1700016106.781815, 3.3546e-08, -1.57744e-08, 3.69657e-08, -21.888, 117.5
1700016107.9510953, 3.06648e-08, -1.74987e-09, 2.96751e-08, -3.3, 117.5
1700016109.124981, 6.69755e-09, 6.77394e-09, 9.73529e-09, 47.898, 117.5
1700016110.2975147, -1.86157e-08, 1.42609e-09, 1.80627e-08, 173.718, 117.5
1700016111.4677668, -4.38015e-09, 1.50904e-08, 1.63019e-08, 109.656, 117.5
1700016112.6339285, -2.19335e-08, 1.02228e-08, 2.46511e-08, 152.88, 117.5
1700016113.797583, 2.29739e-08, -1.01027e-08, 2.64519e-08, -24.846, 117.5
1700016114.9740672, 1.04265e-08, -1.09285e-08, 1.42173e-08, -51.888, 117.5
1700016116.136861, -3.8199e-10, -2.1828e-09, 1.99363e-09, -80.886, 117.5
1700016117.3164897, 4.73668e-09, 1.01027e-08, 1.08049e-08, 59.226, 117.5
1700016118.4861143, 2.79398e-09, 8.40379e-09, 9.29873e-09, 72.81, 117.5
1700016119.6493666, -4.73668e-09, 1.37589e-08, 1.45083e-08, 108.048, 117.5
1700016120.815943, 2.11732e-09, 9.26963e-09, 9.48427e-09, 71.124, 117.5
1700016121.9751163, -6.46472e-09, 8.03271e-09, 1.01064e-08, 127.026, 117.5
1700016123.1487334, 8.63662e-09, 1.49413e-08, 1.68476e-08, 57.816, 117.5
1700016124.3151736, 5.43517e-09, -9.45879e-11, 6.00269e-09, -2.082, 117.5
1700016125.48455, -4.02727e-09, -3.68529e-09, 6.20642e-09, -142.368, 117.5
1700016126.6646254, -7.34875e-09, 5.29329e-09, 8.44744e-09, 137.184, 117.5
1700016127.837543, 5.47519e-09, 5.58433e-09, 7.7053e-09, 34.38, 117.5
1700016129.0075622, -4.87492e-09, -6.3192e-09, 8.37105e-09, -133.704, 117.5
1700016130.167384, -9.93174e-09, 3.4088e-09, 9.70618e-09, 159.144, 117.5
1700016131.3467505, 9.90627e-09, 1.61964e-08, 1.85574e-08, 61.296, 117.5
1700016132.5136597, 3.83082e-09, -2.77215e-09, 4.7003e-09, -30.93, 117.5
1700016133.6799006, 2.56915e-08, 4.93313e-09, 2.5637e-08, 11.532, 117.5
1700016134.8542767, 2.18898e-08, -1.48794e-09, 2.15733e-08, -0.696, 117.5
1700016136.0200992, 6.08273e-09, 8.95676e-09, 1.0612e-08, 49.638, 117.5
1700016137.1962776, 1.48685e-08, -2.48112e-09, 1.52141e-08, -10.332, 117.5
1700016138.3788388, 1.25038e-08, 3.39061e-09, 1.25693e-08, 17.61, 117.5
1700016139.545459, -8.91308e-10, 7.19959e-09, 7.30873e-09, 91.872, 117.5
1700016140.7191684, 1.69968e-08, -2.95769e-09, 1.71095e-08, -5.904, 117.5
1700016141.8819356, 2.33923e-09, 4.16188e-09, 4.79852e-09, 61.89, 117.5
1700016143.0518823, -5.96268e-09, 5.11866e-09, 7.51612e-09, 128.814, 117.5
1700016144.2176955, -4.5475e-09, 7.23233e-09, 9.36785e-09, 127.89, 117.5
1700016145.3940434, -4.44564e-09, 2.4913e-08, 2.49239e-08, 100.506, 117.5
1700016146.5639644, -4.36924e-09, -2.41563e-09, 5.34422e-09, -150.588, 117.5
1700016147.7540627, -7.16685e-09, 1.03174e-08, 1.26457e-08, 126.378, 117.5
1700016148.9140449, -3.17961e-09, 4.90402e-09, 5.18415e-09, 112.038, 117.5
1700016150.092913, 9.29509e-09, -3.43063e-09, 1.0452e-08, -18.096, 117.5
1700016151.2604456, 8.88036e-09, 1.819e-08, 2.0733e-08, 64.092, 117.5
1700016152.4330523, 7.18504e-09, 1.84992e-08, 1.93105e-08, 67.998, 117.5
1700016153.5990534, -6.37013e-09, -1.46757e-08, 1.71423e-08, -118.686, 117.5
1700016154.7753968, 1.1256e-08, 1.37371e-08, 1.79899e-08, 48.846, 117.5
1700016155.9452713, -1.07685e-09, -1.54979e-09, 2.49567e-09, -122.76, 117.5
1700016157.1019452, -1.21873e-09, -9.50246e-09, 9.53156e-09, -95.514, 117.5
1700016158.2750812, 3.68529e-09, 8.9604e-09, 1.02628e-08, 66.966, 117.4
1700016159.4380891, 2.19735e-09, 1.38789e-08, 1.39881e-08, 81.168, 117.5
1700016160.6083794, 7.75987e-09, 9.48791e-09, 1.28094e-08, 47.064, 117.5
1700016161.7773087, -8.38924e-09, -3.04864e-09, 8.80397e-09, -152.232, 117.5
1700016162.944326, 1.73969e-08, 7.04679e-09, 1.91177e-08, 22.434, 117.5
1700016164.1203516, -6.05726e-09, 1.56434e-10, 6.60296e-09, 172.488, 117.5
1700016165.2910872, 8.58567e-10, -1.41773e-08, 1.46829e-08, -88.422, 117.5
1700016166.4532485, -2.93586e-09, -1.14233e-08, 1.12414e-08, -105.216, 117.5
1700016167.6227298, 1.18853e-08, 8.04363e-09, 1.3868e-08, 37.938, 117.4
1700016168.7964847, -5.44244e-09, 1.38062e-08, 1.45483e-08, 113.118, 117.4
1700016169.96315, 2.1828e-09, 2.73941e-08, 2.75978e-08, 82.506, 117.4
1700016171.129315, 1.82118e-08, 1.14306e-08, 2.20099e-08, 30.096, 117.4
1700016172.315092, 2.02127e-08, -1.47339e-09, 1.96234e-08, -3.222, 117.4
1700016173.4891834, 6.92674e-09, -9.7935e-09, 1.11796e-08, -59.94, 117.4
1700016174.6587317, -9.4297e-09, -2.65574e-10, 9.79713e-09, -173.436, 117.4
1700016175.8247185, 3.8963e-09, -1.62219e-08, 1.68621e-08, -79.098, 117.4
1700016177.0019782, 1.14051e-08, 1.36789e-09, 1.12742e-08, 7.806, 117.4
1700016178.1774457, -5.0932e-09, -5.33331e-09, 7.71985e-09, -133.818, 117.4
1700016179.336289, 1.11323e-09, 9.09137e-09, 9.55703e-09, 81.486, 117.4
1700016180.5210128, 5.0168e-09, 2.54551e-08, 2.52768e-08, 81.498, 117.4
1700016181.696468, -1.91723e-08, 1.06557e-08, 2.15842e-08, 154.692, 117.4
1700016182.8600872, 8.12003e-09, -1.82627e-09, 8.81852e-09, -16.338, 117.4
1700016184.02646, 1.77062e-08, -2.60845e-09, 1.7426e-08, -7.674, 117.4
1700016185.196601, 2.16097e-09, -1.7135e-09, 2.05547e-09, -86.388, 117.4
1700016186.3637266, -2.19517e-08, 4.80217e-10, 2.18716e-08, 179.796, 117.4
1700016187.5324843, 1.24165e-08, 1.28421e-09, 1.33369e-08, 10.95, 117.4
1700016188.6997519, 7.10864e-09, 8.2328e-09, 1.15688e-08, 48.666, 117.4
1700016189.866854, -4.0018e-11, 2.20972e-08, 2.13878e-08, 91.728, 117.4
1700016191.0485842, 5.36241e-09, 1.98453e-08, 2.03619e-08, 74.634, 117.4
1700016192.2185397, -1.07576e-08, 5.94085e-09, 1.10413e-08, 146.484, 117.4
1700016193.387729, 1.14633e-08, 2.36361e-08, 2.67065e-08, 64.278, 117.4
1700016194.5580983, 5.00589e-09, 3.4823e-08, 3.50267e-08, 81.318, 117.4
1700016195.7219372, -8.34194e-09, 4.97315e-09, 9.82624e-09, 148.41, 117.4
1700016196.881151, 3.77261e-09, 9.80441e-09, 1.03792e-08, 64.692, 117.4
1700016198.0615218, 1.05284e-08, -4.41653e-09, 1.11978e-08, -18.168, 117.4
1700016199.221809, 6.19914e-09, -3.09593e-09, 7.15957e-09, -23.874, 117.4
1700016200.4039884, 2.53205e-09, 8.62205e-10, 2.88493e-09, 37.83, 117.4
1700016201.576427, -7.34875e-10, 1.24492e-08, 1.26784e-08, 90.324, 117.4
1700016202.7533562, 2.29849e-08, 2.29594e-08, 3.32295e-08, 42.552, 117.4
1700016203.91897, 9.76075e-09, -7.21778e-09, 1.13178e-08, -40.638, 117.4
1700016205.0856102, 8.13822e-09, 5.82081e-11, 7.98906e-09, -0.624, 117.4
1700016206.252088, 8.57841e-09, -1.19399e-08, 1.46939e-08, -54.354, 117.4
1700016207.4292428, 1.44537e-08, -8.98584e-10, 1.37152e-08, -5.394, 117.4
1700016208.601913, 1.71132e-08, -8.64389e-09, 1.93105e-08, -26.016, 117.4
1700016209.7687805, -2.72486e-09, -2.47384e-09, 2.95042e-09, -128.058, 117.4
1700016210.9383028, -3.17233e-09, -2.13478e-08, 2.15879e-08, -94.776, 117.4
1700016212.1004188, 1.21327e-08, 4.19098e-09, 1.25074e-08, 22.32, 117.4
1700016213.2743561, -1.14342e-08, 7.95632e-09, 1.45483e-08, 147.486, 117.4
1700016214.4341555, -4.80216e-09, -8.00359e-10, 3.33968e-09, -164.238, 117.4
1700016215.596992, 9.66617e-09, 1.00409e-08, 1.42464e-08, 46.584, 117.4
1700016216.754106, 8.00725e-09, 1.54943e-08, 1.71059e-08, 56.064, 117.4
1700016217.9365833, 1.34606e-09, 3.39061e-09, 3.7908e-09, 86.982, 117.4
1700016219.116417, 2.39125e-08, 5.62071e-09, 2.44328e-08, 12.552, 117.4
1700016220.2826722, 3.73623e-09, 9.73165e-09, 1.02664e-08, 71.082, 117.4
1700016221.463211, 9.78623e-10, 1.2693e-08, 1.26821e-08, 83.736, 117.4
1700016222.6230383, 3.80535e-09, -5.06046e-09, 6.29009e-09, -49.632, 117.4
1700016223.7954147, 6.41742e-09, 6.81396e-09, 9.31692e-09, 45.102, 117.4
1700016224.9656706, 4.20189e-09, 3.63801e-12, 5.26782e-09, 6.714, 117.4
1700016226.1355028, 1.14451e-08, 5.46063e-09, 1.18708e-08, 24.732, 117.4
1700016227.311304, -3.51794e-09, -1.91286e-08, 1.97543e-08, -100.926, 117.4
1700016228.467834, 1.89904e-08, -6.02088e-09, 1.97944e-08, -12.756, 117.4
1700016229.6441681, -1.06666e-08, -1.52432e-09, 1.08813e-08, -169.818, 117.4
1700016230.804312, 4.83126e-09, 5.68255e-09, 8.25099e-09, 41.208, 117.4
1700016231.9771302, 1.23474e-08, 6.40287e-09, 1.30859e-08, 28.374, 117.4
1700016233.1432617, -8.97131e-09, 1.05429e-08, 1.38935e-08, 133.008, 117.4
1700016234.3082867, -3.6962e-09, -7.22505e-09, 8.2328e-09, -115.8, 117.4
1700016235.4733999, 1.03537e-08, -1.33515e-09, 1.02664e-08, -3.996, 117.4
1700016236.6433694, 4.22736e-09, 1.47448e-08, 1.56216e-08, 70.032, 117.4
1700016237.834528, 2.48148e-08, 4.54023e-09, 2.50294e-08, 8.376, 117.4
1700016238.9994953, -7.71257e-09, -7.51612e-09, 1.11432e-08, -139.506, 117.4
1700016240.1723347, 3.54704e-09, 1.88085e-08, 1.87866e-08, 77.04, 117.4
1700016241.3585148, 1.01136e-08, -3.638e-10, 1.03065e-08, -2.652, 117.4
1700016242.5320086, 5.15868e-09, 5.51157e-09, 7.27235e-09, 52.266, 117.4
1700016243.6979213, -2.02273e-09, 5.08228e-09, 5.58069e-09, 113.376, 117.4
1700016244.8779793, 1.88085e-09, -2.3356e-09, 3.63799e-09, -44.46, 117.4
1700016246.0419846, -7.96721e-10, -1.96306e-08, 1.94124e-08, -92.736, 117.4
1700016247.2169046, 4.74395e-09, -2.78671e-09, 5.3515e-09, -33.174, 117.4
1700016248.3872316, -2.03364e-09, 5.02045e-10, 2.24465e-09, 160.926, 117.4
1700016249.5444224, 7.16685e-09, 2.56115e-09, 8.06546e-09, 18.936, 117.4
1700016250.7134771, 5.26418e-09, -1.1205e-08, 1.24747e-08, -65.676, 117.4
1700016251.8807948, 1.11687e-08, 1.16998e-08, 1.60909e-08, 46.056, 117.4
1700016253.0531726, 6.2137e-09, -4.55842e-09, 7.70166e-09, -33.732, 117.4
1700016254.219976, 2.49203e-09, 7.57069e-09, 8.10547e-09, 68.718, 117.3
1700016255.389209, -2.5757e-09, -1.61891e-09, 3.55796e-09, -150.678, 117.3
1700016256.5552902, 6.86853e-09, -1.27985e-08, 1.38753e-08, -67.194, 117.3
1700016257.7291608, 4.0018e-11, 1.37152e-08, 1.36425e-08, 91.98, 117.3
1700016258.8956916, 2.41563e-09, -1.73533e-08, 1.75934e-08, -81.984, 117.4
1700016260.0717828, 3.57615e-09, -7.93085e-09, 8.42925e-09, -68.76, 117.4
1700016261.2378705, -8.74576e-09, -5.58796e-09, 1.11032e-08, -153.54, 117.4
1700016262.4116147, -3.23418e-09, -1.61163e-09, 4.28193e-09, -150.702, 117.4
1700016263.5878, 5.86809e-09, -1.08958e-08, 1.23583e-08, -64.782, 117.3
1700016264.7543895, -7.1814e-09, -8.06546e-09, 1.09067e-08, -134.418, 117.3
1700016265.927644, 1.16816e-08, 2.97224e-09, 1.17944e-08, 17.904, 117.3
1700016267.093583, 7.05043e-09, 2.75396e-09, 7.71985e-09, 20.88, 117.3
1700016268.2600138, 1.78007e-08, 1.85538e-09, 1.79172e-08, 4.674, 117.3
1700016269.4264848, 8.74576e-09, -1.20782e-09, 9.7462e-09, -11.37, 117.3
1700016270.610053, -1.78625e-09, 2.98679e-09, 4.03455e-09, 130.23, 117.3
1700016271.7768846, -7.22869e-09, 6.6066e-09, 9.90991e-09, 138.726, 117.3
1700016272.9431083, 3.85629e-09, 1.6371e-09, 3.91086e-09, 36.342, 117.3
1700016274.1103027, -1.76698e-08, 1.3115e-08, 2.1959e-08, 140.886, 117.3
1700016275.2823484, 1.49885e-09, -1.87357e-09, 3.17961e-09, -25.746, 117.3
1700016276.4523816, 3.03409e-09, 1.5607e-09, 3.98725e-09, 40.782, 117.3
1700016277.6180243, -7.4397e-09, -5.34422e-09, 9.06226e-09, -132.936, 117.3
1700016278.7915127, 6.72301e-09, -1.33733e-08, 1.41336e-08, -65.694, 117.3
1700016279.9576814, -4.7585e-09, 2.48112e-09, 6.68663e-09, 157.266, 117.3
1700016281.1278386, -7.15957e-09, 1.37807e-08, 1.52396e-08, 117.342, 117.3
1700016282.2877264, 3.23782e-09, 4.3656e-09, 4.99861e-09, 63.54, 117.3
1700016283.47376, -2.12096e-09, -1.49922e-08, 1.52723e-08, -96.768, 117.3
1700016284.6401486, -4.12186e-09, -1.56325e-08, 1.62837e-08, -101.988, 117.3
1700016285.817398, -6.44653e-09, -1.22528e-08, 1.42973e-08, -121.476, 117.3
1700016286.9903054, 9.58977e-09, -1.65529e-08, 1.91068e-08, -59.538, 117.3
1700016288.1561913, -1.49885e-09, -8.69119e-09, 9.13502e-09, -99.708, 117.3
1700016289.3229055, -2.67757e-09, -7.18867e-09, 7.43242e-09, -108.45, 117.3
1700016290.5056512, 3.2742e-11, -1.70804e-08, 1.71677e-08, -92.322, 117.3
1700016291.6695104, -1.59417e-08, 5.22053e-09, 1.63528e-08, 158.31, 117.3
1700016292.855333, 1.06775e-08, 4.98407e-10, 1.05975e-08, 2.916, 117.3
1700016294.027919, 3.4561e-10, -6.41379e-09, 6.58113e-09, -80.688, 117.3
1700016295.198051, 1.29804e-08, -1.2733e-08, 1.81464e-08, -43.926, 117.3
1700016296.3644614, 6.7121e-09, -3.9436e-09, 7.41787e-09, -29.694, 117.3
1700016297.5216932, 1.08849e-08, -1.18198e-08, 1.5738e-08, -51.096, 117.3
1700016298.7040381, 9.53884e-09, -9.15321e-09, 1.33405e-08, -40.908, 117.3
1700016299.8704672, -2.24465e-09, -3.64527e-09, 4.17643e-09, -120.828, 117.3
1700016301.0473912, -3.63436e-09, 1.38826e-08, 1.4672e-08, 105.75, 117.3
1700016302.2181723, 8.22187e-10, 1.35843e-08, 1.37116e-08, 79.722, 117.3
1700016303.3998795, -2.90312e-09, 2.48112e-09, 3.6962e-09, 148.194, 117.3
1700016304.5605643, 9.38606e-10, 4.14369e-09, 4.08548e-09, 79.002, 117.3
1700016305.7299016, -2.13551e-09, 2.46292e-08, 2.47493e-08, 97.314, 117.3
1700016306.886081, -1.73896e-09, 7.30509e-09, 7.23233e-09, 96.666, 117.3
1700016308.061969, 5.96268e-09, 6.01725e-09, 8.70938e-09, 43.314, 117.3
1700016309.2255418, 3.49975e-09, 7.27599e-09, 8.2328e-09, 66.522, 117.3
1700016310.3918738, 4.91131e-10, 1.58617e-08, 1.59527e-08, 89.478, 117.3
1700016311.561924, 5.56614e-10, 7.01041e-09, 6.91946e-09, 83.79, 117.3
1700016312.7341003, -8.22553e-09, -4.66028e-09, 8.79305e-09, -144.216, 117.3
1700016313.891955, 3.00135e-09, 1.70986e-09, 3.21963e-09, 36.192, 117.3
1700016315.068079, 7.65073e-09, 1.19763e-08, 1.35079e-08, 61.92, 117.3
1700016316.2416368, -8.12003e-09, 4.97678e-09, 1.01464e-08, 153.384, 117.3
1700016317.411872, -2.0522e-08, 1.14597e-09, 2.03291e-08, 177.954, 117.3
1700016318.5853162, -1.58908e-08, 6.23552e-09, 1.7255e-08, 155.046, 117.3
1700016319.7603636, -2.15006e-09, 1.38244e-08, 1.37043e-08, 98.124, 117.3
1700016320.9269583, 1.07612e-08, 1.45411e-08, 1.86375e-08, 52.38, 117.3
1700016322.09041, 2.03692e-08, 1.07503e-08, 2.31558e-08, 27.72, 117.3
1700016323.2556255, -2.16461e-09, -1.98999e-09, 3.31785e-09, -138.174, 117.3
1700016324.425958, -5.43153e-09, 3.33604e-09, 6.82124e-09, 145.362, 117.3
1700016325.6085677, -8.60024e-09, 4.12186e-09, 9.66617e-09, 149.994, 117.3
1700016326.7758648, -5.83898e-09, -7.34875e-09, 9.66617e-09, -125.97, 117.3
1700016327.945177, -8.24008e-09, 2.52477e-09, 8.48746e-09, 167.808, 117.3
1700016329.1245575, 6.09364e-09, -1.27948e-08, 1.40863e-08, -65.046, 117.3
1700016330.2877004, 2.77215e-09, -9.43334e-09, 9.88081e-09, -67.182, 117.3
1700016331.457065, -1.83355e-09, -1.00809e-08, 1.02009e-08, -98.286, 117.3
1700016332.6313272, -6.43925e-09, 2.20026e-08, 2.37561e-08, 110.412, 117.3
1700016333.8076646, -9.41151e-09, 3.72532e-09, 9.57158e-09, 168.732, 117.3
1700016334.9736936, -2.73905e-08, 2.96133e-09, 2.77179e-08, 172.632, 117.3
1700016336.1434348, -3.48775e-08, 6.17368e-09, 3.5627e-08, 172.644, 117.3
1700016337.310421, -2.68848e-09, 1.68803e-09, 2.33196e-09, 122.064, 117.3
1700016338.4769106, -6.07545e-09, 1.46975e-08, 1.56252e-08, 110.208, 117.3
1700016339.6471157, -3.93996e-09, 4.28557e-09, 5.63162e-09, 129.924, 117.3
1700016340.809951, -8.62934e-09, 2.76852e-09, 9.82624e-09, 165.618, 117.3
1700016341.9853244, -2.1526e-08, -8.7494e-09, 2.36652e-08, -156.054, 117.3
1700016343.1625862, -1.01464e-08, -1.86957e-08, 2.00563e-08, -118.92, 117.3
1700016344.3282633, 1.3075e-08, 2.29558e-08, 2.57534e-08, 60.618, 117.3
1700016345.5018954, 1.35879e-08, -2.61936e-08, 2.91658e-08, -64.74, 117.3
1700016346.6780128, -1.41154e-09, -2.12096e-09, 2.20827e-09, -125.28, 117.3
1700016347.844394, 7.81807e-09, 3.65982e-09, 9.4297e-09, 26.016, 117.3
1700016349.011466, 6.54111e-09, 1.09213e-08, 1.25293e-08, 61.428, 117.3
1700016350.1847005, 3.49611e-09, -1.222e-08, 1.26275e-08, -75.366, 117.3
1700016351.3604882, 3.06319e-09, 7.28326e-09, 7.90175e-09, 66.984, 117.3
1700016352.5233662, 1.47703e-09, 3.3324e-09, 3.73259e-09, 63.858, 117.3
1700016353.6973095, 8.39287e-09, -1.45592e-08, 1.64947e-08, -58.914, 117.3
1700016354.863126, 3.34332e-09, 8.48746e-09, 9.05862e-09, 74.394, 117.3
1700016356.0362208, -1.17871e-09, -1.27766e-08, 1.28567e-08, -96.174, 117.3
1700016357.203052, 6.07909e-09, 5.90447e-09, 8.62207e-09, 42.57, 117.3
1700016358.3690157, 9.78622e-09, 1.04047e-09, 9.20051e-09, 7.782, 117.3
1700016359.5380235, -1.61164e-08, 2.20463e-09, 1.61127e-08, 174.102, 117.3
1700016360.6990473, -5.96632e-10, 2.0773e-09, 1.90268e-09, 101.424, 117.3
1700016361.871843, 2.52113e-09, -1.01973e-08, 1.0703e-08, -68.046, 117.3
1700016363.0420742, -1.91723e-09, 8.91674e-09, 8.9895e-09, 103.638, 117.3
1700016364.2081935, 3.64163e-09, 3.20871e-09, 4.24191e-09, 47.856, 117.3
1700016365.3803234, 3.73259e-09, 8.94948e-09, 1.01864e-08, 59.73, 117.3
1700016366.5439506, 5.8499e-09, -8.01089e-09, 9.44061e-09, -56.058, 117.3
1700016367.7079005, 2.14642e-09, 5.14049e-09, 5.78805e-09, 62.148, 117.3
1700016368.8735247, 7.33783e-09, -4.11094e-09, 8.82579e-09, -24.954, 117.3
1700016370.0471141, 4.50748e-09, -1.07066e-08, 1.20563e-08, -65.13, 117.3
1700016371.2164662, 7.05771e-09, -1.16416e-09, 7.78897e-09, -10.728, 117.3
1700016372.3835647, 1.72732e-08, -1.90704e-08, 2.56952e-08, -47.61, 117.3
1700016373.546896, -1.0914e-09, 1.6662e-09, 2.37561e-09, 122.472, 117.3
1700016374.7291825, 1.51341e-09, 7.38149e-09, 8.1746e-09, 88.638, 117.3
1700016375.895958, -4.72212e-09, 4.11021e-08, 4.04655e-08, 95.802, 117.3
1700016377.068992, 8.06909e-09, 6.11547e-09, 9.8517e-09, 36.348, 117.3
1700016378.2356935, 1.22564e-08, -3.60889e-09, 1.25729e-08, -20.652, 117.3
1700016379.4115572, 2.44837e-09, -1.03065e-08, 1.04556e-08, -71.982, 117.3
1700016380.582128, 1.66402e-08, -4.16551e-09, 1.73387e-08, -13.746, 117.3
1700016381.7547567, 3.4852e-09, -1.79353e-09, 3.56887e-09, -26.442, 117.3
1700016382.9215586, 1.8059e-08, -1.65165e-09, 1.79972e-08, -4.836, 117.2
1700016384.0940723, -7.78531e-10, -2.74305e-09, 3.12504e-09, -95.934, 117.2
1700016385.2708142, -7.26143e-09, -5.46791e-09, 9.26963e-09, -140.13, 117.2
1700016386.4369266, 1.09576e-08, -1.89613e-08, 2.18389e-08, -59.802, 117.2
1700016387.60111, -2.25556e-09, -1.88194e-08, 1.85574e-08, -97.14, 117.2
1700016388.766929, 2.6812e-09, 3.67801e-09, 4.57297e-09, 45.924, 117.2
1700016389.9369876, -7.67983e-09, -1.40645e-08, 1.60254e-08, -121.368, 117.2
1700016391.1043274, -7.0759e-09, -8.40015e-09, 1.09795e-08, -125.442, 117.2
1700016392.2699533, 3.15414e-09, 1.11577e-08, 1.1889e-08, 73.182, 117.2
1700016393.4354534, 1.31004e-08, 1.27512e-08, 1.79826e-08, 44.22, 117.2
1700016394.5990577, -1.16925e-08, -4.67119e-09, 1.30568e-08, -155.196, 117.2
1700016395.7889464, -9.82261e-10, -1.18017e-08, 1.16998e-08, -98.154, 117.2
1700016396.9579601, 6.47564e-10, -1.07685e-08, 1.09722e-08, -83.346, 117.2
1700016398.134604, -1.41154e-08, -8.62934e-09, 1.72296e-08, -149.796, 117.2
1700016399.2943783, -1.8492e-08, -6.73029e-09, 1.98417e-08, -161.418, 117.2
1700016400.4647532, -6.58113e-09, 8.0509e-09, 1.01318e-08, 128.166, 117.2
1700016401.6247263, -9.01497e-09, -2.56479e-09, 9.09137e-09, -166.572, 117.2
1700016402.8002737, 6.07909e-09, -1.10595e-09, 5.63526e-09, -9.558, 117.2
1700016403.967524, 1.77971e-08, -6.16276e-09, 1.93105e-08, -14.826, 117.2
1700016405.136982, 1.29003e-08, 2.73577e-09, 1.32496e-08, 10.782, 117.2
1700016406.315982, 2.44474e-09, -4.45291e-09, 5.21325e-09, -68.076, 117.2
1700016407.4843283, -2.25701e-08, -3.26328e-09, 2.31886e-08, -173.034, 117.2
1700016408.659881, -7.57433e-09, 7.45791e-09, 1.03901e-08, 131.352, 117.2
1700016409.8258183, 5.23873e-10, 1.4552e-10, 2.65574e-10, -92.46, 117.2
1700016410.9957154, 7.94176e-09, -1.08667e-08, 1.31877e-08, -51.186, 117.2
1700016412.1652765, 3.33604e-09, 3.53977e-09, 5.34422e-09, 46.908, 117.2
1700016413.3283176, 1.72114e-08, -3.39425e-09, 1.70986e-08, -11.394, 117.2
1700016414.491329, 1.53124e-08, 1.40208e-08, 2.18425e-08, 39.012, 117.2
1700016415.6651134, 1.48357e-08, 1.07685e-09, 1.40899e-08, 5.37, 117.2
1700016416.8299215, -7.16321e-09, 7.02133e-09, 1.03137e-08, 141.156, 117.2
1700016417.997618, -8.87673e-09, 4.02727e-09, 9.4588e-09, 152.07, 117.2
1700016419.163834, -9.09864e-09, 1.64511e-08, 1.89322e-08, 119.592, 117.2
1700016420.3399491, 2.54296e-09, 2.86492e-08, 2.90203e-08, 79.686, 117.2
1700016421.4983168, 2.52113e-09, -6.71938e-09, 7.41787e-09, -69.096, 117.2
1700016422.6633387, -5.57341e-09, 6.04999e-09, 7.93085e-09, 135.036, 117.2
1700016423.8398833, 4.03817e-10, 5.09321e-10, 1.2442e-09, 50.076, 117.2
1700016425.0154133, 7.56705e-09, 7.42151e-10, 8.24008e-09, 4.71, 117.2
1700016426.189202, -9.04771e-09, -9.0368e-09, 1.29476e-08, -137.784, 117.2
1700016427.3554688, -1.90304e-08, -1.90632e-09, 1.92414e-08, -175.926, 117.2
1700016428.522536, -1.14233e-08, 8.25099e-09, 1.37262e-08, 141.0, 117.2
1700016429.6862488, 6.01725e-09, -3.07047e-09, 7.00678e-09, -24.336, 117.2
1700016430.857758, 6.90491e-09, -9.27688e-10, 6.32647e-09, -15.936, 117.2
1700016432.0343504, -6.0318e-09, -3.85992e-09, 7.40695e-09, -151.182, 117.2
1700016433.2044587, 1.90632e-09, -4.14732e-09, 4.96223e-09, -54.63, 117.2
1700016434.374097, -4.43835e-10, -1.68439e-09, 1.86994e-09, -103.986, 117.2
1700016435.5371494, -1.18999e-08, -4.22008e-09, 1.23947e-08, -157.422, 117.2
1700016436.7042966, 1.11723e-08, 4.32921e-10, 1.13469e-08, 0.468, 117.2
1700016437.877187, -1.06921e-08, -7.12683e-09, 1.19654e-08, -147.168, 117.2
1700016439.0504053, -1.5316e-09, -1.23692e-09, 2.6521e-09, -140.016, 117.2
1700016440.2103314, -3.44518e-09, 3.73987e-09, 5.30056e-09, 137.928, 117.2
1700016441.3731976, -1.92814e-09, -3.2742e-10, 2.33923e-09, -175.062, 117.2
1700016442.5593128, 5.04591e-09, 1.40754e-08, 1.48321e-08, 67.458, 117.2
1700016443.7362094, -9.04771e-09, 5.20961e-09, 1.08303e-08, 154.848, 117.2
1700016444.9123611, 1.58726e-08, 3.7617e-09, 1.69895e-08, 14.412, 117.2
1700016446.0818102, 4.14731e-10, -7.22869e-09, 7.10136e-09, -77.862, 117.2
1700016447.2520616, 5.49338e-09, -2.13732e-08, 2.26102e-08, -76.434, 117.2
1700016448.4181602, 7.53431e-09, -5.53339e-09, 9.02952e-09, -35.268, 117.2
1700016449.5814626, -4.30012e-09, -2.11622e-08, 2.21409e-08, -98.178, 117.2
1700016450.7681623, -7.23961e-10, -1.47812e-08, 1.48903e-08, -95.058, 117.2
1700016451.9318643, 2.04092e-08, 1.93906e-09, 2.11295e-08, 5.376, 117.2
1700016453.100585, -3.43063e-09, -1.43337e-09, 3.90358e-09, -158.466, 117.2
1700016454.2637153, -7.80352e-09, -2.28684e-08, 2.3938e-08, -111.504, 117.2
1700016455.4499784, -2.05656e-08, -2.07002e-09, 2.00345e-08, 179.784, 117.2
1700016456.6171174, -1.0663e-08, -8.76395e-09, 1.41627e-08, -142.128, 117.2
1700016457.7834835, 1.25984e-08, -1.4843e-08, 2.07693e-08, -48.432, 117.2
1700016458.949271, 1.24092e-08, -5.12594e-09, 1.41627e-08, -18.816, 117.2
1700016460.115937, -7.13774e-09, -2.3938e-09, 7.24688e-09, -162.018, 117.2
1700016461.2821915, -3.00645e-08, 7.44697e-09, 3.10868e-08, 167.286, 117.2
1700016462.4521494, -3.77297e-08, -5.70074e-09, 3.73877e-08, -173.634, 117.2
1700016463.6254513, -5.44972e-09, 7.22869e-09, 8.53839e-09, 119.472, 117.2
1700016464.7951205, -2.7496e-08, 2.83036e-09, 2.64882e-08, 173.13, 117.2
1700016465.9646602, 5.83171e-09, 5.58433e-09, 8.673e-09, 37.632, 117.2
1700016467.1219625, 5.99906e-09, -6.10456e-09, 8.73484e-09, -46.518, 117.2
1700016468.3046477, 1.5316e-08, 6.38104e-09, 1.6029e-08, 24.306, 117.2
1700016469.473954, 9.4952e-10, 1.18453e-08, 1.22528e-08, 91.368, 117.2
1700016470.6403165, -5.57341e-09, 6.36285e-09, 8.11639e-09, 127.98, 117.2
1700016471.8144248, -2.78307e-09, -8.66572e-09, 9.10592e-09, -109.494, 117.2
1700016472.9830797, -8.79669e-09, 1.92814e-10, 8.673e-09, -177.648, 117.2
1700016474.1564128, -2.35015e-09, -1.28348e-08, 1.24128e-08, -97.308, 117.2
1700016475.3196402, -1.42609e-09, -6.44653e-09, 6.46472e-09, -107.004, 117.2
1700016476.4865415, -6.62116e-10, -6.88672e-09, 6.91583e-09, -85.32, 117.2
1700016477.6440954, 9.01861e-09, 1.94633e-09, 9.24416e-09, 9.06, 117.2
1700016478.8159883, 4.09639e-09, 5.04954e-09, 6.47927e-09, 53.148, 117.2
1700016479.983078, -1.20454e-08, 1.16634e-08, 1.7055e-08, 135.858, 117.2
1700016481.1547933, -1.09213e-08, 1.29294e-08, 1.7004e-08, 134.016, 117.2
1700016482.3319867, -3.47792e-09, 1.17871e-09, 3.93632e-09, 153.474, 117.2
1700016483.5121047, -1.37698e-08, -6.54475e-09, 1.52651e-08, -154.062, 117.2
1700016484.6880972, -3.67293e-08, -3.71439e-09, 3.76242e-08, -175.026, 117.2
1700016485.8576791, -1.28858e-08, -3.71439e-09, 1.43228e-08, -164.13, 117.2
1700016487.027894, -1.00736e-08, -2.16752e-08, 2.39889e-08, -114.684, 117.2
1700016488.1981425, 1.18599e-09, -1.05356e-08, 1.08594e-08, -84.264, 117.2
1700016489.373564, -6.43925e-09, 4.30012e-09, 6.96312e-09, 145.194, 117.2
1700016490.5570695, 8.7021e-09, -1.11759e-08, 1.41773e-08, -55.326, 117.2
1700016491.726413, -2.66228e-08, -1.48976e-08, 3.02718e-08, -149.55, 117.2
1700016492.889185, -4.2601e-09, 7.85082e-09, 8.98586e-09, 115.542, 117.2
1700016494.066403, 9.64071e-10, -3.01226e-09, 3.1978e-09, -70.59, 117.2
1700016495.2247057, -2.01182e-09, 7.22505e-09, 7.57069e-09, 102.162, 117.2
1700016496.3992999, 6.09e-09, 6.04999e-09, 8.32011e-09, 49.116, 117.2
1700016497.565768, 1.96452e-10, 1.04192e-08, 1.05102e-08, 89.964, 117.2
1700016498.741849, -7.78169e-09, -4.42381e-09, 8.34558e-09, -153.114, 117.2
1700016499.913121, -3.25964e-09, -5.56977e-09, 7.16685e-09, -133.518, 117.2
1700016501.0783436, 1.65711e-08, 5.17687e-09, 1.76188e-08, 12.45, 117.2
1700016502.2482684, 1.22964e-09, -1.31732e-08, 1.37807e-08, -90.828, 117.2
1700016503.4172122, 3.18688e-09, -3.27056e-09, 4.3074e-09, -44.706, 117.2
1700016504.577077, -2.70667e-09, 2.65574e-09, 4.11094e-09, 135.912, 117.2
1700016505.7411222, 2.57207e-09, -1.14088e-08, 1.18089e-08, -77.724, 117.2
1700016506.9118767, 7.05771e-09, 2.94678e-09, 7.4397e-09, 25.416, 117.2
1700016508.086508, 1.66184e-08, 1.14815e-08, 2.00381e-08, 36.39, 117.2
1700016509.2561712, -9.61523e-09, -6.48291e-09, 1.21473e-08, -142.974, 117.1
1700016510.4290476, -1.17871e-09, -1.07066e-08, 1.02446e-08, -101.616, 117.1
1700016511.588935, 9.02588e-09, 9.70255e-09, 1.29767e-08, 41.952, 117.2
1700016512.7527168, -1.11687e-09, 3.77625e-09, 3.77261e-09, 103.5, 117.2
1700016513.9294186, -5.28601e-09, 3.57251e-09, 6.30465e-09, 142.986, 117.1
1700016515.1017323, 1.23219e-08, 1.25875e-09, 1.29949e-08, 1.566, 117.2
1700016516.2780716, -3.15778e-09, -2.09149e-08, 2.17298e-08, -99.948, 117.2
1700016517.4452214, -1.15033e-08, -4.09275e-09, 1.21291e-08, -165.576, 117.1
1700016518.6146684, -1.91977e-08, 1.807e-08, 2.61281e-08, 137.688, 117.1
1700016519.78463, -1.00882e-08, 9.96812e-09, 1.43264e-08, 139.002, 117.1
1700016520.957834, -1.06375e-08, -2.87402e-09, 1.02519e-08, -166.368, 117.1
1700016522.143633, -1.18999e-08, 2.16461e-09, 1.18599e-08, 169.518, 117.2
1700016523.3170998, -3.03045e-09, -4.40198e-09, 5.86445e-09, -127.758, 117.2
1700016524.4869668, 2.91041e-11, -6.50837e-09, 6.23916e-09, -77.622, 117.2
1700016525.6499767, -1.01828e-08, -2.09221e-08, 2.3305e-08, -117.204, 117.2
1700016526.8265877, 7.19959e-09, 7.16321e-09, 1.00409e-08, 38.34, 117.2
1700016527.9821768, -6.58113e-09, 2.58298e-09, 7.66528e-09, 160.686, 117.1
1700016529.161464, 6.65025e-09, -1.49886e-08, 1.65747e-08, -63.81, 117.1
1700016530.3323689, 1.23583e-08, -1.00409e-09, 1.19799e-08, -4.854, 117.1
1700016531.502209, 1.10559e-08, -2.08748e-08, 2.34905e-08, -62.94, 117.1
1700016532.6788163, 8.87309e-09, -1.15543e-08, 1.4341e-08, -60.078, 117.1
1700016533.848916, 1.57453e-08, -4.30376e-09, 1.71968e-08, -10.56, 117.1
1700016535.0150573, 5.22053e-09, -2.0009e-09, 5.44972e-09, -22.116, 117.1
1700016536.191689, -8.13822e-09, 1.35515e-08, 1.59126e-08, 121.464, 117.1
1700016537.3577304, -2.46293e-09, -3.35059e-09, 4.44564e-09, -124.104, 117.1
1700016538.5137763, -1.02592e-08, 1.5276e-08, 1.81609e-08, 124.26, 117.1
1700016539.6901596, 1.6411e-08, -3.74715e-09, 1.68476e-08, -18.648, 117.1
1700016540.8670666, 5.25327e-09, -2.75396e-09, 5.76622e-09, -24.108, 117.1
1700016542.0304408, 2.05183e-09, 1.95361e-09, 2.43746e-09, 63.948, 117.1
1700016543.1962233, -4.09275e-09, 1.62982e-09, 3.38333e-09, 149.934, 117.1
1700016544.3723881, 1.93396e-08, 3.5143e-09, 1.92632e-08, 9.438, 117.1
1700016545.5358505, 9.52065e-09, 4.1837e-09, 9.88808e-09, 27.27, 117.1
1700016546.7160196, -1.92814e-10, -6.48654e-09, 6.77031e-09, -93.528, 117.1
1700016547.8793476, 4.86401e-09, -7.13047e-09, 9.10228e-09, -53.586, 117.1
1700016549.052538, 1.60836e-08, -1.61891e-08, 2.3436e-08, -43.494, 117.1
1700016550.2280283, 3.63436e-09, -9.1714e-09, 9.49518e-09, -77.028, 117.1
1700016551.398779, -3.84901e-09, -1.67239e-08, 1.71532e-08, -98.904, 117.1
1700016552.5814893, 4.20553e-09, -7.58524e-09, 8.46563e-09, -55.938, 117.1
1700016553.7445986, 9.68072e-09, -7.27599e-10, 9.38968e-09, 1.806, 117.1
1700016554.9138775, -3.8381e-09, 1.16598e-08, 1.26166e-08, 112.206, 117.1
1700016556.0701754, -6.15549e-09, 9.05499e-09, 1.04665e-08, 123.786, 117.1
1700016557.251386, 2.52513e-08, 1.21327e-08, 2.90457e-08, 24.084, 117.1
1700016558.4171934, -1.04775e-09, 1.08449e-08, 1.0743e-08, 98.244, 117.1
1700016559.596517, 6.15185e-09, 2.11986e-08, 2.24901e-08, 75.66, 117.1
1700016560.76278, -4.71849e-09, 1.27184e-08, 1.3406e-08, 113.544, 117.1
1700016561.9393563, -6.54475e-09, 1.58362e-08, 1.67748e-08, 112.236, 117.1
1700016563.1094694, -1.96088e-09, 2.99407e-09, 3.58706e-09, 114.246, 117.1
1700016564.2785354, 4.98407e-10, 2.00818e-09, 2.0009e-09, 75.336, 117.1
1700016565.4451518, 3.00135e-09, -1.49631e-08, 1.53196e-08, -71.958, 117.1
1700016566.6116292, 1.66693e-08, -4.02e-09, 1.71459e-08, -14.244, 117.1
1700016567.7756276, 2.33996e-08, 1.08158e-08, 2.50221e-08, 24.666, 117.1
1700016568.961705, 4.03817e-10, -6.11547e-09, 5.76622e-09, -84.864, 117.1
1700016570.1243231, -7.41423e-09, 6.9122e-11, 7.78533e-09, 162.138, 117.1
1700016571.3115404, -9.65161e-09, 1.67275e-08, 1.99108e-08, 118.392, 117.1
1700016572.4780354, -4.73668e-09, 1.01136e-08, 1.08412e-08, 108.714, 117.1
1700016573.643637, 4.18007e-09, 1.7859e-08, 1.83501e-08, 80.946, 117.1
1700016574.8138783, -3.77625e-09, -9.16774e-10, 3.91813e-09, -156.936, 117.1
1700016575.979931, -3.8963e-09, 2.08021e-08, 2.11695e-08, 101.826, 117.1
1700016577.1563337, -2.83764e-09, 1.21036e-08, 1.31623e-08, 105.486, 117.1
1700016578.3324196, -1.25584e-08, 2.18498e-08, 2.50258e-08, 120.63, 117.1
1700016579.4917805, 1.37371e-08, 3.2742e-09, 1.35333e-08, 9.414, 117.1
1700016580.6762335, -8.73848e-09, -5.32603e-09, 1.05284e-08, -147.126, 117.1
1700016581.8488367, 2.37561e-09, -6.5302e-09, 7.75987e-09, -66.114, 117.1
1700016583.025149, -6.83944e-10, 7.44697e-09, 6.94129e-09, 72.846, 117.1
1700016584.1889064, 4.28884e-08, -4.46019e-09, 4.247e-08, -5.19, 117.1
1700016585.3657262, -3.09593e-09, 3.08139e-08, 3.03919e-08, 96.978, 117.1
1700016586.537956, 1.05138e-09, -3.49247e-09, 4.05274e-09, -67.698, 117.1
1700016587.7212853, 1.24165e-08, -7.47974e-09, 1.48066e-08, -28.752, 117.1
1700016588.8819494, 8.42925e-09, 3.47792e-09, 8.39651e-09, 32.322, 117.1
1700016590.0575142, -3.12868e-09, -2.33705e-08, 2.38944e-08, -94.29, 117.1
1700016591.2336583, 1.45265e-08, -2.58298e-09, 1.53342e-08, -6.93, 117.1
1700016592.4099078, 3.13887e-08, -9.58977e-09, 3.32514e-08, -15.72, 117.1
1700016593.5774114, 2.01982e-08, 1.17689e-08, 2.30795e-08, 27.618, 117.1
1700016594.763109, -7.49427e-10, -6.0318e-09, 6.14821e-09, -100.554, 117.1
1700016595.94168, -4.71121e-09, -1.11832e-08, 1.13724e-08, -107.28, 117.1
1700016597.1195004, 1.07612e-08, 2.72486e-09, 1.21182e-08, 8.058, 117.1
1700016598.2896588, 1.22782e-08, 1.00336e-08, 1.51596e-08, 42.888, 117.1
1700016599.469308, 2.10385e-08, 1.819e-09, 1.94742e-08, 9.984, 117.1
1700016600.6380274, -9.09499e-11, -2.67029e-09, 2.92131e-09, -100.758, 117.1
1700016601.8118975, -1.74624e-09, -2.4571e-08, 2.46583e-08, -96.534, 117.1
1700016602.9853168, 1.44683e-08, -2.44328e-08, 2.85728e-08, -61.872, 117.1
1700016604.1617637, -4.2601e-09, -2.24355e-08, 2.26174e-08, -102.84, 117.1
1700016605.3381028, 7.03952e-09, -3.6671e-09, 7.98542e-09, -24.918, 117.1
1700016606.502309, 2.11695e-08, 5.60252e-09, 2.33923e-08, 15.33, 117.1
1700016607.6837742, 2.21518e-08, -6.08273e-09, 2.1657e-08, -18.3, 117.1
1700016608.860207, 9.7462e-09, 7.64709e-09, 1.20854e-08, 39.09, 117.1
1700016610.0272934, 2.18607e-08, 1.42173e-08, 2.60953e-08, 34.098, 117.1
1700016611.2041087, -1.03792e-08, -1.81063e-08, 2.2039e-08, -120.456, 117.1
1700016612.373862, 1.94888e-08, -1.40208e-08, 2.3054e-08, -34.86, 117.1
1700016613.5434546, 9.61523e-09, 2.2421e-08, 2.42218e-08, 69.864, 117.1
1700016614.7320955, -1.02919e-08, -3.1214e-09, 1.02337e-08, -161.952, 117.1
1700016615.902054, -1.97325e-08, 8.63298e-09, 2.13805e-08, 154.41, 117.1
1700016617.0678997, -1.06193e-08, 2.25592e-08, 2.40144e-08, 112.422, 117.1
1700016618.2258124, 7.68711e-09, -9.899e-09, 1.28057e-08, -52.314, 117.1
1700016619.4149418, 1.30713e-08, -5.52612e-09, 1.26093e-08, -25.776, 117.1
1700016620.5919895, 4.75487e-09, -1.40608e-08, 1.44101e-08, -71.346, 117.1
1700016621.7716248, -1.59417e-08, -1.19836e-08, 1.91031e-08, -138.828, 117.1
1700016622.9422936, 1.03392e-08, 1.49595e-08, 1.76661e-08, 61.77, 117.1
1700016624.1243691, 1.22855e-08, -9.59341e-09, 1.6793e-08, -35.928, 117.1
1700016625.290329, 2.61317e-08, 5.9263e-09, 2.74414e-08, 15.996, 117.1
1700016626.457419, 1.13069e-08, -7.32692e-09, 1.41081e-08, -34.62, 117.1
1700016627.6229866, 6.35194e-09, -1.20927e-08, 1.31514e-08, -59.472, 117.1
1700016628.8100855, 1.89176e-08, -1.36643e-08, 2.26393e-08, -40.332, 117.1
1700016629.9869168, 2.43818e-08, 2.21081e-08, 3.2753e-08, 43.746, 117.1
1700016631.1631923, 1.50286e-08, 6.2137e-09, 1.5567e-08, 21.228, 117.1
1700016632.3324058, -7.79261e-09, -2.63391e-09, 7.30145e-09, -150.684, 117.1
1700016633.5051079, -6.20278e-09, -2.21227e-08, 2.25592e-08, -105.384, 117.1
1700016634.67189, 4.9877e-09, 2.58662e-09, 6.2428e-09, 30.594, 117.1
1700016635.8448825, 1.83501e-08, 7.08317e-09, 1.98635e-08, 16.296, 117.1
1700016637.0147288, 1.78553e-08, 1.09831e-08, 2.07802e-08, 35.646, 117.1
1700016638.1878185, -1.38789e-08, -9.2478e-09, 1.65747e-08, -143.496, 117.1
1700016639.351877, 3.05592e-09, -9.26599e-09, 9.70618e-09, -77.28, 117.1
1700016640.524193, 2.25556e-10, -1.62437e-08, 1.64765e-08, -83.832, 117.1
1700016641.703801, 7.04316e-09, -8.87673e-09, 1.12596e-08, -48.096, 117.1
1700016642.8676295, 7.64709e-09, 3.60162e-10, 7.45428e-09, 0.57, 117.1
1700016644.0299277, 5.99178e-09, -1.51996e-08, 1.61018e-08, -66.15, 117.1
1700016645.2031312, 7.14138e-09, -7.19959e-09, 1.01136e-08, -48.168, 117.0
1700016646.3866148, -1.61891e-09, 1.44319e-08, 1.46102e-08, 95.58, 117.0
1700016647.552936, -6.03544e-09, 3.638e-11, 5.88264e-09, -177.366, 117.0
1700016648.7295945, -1.31332e-08, -1.42682e-08, 1.97762e-08, -135.48, 117.0
1700016649.9021044, -1.56434e-09, 5.64253e-09, 5.76259e-09, 93.78, 117.0
1700016651.0720623, 3.17597e-09, -5.49338e-10, 2.20463e-09, 18.132, 117.0
1700016652.2356286, -6.46472e-09, -6.5302e-09, 9.05135e-09, -131.58, 117.0
1700016653.401995, -7.49429e-09, 4.0018e-11, 8.12366e-09, 176.16, 117.0
1700016654.57907, -2.21008e-08, 4.41653e-09, 2.15842e-08, 169.956, 117.0
1700016655.7544334, -1.16561e-08, -4.30012e-09, 1.15797e-08, -158.094, 117.0
1700016656.9279566, 8.07637e-09, -2.22536e-08, 2.41126e-08, -69.834, 117.0
1700016658.1075084, -7.30145e-09, 2.40836e-09, 8.15641e-09, 161.34, 117.0
1700016659.2671995, -4.10367e-09, -9.51337e-09, 1.0834e-08, -110.766, 117.0
1700016660.4570346, -6.02452e-09, -1.89831e-08, 1.95179e-08, -107.616, 117.1
1700016661.6239557, 8.69119e-09, -1.56689e-08, 1.85574e-08, -59.982, 117.1
1700016662.7997005, 1.10413e-08, -3.5907e-09, 1.08994e-08, -18.204, 117.1
1700016663.9665852, 2.29558e-09, -1.4552e-10, 1.08049e-09, 42.024, 117.1
1700016665.1391635, 7.105e-09, 1.28276e-08, 1.45229e-08, 62.514, 117.1
1700016666.3184834, -5.97723e-09, 5.62798e-09, 8.03271e-09, 140.304, 117.1
1700016667.495614, 1.23692e-08, -2.98679e-09, 1.23947e-08, -14.376, 117.1
1700016668.658447, 9.07681e-09, 6.07182e-09, 1.09176e-08, 41.106, 117.1
1700016669.8162577, 7.83263e-09, -1.95397e-08, 2.18025e-08, -65.106, 117.1
1700016670.9979036, -4.38743e-09, 1.01864e-10, 5.46063e-09, 172.368, 117.1
1700016672.1641972, -7.45789e-10, 1.78262e-08, 1.79099e-08, 88.368, 117.0
1700016673.331903, 1.44974e-08, 1.69167e-08, 2.1868e-08, 46.746, 117.0
1700016674.4971504, 1.77826e-08, 4.20189e-09, 1.90813e-08, 13.44, 117.1
1700016675.666996, 7.04679e-09, 4.63845e-09, 8.25099e-09, 34.296, 117.1
1700016676.8574665, 3.77989e-09, -1.37844e-08, 1.48721e-08, -72.876, 117.1
1700016678.0299265, 1.45338e-08, -9.26963e-09, 1.77462e-08, -28.398, 117.1
1700016679.1965024, -3.52158e-09, -2.94314e-09, 5.52976e-09, -146.802, 117.1
1700016680.3701537, -2.43018e-09, -4.00181e-09, 4.09275e-09, -132.9, 117.1
1700016681.541074, -7.30873e-09, 5.97359e-09, 9.23325e-09, 141.762, 117.1
1700016682.698751, -7.96721e-10, 2.47748e-09, 2.69939e-09, 88.674, 117.1
1700016683.8555894, 1.3235e-08, 1.48103e-08, 1.97762e-08, 51.216, 117.1
1700016685.0222254, 1.14488e-08, -3.04136e-09, 1.20163e-08, -18.462, 117.1
1700016686.192075, 3.7908e-09, 4.86401e-09, 6.64662e-09, 60.198, 117.0
1700016687.3620427, 3.90722e-09, -1.03065e-08, 1.14961e-08, -68.55, 117.0
1700016688.5318978, 7.37057e-09, -6.9122e-11, 7.5525e-09, 9.0, 117.1
1700016689.704334, 1.65529e-09, 1.20418e-08, 1.17798e-08, 87.048, 117.1
1700016690.8715823, 6.60296e-09, 6.80305e-09, 1.00954e-08, 38.67, 117.1
1700016692.0441694, -1.02373e-08, -9.39696e-09, 1.40172e-08, -137.16, 117.1
1700016693.2170253, -1.03246e-08, -8.58569e-09, 1.34206e-08, -145.146, 117.1
1700016694.3868399, 4.83855e-10, -8.58567e-10, 1.03319e-09, -110.646, 117.0
1700016695.553175, -2.20172e-08, -1.93905e-08, 2.96205e-08, -140.706, 117.0
1700016696.7270827, -2.6903e-08, 8.73119e-11, 2.59425e-08, -179.916, 117.0
1700016697.8991437, 4.58388e-09, 5.15141e-09, 7.33056e-09, 46.194, 117.0
1700016699.0773084, -1.48976e-08, 4.06365e-09, 1.51814e-08, 162.654, 117.0
1700016700.2423081, -2.01982e-08, 1.57817e-08, 2.59244e-08, 144.978, 117.0
1700016701.4146087, -1.29258e-08, -1.46684e-08, 1.90304e-08, -128.766, 117.0
1700016702.5851526, 1.73205e-08, 3.28875e-09, 1.83246e-08, 12.516, 117.0
1700016703.7582483, 6.83944e-10, -2.21154e-08, 2.28066e-08, -91.05, 117.0
1700016704.922061, -1.96961e-08, -8.34194e-09, 2.1748e-08, -156.51, 117.0
1700016706.1019316, -2.94314e-08, -3.63801e-12, 2.8762e-08, -178.83, 117.0
1700016707.2644813, -1.78662e-08, 5.51157e-09, 1.78626e-08, 159.12, 117.0
1700016708.442099, 1.02009e-08, -4.04546e-09, 1.11214e-08, -27.804, 117.0
1700016709.6140995, 1.32168e-08, 1.97434e-08, 2.41672e-08, 58.056, 117.0
1700016710.7829483, 7.06498e-09, 1.88412e-08, 2.03983e-08, 69.558, 117.0
1700016711.9498587, 1.4552e-08, 1.58835e-08, 2.19189e-08, 48.636, 117.0
1700016713.116845, -1.80845e-08, 4.1837e-09, 1.83828e-08, 165.228, 117.0
1700016714.2906265, 1.79463e-08, -3.93632e-09, 1.87684e-08, -15.186, 117.0
1700016715.4569676, 4.98407e-10, -1.38571e-08, 1.34096e-08, -79.248, 117.0
1700016716.632306, 5.72621e-09, 7.6289e-09, 1.00591e-08, 45.792, 117.0
1700016717.7896414, 6.46108e-09, -4.94769e-10, 7.57433e-09, -6.3, 117.0
1700016718.969186, 2.29194e-10, -3.34332e-09, 3.40516e-09, -50.814, 117.0
1700016720.1388566, 9.37149e-09, 4.98406e-09, 1.14742e-08, 23.46, 117.0
1700016721.3118157, 1.2904e-08, 4.22736e-09, 1.30531e-08, 18.066, 117.0
1700016722.481109, -7.64709e-09, 1.26966e-08, 1.51268e-08, 121.656, 117.0
1700016723.647423, 4.59116e-09, 2.35124e-08, 2.37306e-08, 74.256, 117.0
1700016724.8210745, 7.93449e-09, 2.24101e-09, 8.05818e-09, 6.546, 117.0
1700016725.9907854, 4.79125e-09, -9.2405e-10, 3.89994e-09, 6.402, 117.0
1700016727.1541994, -3.38333e-09, 4.38379e-09, 5.81352e-09, 134.364, 117.0
1700016728.3371484, 8.15641e-09, 3.1505e-09, 8.5966e-09, 25.404, 117.0
1700016729.507014, 6.21733e-09, 6.6357e-09, 9.28782e-09, 50.628, 117.0
1700016730.6836343, -1.58253e-08, -7.44333e-09, 1.63783e-08, -149.064, 117.0
1700016731.8501108, 7.24688e-09, -5.55886e-09, 8.96767e-09, -39.882, 117.0
1700016733.015923, 1.71532e-08, -1.01136e-08, 1.98489e-08, -30.468, 117.0
1700016734.1864226, 1.01864e-09, 4.46019e-09, 5.11139e-09, 90.294, 117.0
1700016735.3591478, 1.22528e-08, 3.04319e-08, 3.25711e-08, 65.838, 117.0
1700016736.5357518, 3.41972e-10, 1.26093e-08, 1.25729e-08, 88.386, 117.0
1700016737.7117443, -3.2742e-09, 1.61891e-09, 3.88175e-09, 144.252, 117.0
1700016738.8750927, 5.84262e-09, 1.89394e-08, 1.95397e-08, 71.532, 117.0
1700016740.045052, 4.62025e-10, -9.33875e-09, 9.10956e-09, -86.85, 117.0
1700016741.2113993, 1.60327e-08, -5.71529e-09, 1.72078e-08, -23.718, 117.0
1700016742.3816714, -1.50177e-08, -3.32513e-09, 1.58035e-08, -170.502, 117.0
1700016743.5510857, -8.20006e-09, -2.1828e-09, 7.55978e-09, -167.622, 117.0
1700016744.7169592, -9.01133e-09, 1.56216e-08, 1.83355e-08, 120.702, 117.0
1700016745.8911, 1.74479e-08, -5.38424e-09, 1.86411e-08, -16.566, 117.0
1700016747.0634868, -2.0009e-10, 1.30931e-08, 1.30677e-08, 90.09, 117.0
1700016748.2258902, -1.67348e-09, 2.43928e-08, 2.42327e-08, 96.168, 117.0
1700016749.4060588, -9.61523e-09, -7.71985e-09, 1.22782e-08, -141.684, 117.0
1700016750.5764132, -3.42335e-09, -4.97678e-09, 6.29009e-09, -127.656, 117.0
1700016751.7510853, -7.02133e-09, -3.56887e-09, 8.00725e-09, -148.458, 117.0
1700016752.9155228, 2.06639e-09, 6.82124e-09, 7.43606e-09, 79.506, 117.0
1700016754.084909, 2.5757e-09, -3.23782e-09, 4.73668e-09, -54.756, 117.0
1700016755.247777, 5.81716e-09, -1.17362e-08, 1.27293e-08, -74.364, 117.0
1700016756.4250326, -1.44246e-08, -2.21191e-09, 1.51741e-08, -175.932, 117.0
1700016757.6013865, -7.77442e-09, 2.47929e-08, 2.6139e-08, 106.758, 117.0
1700016758.7747984, 1.74697e-08, 2.54623e-08, 3.05411e-08, 56.892, 117.0
1700016759.9438708, 9.28782e-09, 1.86229e-08, 2.00999e-08, 65.904, 117.0
1700016761.1070495, -8.02908e-09, 4.29283e-10, 7.2105e-09, -177.558, 117.0
1700016762.2737017, 4.53295e-09, -2.04456e-09, 4.45655e-09, -16.986, 117.0
1700016763.466998, 3.42699e-09, 1.70513e-08, 1.74479e-08, 78.276, 117.0
1700016764.6370904, -6.88672e-09, 1.00627e-08, 1.21473e-08, 120.72, 117.0
1700016765.8136325, -4.64209e-09, -1.03319e-08, 1.15397e-08, -112.434, 117.0
1700016766.97988, 3.45973e-09, -9.17868e-09, 9.36058e-09, -70.398, 117.0
1700016768.1532922, -2.69212e-10, 1.50504e-08, 1.48758e-08, 90.27, 117.0
1700016769.3291616, 1.33151e-09, 1.62582e-08, 1.62692e-08, 85.62, 117.0
1700016770.5017297, 6.0027e-10, 3.00498e-09, 2.74305e-09, 80.148, 117.0
1700016771.6780145, 7.51976e-09, 3.93632e-09, 8.43289e-09, 28.134, 117.0
1700016772.854753, 1.02446e-08, -5.60615e-09, 1.05466e-08, -35.232, 117.0
1700016774.023969, -1.36534e-08, 2.5466e-09, 1.36861e-08, 171.156, 117.0
1700016775.2041502, -1.09213e-08, -4.20553e-09, 1.15288e-08, -159.876, 117.0
1700016776.3705308, -4.5184e-09, -1.01136e-08, 1.06812e-08, -111.672, 117.0
1700016777.5309951, 8.17096e-09, -5.8026e-09, 9.60068e-09, -37.602, 117.0
1700016778.690017, 4.40198e-09, -1.19217e-08, 1.32569e-08, -67.164, 117.0
1700016779.874063, 1.29585e-08, -1.90995e-09, 1.30058e-08, -9.354, 117.0
1700016781.0439086, 1.50795e-08, -2.30285e-09, 1.55852e-08, -9.174, 117.0
1700016782.2197216, 2.06566e-08, -2.0562e-08, 2.87147e-08, -45.468, 117.0
1700016783.3934877, -1.64437e-09, -1.03319e-08, 1.06593e-08, -107.652, 117.0
1700016784.56009, 1.80081e-09, -1.78625e-09, 3.02317e-09, -11.532, 117.0
1700016785.7459493, 4.7294e-09, -4.03817e-10, 4.49293e-09, -12.204, 117.0
1700016786.9219153, 6.6357e-09, -1.11577e-08, 1.23728e-08, -63.72, 117.0
1700016788.078761, 1.35734e-08, 5.71529e-09, 1.47193e-08, 22.08, 117.0
1700016789.2479417, -7.68711e-09, -4.51111e-10, 8.62207e-09, -173.772, 117.0
1700016790.432633, 4.73668e-09, 2.76488e-09, 6.34103e-09, 32.004, 117.0
1700016791.6280332, -5.8026e-09, 1.82737e-08, 1.91723e-08, 111.81, 117.0
1700016792.8049152, 2.73577e-09, -1.54979e-09, 2.54296e-09, -28.788, 117.0
1700016793.9847565, -1.48321e-08, 3.63072e-09, 1.49922e-08, 162.798, 117.0
1700016795.1577306, 7.05043e-09, 5.44972e-09, 8.55658e-09, 31.002, 117.0
1700016796.3271122, 5.85354e-09, -7.27599e-10, 5.96995e-09, 2.766, 117.0
1700016797.4965556, 9.89537e-10, 4.61299e-09, 4.59116e-09, 80.682, 117.0
1700016798.6729753, 1.25584e-08, 4.72212e-09, 1.32023e-08, 21.012, 117.0
1700016799.8394752, -4.69666e-09, -1.04156e-08, 1.18962e-08, -117.588, 117.0
1700016801.0125024, -2.11331e-08, -1.13833e-08, 2.44037e-08, -152.628, 117.0
1700016802.1790311, -1.26602e-09, -9.69527e-09, 9.72801e-09, -97.488, 117.0
1700016803.3494081, -1.72441e-09, -1.64874e-08, 1.67785e-08, -94.74, 117.0
1700016804.529245, -1.21182e-08, 3.15415e-08, 3.40444e-08, 110.094, 117.0
1700016805.6952932, 2.30649e-09, 1.03792e-08, 1.11468e-08, 65.844, 117.0
