t,i,x,y,r,theta,xK,tc, therm
1708975844.5403178, 3.2, -1.276568e-06, -3.811169e-08, 1.34978e-06, 180.9919, 0, 0, 0
1708975851.282367, -3.2, -1.349683e-06, -6.003663e-08, 1.371819e-06, 180.6761, 0, 0, 0
1708975857.4085503, 3.2, -1.437422e-06, 1.304649e-08, 1.386242e-06, 180.3689, 0, 0, 0
1708975863.4841633, -3.2, -1.364307e-06, -5.272832e-08, 1.38644e-06, 180.9814, 0, 0, 0
1708975869.5886679, 3.2, -1.444734e-06, -4.542001e-08, 1.357198e-06, 180.9866, 0, 0, 0
1708975875.7011735, -3.2, -1.320437e-06, 1.304649e-08, 1.364335e-06, 180.367, 0, 0, 0
1708975881.79662, 3.2, -1.400864e-06, -2.349507e-08, 1.371619e-06, 181.5748, 0, 0, 0
1708975887.8917499, -3.2, -1.349683e-06, 5.738173e-09, 1.357024e-06, 181.2934, 0, 0, 0
1708975894.0043104, 3.2, -1.444734e-06, -8.878449e-09, 1.320536e-06, 181.0082, 0, 0, 0
1708975900.116849, -3.2, -1.225387e-06, -3.080338e-08, 1.349888e-06, 180.6871, 0, 0, 0
1708975906.2185729, 3.2, -1.320437e-06, 3.497142e-08, 1.371647e-06, 180.6871, 0, 0, 0
1708975912.3464594, -3.2, -1.495915e-06, -1.618676e-08, 1.364335e-06, 180.3729, 0, 0, 0
1708975918.4435701, 3.2, -1.276568e-06, -3.080338e-08, 1.34978e-06, 180.3729, 0, 0, 0
1708975924.5619895, -3.2, -1.210763e-06, -1.570137e-09, 1.342384e-06, 180.0663, 0, 0, 0
1708975930.6738777, 3.2, -1.422799e-06, 5.738173e-09, 1.37163e-06, 180.0659, 0, 0, 0
1708975936.789193, -3.2, -1.276568e-06, 1.304649e-08, 1.386253e-06, 180.367, 0, 0, 0
1708975942.9088402, 3.2, -1.408176e-06, -5.272832e-08, 1.364335e-06, 180.0653, 0, 0, 0
1708975949.0303438, -3.2, -1.495915e-06, -1.570137e-09, 1.371819e-06, 180.3689, 0, 0, 0
1708975955.156097, 3.2, -1.24001e-06, -3.080338e-08, 1.357198e-06, 180.6909, 0, 0, 0
1708975961.2979705, -3.2, -1.47398e-06, -3.080338e-08, 1.393581e-06, 180.367, 0, 0, 0
1708975967.4329395, 3.2, -1.495915e-06, -2.349507e-08, 1.386242e-06, 180.3651, 0, 0, 0
1708975973.5557115, -3.2, -1.466669e-06, -8.878449e-09, 1.401062e-06, 180.3651, 0, 0, 0
1708975979.660992, 3.2, -1.444734e-06, -5.272832e-08, 1.371714e-06, 180.669, 0, 0, 0
1708975985.816603, -3.2, -1.33506e-06, -1.570137e-09, 1.34978e-06, 180.3769, 0, 0, 0
1708975991.9788432, 3.2, -1.634835e-06, 1.304649e-08, 1.393647e-06, 180.6726, 0, 0, 0
1708975998.1250157, -3.2, -1.364307e-06, 2.766311e-08, 1.38627e-06, 180.367, 0, 0, 0
1708976004.273136, 3.2, -1.532473e-06, -6.734494e-08, 1.423524e-06, 181.5423, 0, 0, 0
1708976010.4250607, -3.2, -1.6129e-06, -2.349507e-08, 1.452046e-06, 180.3539, 0, 0, 0
1708976016.5578675, 3.2, -1.305814e-06, 1.304649e-08, 1.408177e-06, 180.3631, 0, 0, 0
1708976022.7078319, -3.2, -1.561719e-06, -4.542001e-08, 1.430443e-06, 180.9461, 0, 0, 0
1708976028.8890722, 3.2, -1.481292e-06, -3.811169e-08, 1.364509e-06, 180.0656, 0, 0, 0
1708976035.0639236, -3.2, -1.364307e-06, -4.542001e-08, 1.371714e-06, 180.6761, 0, 0, 0
1708976041.2422073, 3.2, -1.452046e-06, 1.304649e-08, 1.38627e-06, 179.7628, 0, 0, 0
1708976047.422244, -3.2, -1.422799e-06, -1.570137e-09, 1.378931e-06, 180.3709, 0, 0, 0
1708976053.6229784, 3.2, -1.569031e-06, -3.080338e-08, 1.378931e-06, 180.3729, 0, 0, 0
1708976059.870223, -3.2, -1.415488e-06, -6.003663e-08, 1.401203e-06, 180.367, 0, 0, 0
1708976066.038989, 3.2, -1.386241e-06, -4.542001e-08, 1.408269e-06, 180.6586, 0, 0, 0
1708976072.219874, -3.2, -1.210763e-06, -8.878449e-09, 1.41558e-06, 180.3557, 0, 0, 0
1708976078.4261918, 3.2, -1.664082e-06, -3.080338e-08, 1.444825e-06, 180.6518, 0, 0, 0
1708976084.595085, -3.2, -1.452046e-06, 2.03548e-08, 1.430138e-06, 180.6452, 0, 0, 0
1708976090.786408, 3.2, -1.386241e-06, 5.738173e-09, 1.401062e-06, 180.9559, 0, 0, 0
1708976096.9619274, -3.2, -1.444734e-06, 4.227973e-08, 1.444735e-06, 180.0623, 0, 0, 0
1708976103.1536133, 3.2, -1.6129e-06, -3.811169e-08, 1.459447e-06, 180.3521, 0, 0, 0
1708976109.3498344, -3.2, -1.627523e-06, -8.878449e-09, 1.452136e-06, 180.3503, 0, 0, 0
1708976115.6251216, 3.2, -1.539785e-06, -8.878449e-09, 1.430304e-06, 180.6485, 0, 0, 0
1708976121.8634188, -3.2, -1.503227e-06, 2.03548e-08, 1.4228e-06, 180.6552, 0, 0, 0
1708976128.093056, 3.2, -1.232698e-06, -1.570137e-09, 1.41558e-06, 180.6586, 0, 0, 0
1708976134.3115299, -3.2, -1.503227e-06, 3.497142e-08, 1.430122e-06, 180.3575, 0, 0, 0
1708976140.5300572, 3.2, -1.422799e-06, -7.465325e-08, 1.42331e-06, 180.951, 0, 0, 0
1708976146.7357914, -3.2, -1.510538e-06, -1.570137e-09, 1.422827e-06, 180.0632, 0, 0, 0
1708976152.9842377, 3.2, -1.539785e-06, -1.618676e-08, 1.422827e-06, 180.3557, 0, 0, 0
1708976159.2002304, -3.2, -1.481292e-06, -5.272832e-08, 1.371819e-06, 180.0667, 0, 0, 0
1708976165.4062467, 3.2, -1.51785e-06, 5.738173e-09, 1.349684e-06, 180.6909, 0, 0, 0
1708976171.6276708, -3.2, -1.327749e-06, -3.811169e-08, 1.34978e-06, 180.3769, 0, 0, 0
1708976177.8772311, 3.2, -1.130336e-06, -8.878449e-09, 1.327778e-06, 180.381, 0, 0, 0
1708976184.075158, -3.2, -1.188829e-06, -3.080338e-08, 1.320536e-06, 180.379, 0, 0, 0
1708976190.2938015, 3.2, -1.386241e-06, -3.811169e-08, 1.33509e-06, 180.3853, 0, 0, 0
1708976196.5492957, -3.2, -1.437422e-06, 2.766311e-08, 1.335061e-06, 180.3831, 0, 0, 0
1708976202.795969, 3.2, -1.415488e-06, 2.03548e-08, 1.335061e-06, 179.7551, 0, 0, 0
1708976209.029381, -3.2, -1.583654e-06, -8.878449e-09, 1.364403e-06, 180.6871, 0, 0, 0
1708976215.2455523, 3.2, -1.349683e-06, -6.734494e-08, 1.342469e-06, 180.6909, 0, 0, 0
1708976221.4779317, -3.2, -1.452046e-06, -3.080338e-08, 1.349888e-06, 180.6871, 0, 0, 0
1708976227.731385, 3.2, -1.342372e-06, 4.958804e-08, 1.386253e-06, 180.9659, 0, 0, 0
1708976233.9819572, -3.2, -1.364307e-06, 2.766311e-08, 1.378931e-06, 180.669, 0, 0, 0
1708976240.237565, 3.2, -1.137647e-06, -1.618676e-08, 1.379025e-06, 180.669, 0, 0, 0
1708976246.496816, -3.2, -1.232698e-06, -1.570137e-09, 1.386242e-06, 180.367, 0, 0, 0
1708976252.7885017, 3.2, -1.33506e-06, -3.811169e-08, 1.386336e-06, 180.3651, 0, 0, 0
1708976259.06534, -3.2, -1.24001e-06, -2.349507e-08, 1.400958e-06, 180.3651, 0, 0, 0
1708976265.3697584, 3.2, -1.583654e-06, -6.003663e-08, 1.422993e-06, 181.2467, 0, 0, 0
1708976271.643037, -3.2, -1.283879e-06, -1.570137e-09, 1.408269e-06, 180.3613, 0, 0, 0
1708976277.9300582, 3.2, -1.554408e-06, -3.811169e-08, 1.408204e-06, 180.9609, 0, 0, 0
1708976284.2057486, -3.2, -1.525161e-06, -3.080338e-08, 1.408269e-06, 180.6586, 0, 0, 0
1708976290.501739, 3.2, -1.590966e-06, -3.811169e-08, 1.422993e-06, 180.6552, 0, 0, 0
1708976296.7933302, -3.2, -1.422799e-06, 5.738173e-09, 1.408188e-06, 180.0632, 0, 0, 0
1708976303.0788531, 3.2, -1.51785e-06, 2.766311e-08, 1.408204e-06, 180.3631, 0, 0, 0
1708976309.374037, -3.2, -1.320437e-06, -1.618676e-08, 1.393554e-06, 180.0636, 0, 0, 0
1708976315.6703732, 3.2, -1.37893e-06, -3.811169e-08, 1.401062e-06, 180.6655, 0, 0, 0
1708976321.9791381, -3.2, -1.247321e-06, 3.497142e-08, 1.400876e-06, 180.0642, 0, 0, 0
1708976328.274292, 3.2, -1.481292e-06, 5.738173e-09, 1.415499e-06, 180.3613, 0, 0, 0
1708976334.5858345, -3.2, -1.188829e-06, -1.618676e-08, 1.400958e-06, 180.6586, 0, 0, 0
1708976340.9061046, 3.2, -1.269256e-06, -1.618676e-08, 1.400865e-06, 180.9559, 0, 0, 0
1708976347.220362, -3.2, -1.247321e-06, -1.570137e-09, 1.400958e-06, 180.6586, 0, 0, 0
1708976353.5159395, 3.2, -1.210763e-06, -1.570137e-09, 1.38627e-06, 180.6655, 0, 0, 0
1708976359.8512025, -3.2, -1.298502e-06, -3.811169e-08, 1.393751e-06, 180.9609, 0, 0, 0
1708976366.1602058, 3.2, -1.364307e-06, -6.003663e-08, 1.393751e-06, 180.3631, 0, 0, 0
1708976372.4778314, -3.2, -1.627523e-06, -8.878449e-09, 1.430138e-06, 180.3613, 0, 0, 0
1708976378.7846758, 3.2, -1.269256e-06, -3.811169e-08, 1.408372e-06, 180.6586, 0, 0, 0
1708976385.1235893, -3.2, -1.371618e-06, -4.542001e-08, 1.401203e-06, 180.9559, 0, 0, 0
1708976391.4325752, 3.2, -1.269256e-06, -5.272832e-08, 1.386584e-06, 180.0646, 0, 0, 0
1708976397.7407796, -3.2, -1.422799e-06, 1.304649e-08, 1.408204e-06, 180.9609, 0, 0, 0
1708976404.0695827, 3.2, -1.583654e-06, -1.618676e-08, 1.400958e-06, 180.3651, 0, 0, 0
1708976410.4293387, -3.2, -1.305814e-06, -6.003663e-08, 1.38644e-06, 180.9659, 0, 0, 0
1708976416.8001406, 3.2, -1.51785e-06, -2.349507e-08, 1.393751e-06, 180.3651, 0, 0, 0
1708976423.1559258, -3.2, -1.444734e-06, -3.811169e-08, 1.393647e-06, 180.0646, 0, 0, 0
1708976429.4850664, 3.2, -1.408176e-06, 2.766311e-08, 1.393581e-06, 180.669, 0, 0, 0
1708976435.8456516, -3.2, -1.181517e-06, -4.542001e-08, 1.379025e-06, 180.367, 0, 0, 0
1708976442.1620288, 3.2, -1.408176e-06, -5.272832e-08, 1.37913e-06, 180.3689, 0, 0, 0
1708976448.5079901, -3.2, -1.452046e-06, -4.542001e-08, 1.393893e-06, 180.6726, 0, 0, 0
1708976454.8823395, 3.2, -1.342372e-06, -6.734494e-08, 1.371964e-06, 180.6726, 0, 0, 0
1708976461.2353134, -3.2, -1.203452e-06, -5.272832e-08, 1.364839e-06, 180.6726, 0, 0, 0
1708976467.6037993, 3.2, -1.444734e-06, -1.570137e-09, 1.379025e-06, 180.9762, 0, 0, 0
1708976473.976796, -3.2, -1.525161e-06, -2.349507e-08, 1.386584e-06, 181.2797, 0, 0, 0
1708976480.3398306, 3.2, -1.225387e-06, 1.304649e-08, 1.356996e-06, 180.6834, 0, 0, 0
1708976486.7007575, -3.2, -1.342372e-06, 3.497142e-08, 1.349713e-06, 180.3709, 0, 0, 0
1708976493.0696397, 3.2, -1.576342e-06, -4.542001e-08, 1.386765e-06, 180.9866, 0, 0, 0
1708976499.4589942, -3.2, -1.247321e-06, -3.811169e-08, 1.342577e-06, 180.9973, 0, 0, 0
1708976505.8798099, 3.2, -1.452046e-06, -3.811169e-08, 1.349888e-06, 180.381, 0, 0, 0
1708976512.2851293, -3.2, -1.503227e-06, -2.349507e-08, 1.357091e-06, 180.3729, 0, 0, 0
1708976518.6846333, 3.2, -1.33506e-06, -6.003663e-08, 1.320796e-06, 181.0138, 0, 0, 0
1708976525.106351, -3.2, -1.188829e-06, -3.811169e-08, 1.313225e-06, 181.0082, 0, 0, 0
1708976531.491544, 3.2, -1.218075e-06, -1.570137e-09, 1.305914e-06, 181.3364, 0, 0, 0
1708976537.9036427, -3.2, -1.364307e-06, -6.003663e-08, 1.335416e-06, 181.0138, 0, 0, 0
1708976544.3369744, 3.2, -1.137647e-06, -1.570137e-09, 1.291221e-06, 181.0194, 0, 0, 0
1708976550.7411008, -3.2, -1.232698e-06, 2.766311e-08, 1.320438e-06, 180.381, 0, 0, 0
1708976557.1464682, 3.2, -1.437422e-06, 2.03548e-08, 1.327847e-06, 180.7023, 0, 0, 0
1708976563.535123, -3.2, -1.261944e-06, -3.811169e-08, 1.335416e-06, 181.3146, 0, 0, 0
1708976569.9602284, 3.2, -1.459357e-06, -1.618676e-08, 1.342469e-06, 180.6947, 0, 0, 0
1708976576.434881, -3.2, -1.232698e-06, -8.878449e-09, 1.342401e-06, 180.6871, 0, 0, 0
1708976582.9654436, 3.2, -1.261944e-06, 2.03548e-08, 1.349713e-06, 180.6871, 0, 0, 0
1708976589.4302778, -3.2, -1.33506e-06, -6.003663e-08, 1.342577e-06, 181.2934, 0, 0, 0
1708976595.853558, 3.2, -1.569031e-06, -8.878449e-09, 1.357091e-06, 180.6947, 0, 0, 0
1708976602.2541573, -3.2, -1.232698e-06, -5.272832e-08, 1.327847e-06, 180.6947, 0, 0, 0
1708976608.6971047, 3.2, -1.144959e-06, -1.570137e-09, 1.342469e-06, 180.3749, 0, 0, 0
1708976615.1231709, -3.2, -1.166894e-06, -1.570137e-09, 1.364403e-06, 180.3709, 0, 0, 0
1708976621.5675693, 3.2, -1.342372e-06, -6.734494e-08, 1.364509e-06, 180.6798, 0, 0, 0
1708976627.9862046, -3.2, -1.590966e-06, -2.349507e-08, 1.386336e-06, 180.6726, 0, 0, 0
1708976634.48176, 3.2, -1.218075e-06, 5.738173e-09, 1.371714e-06, 180.3689, 0, 0, 0
1708976640.9070845, -3.2, -1.269256e-06, -5.272832e-08, 1.38644e-06, 180.367, 0, 0, 0
1708976647.3757687, 3.2, -1.430111e-06, 2.03548e-08, 1.378942e-06, 180.3709, 0, 0, 0
1708976653.844295, -3.2, -1.24001e-06, 2.03548e-08, 1.378958e-06, 180.669, 0, 0, 0
1708976660.280104, 3.2, -1.298502e-06, 2.03548e-08, 1.393647e-06, 180.6655, 0, 0, 0
1708976666.7487638, -3.2, -1.386241e-06, 2.03548e-08, 1.379025e-06, 180.9762, 0, 0, 0
1708976673.2342205, 3.2, -1.408176e-06, 5.738173e-09, 1.378942e-06, 180.6761, 0, 0, 0
1708976679.6828246, -3.2, -1.356995e-06, -3.811169e-08, 1.379025e-06, 180.6726, 0, 0, 0
1708976686.1584718, 3.2, -1.393553e-06, 5.738173e-09, 1.371647e-06, 180.3689, 0, 0, 0
1708976692.6271293, -3.2, -1.561719e-06, -3.811169e-08, 1.386336e-06, 180.367, 0, 0, 0
1708976699.0760658, 3.2, -1.174205e-06, -3.080338e-08, 1.357091e-06, 180.6726, 0, 0, 0
1708976705.5013788, -3.2, -1.166894e-06, -3.811169e-08, 1.371714e-06, 180.367, 0, 0, 0
1708976711.956741, 3.2, -1.247321e-06, 2.766311e-08, 1.364308e-06, 180.3689, 0, 0, 0
1708976718.4355528, -3.2, -1.408176e-06, -6.734494e-08, 1.37913e-06, 180.9762, 0, 0, 0
1708976724.924349, 3.2, -1.19614e-06, -8.878449e-09, 1.364403e-06, 180.3689, 0, 0, 0
1708976731.4229527, -3.2, -1.532473e-06, -3.080338e-08, 1.393647e-06, 180.662, 0, 0, 0
1708976737.898419, 3.2, -1.415488e-06, -4.542001e-08, 1.393647e-06, 180.3651, 0, 0, 0
1708976744.3738127, -3.2, -1.510538e-06, -1.570137e-09, 1.386336e-06, 180.367, 0, 0, 0
1708976750.8633943, 3.2, -1.539785e-06, 2.766311e-08, 1.386253e-06, 180.3709, 0, 0, 0
1708976757.3513706, -3.2, -1.327749e-06, 3.497142e-08, 1.378931e-06, 180.0656, 0, 0, 0
1708976763.8466372, 3.2, -1.408176e-06, 3.497142e-08, 1.386242e-06, 180.0653, 0, 0, 0
1708976770.3156126, -3.2, -1.525161e-06, -2.349507e-08, 1.393751e-06, 180.3689, 0, 0, 0
1708976776.8176427, 3.2, -1.327749e-06, -3.811169e-08, 1.379025e-06, 180.669, 0, 0, 0
1708976783.3029985, -3.2, -1.349683e-06, 5.738173e-09, 1.378931e-06, 180.6655, 0, 0, 0
1708976789.8082519, 3.2, -1.166894e-06, -1.618676e-08, 1.364403e-06, 180.6761, 0, 0, 0
1708976796.293776, -3.2, -1.532473e-06, 5.738173e-09, 1.38627e-06, 180.669, 0, 0, 0
1708976802.806075, 3.2, -1.327749e-06, -4.542001e-08, 1.371819e-06, 180.6655, 0, 0, 0
1708976809.3213167, -3.2, -1.386241e-06, -4.542001e-08, 1.386336e-06, 180.6726, 0, 0, 0
1708976815.8267562, 3.2, -1.276568e-06, -1.618676e-08, 1.378958e-06, 180.6655, 0, 0, 0
1708976822.3785667, -3.2, -1.481292e-06, 2.766311e-08, 1.38627e-06, 180.6726, 0, 0, 0
1708976828.9042652, 3.2, -1.218075e-06, -1.618676e-08, 1.371647e-06, 180.3689, 0, 0, 0
1708976835.4430218, -3.2, -1.495915e-06, 5.738173e-09, 1.386253e-06, 180.367, 0, 0, 0
1708976841.968017, 3.2, -1.6129e-06, -1.618676e-08, 1.400958e-06, 180.9659, 0, 0, 0
1708976848.4772139, -3.2, -1.466669e-06, -6.003663e-08, 1.393751e-06, 180.9659, 0, 0, 0
1708976854.9859724, 3.2, -1.225387e-06, -2.349507e-08, 1.379025e-06, 180.6726, 0, 0, 0
1708976861.5211375, -3.2, -1.291191e-06, -3.811169e-08, 1.38644e-06, 180.367, 0, 0, 0
1708976868.0434842, 3.2, -1.590966e-06, -1.570137e-09, 1.408177e-06, 180.3651, 0, 0, 0
1708976874.5887687, -3.2, -1.225387e-06, -1.618676e-08, 1.371714e-06, 180.669, 0, 0, 0
1708976881.1442, 3.2, -1.430111e-06, 5.738173e-09, 1.393581e-06, 180.0649, 0, 0, 0
1708976887.6666, -3.2, -1.605589e-06, -2.349507e-08, 1.41558e-06, 180.9762, 0, 0, 0
1708976894.1817195, 3.2, -1.481292e-06, -5.272832e-08, 1.379274e-06, 180.367, 0, 0, 0
1708976900.7470138, -3.2, -1.400864e-06, 1.304649e-08, 1.378931e-06, 180.669, 0, 0, 0
1708976907.2591336, 3.2, -1.47398e-06, -7.465325e-08, 1.386584e-06, 180.9762, 0, 0, 0
1708976913.8145206, -3.2, -1.495915e-06, 1.304649e-08, 1.393647e-06, 180.367, 0, 0, 0
1708976920.3898575, 3.2, -1.327749e-06, 5.738173e-09, 1.364308e-06, 180.6798, 0, 0, 0
1708976926.952044, -3.2, -1.371618e-06, -6.734494e-08, 1.379025e-06, 180.669, 0, 0, 0
1708976933.527538, 3.2, -1.539785e-06, -1.618676e-08, 1.393581e-06, 180.9762, 0, 0, 0
1708976940.0994506, -3.2, -1.452046e-06, 4.958804e-08, 1.386242e-06, 180.0646, 0, 0, 0
1708976946.685145, 3.2, -1.47398e-06, 2.03548e-08, 1.38627e-06, 180.0656, 0, 0, 0
1708976953.3120263, -3.2, -1.181517e-06, -3.080338e-08, 1.371819e-06, 180.971, 0, 0, 0
1708976959.912304, 3.2, -1.232698e-06, -1.570137e-09, 1.379025e-06, 180.3689, 0, 0, 0
1708976966.5309663, -3.2, -1.452046e-06, -7.465325e-08, 1.393751e-06, 180.9609, 0, 0, 0
1708976973.1163855, 3.2, -1.24001e-06, -1.618676e-08, 1.379025e-06, 180.0646, 0, 0, 0
1708976979.741313, -3.2, -1.627523e-06, -8.878449e-09, 1.408177e-06, 180.3631, 0, 0, 0
1708976986.4095902, 3.2, -1.386241e-06, -3.811169e-08, 1.401062e-06, 180.6655, 0, 0, 0
1708976993.0249176, -3.2, -1.218075e-06, -1.570137e-09, 1.386336e-06, 180.9659, 0, 0, 0
1708976999.630338, 3.2, -1.371618e-06, -3.080338e-08, 1.393581e-06, 180.3651, 0, 0, 0
1708977006.2856722, -3.2, -1.459357e-06, -4.542001e-08, 1.401383e-06, 180.3631, 0, 0, 0
1708977012.8844833, 3.2, -1.583654e-06, 5.738173e-09, 1.408204e-06, 180.3631, 0, 0, 0
1708977019.4931579, -3.2, -1.254633e-06, -2.349507e-08, 1.38627e-06, 180.662, 0, 0, 0
1708977026.138477, 3.2, -1.539785e-06, -8.878449e-09, 1.400893e-06, 180.662, 0, 0, 0
1708977032.760622, -3.2, -1.276568e-06, -3.080338e-08, 1.37913e-06, 180.9609, 0, 0, 0
1708977039.4026198, 3.2, -1.291191e-06, -3.811169e-08, 1.379025e-06, 180.9609, 0, 0, 0
1708977046.0513587, -3.2, -1.386241e-06, -6.734494e-08, 1.393893e-06, 180.662, 0, 0, 0
1708977052.6904185, 3.2, -1.298502e-06, 5.738173e-09, 1.379025e-06, 180.367, 0, 0, 0
1708977059.332285, -3.2, -1.33506e-06, -3.811169e-08, 1.38644e-06, 180.971, 0, 0, 0
1708977065.9711552, 3.2, -1.225387e-06, -3.811169e-08, 1.371819e-06, 180.6726, 0, 0, 0
1708977072.6345732, -3.2, -1.415488e-06, 5.738173e-09, 1.393581e-06, 180.669, 0, 0, 0
