t,i,x,y,r,theta,xK,tc, therm
1684275146.7453754, 3.2, 8.791311e-06, 8.326051e-05, 8.780143e-05, 81.85004, 0, 0, 0
1684275153.067947, -3.2, 1.479729e-06, 8.691467e-05, 8.328894e-05, 91.49711, 0, 0, 0
1684275159.1288176, 3.2, 8.791311e-06, 8.691467e-05, 8.735815e-05, 84.22424, 0, 0, 0
1684275165.1713984, -3.2, -9.487647e-06, 8.691467e-05, 8.379934e-05, 98.25716, 0, 0, 0
1684275171.283203, 3.2, 5.13552e-06, 8.691467e-05, 8.780143e-05, 83.97258, 0, 0, 0
1684275177.3592823, -3.2, -5.831854e-06, 8.691467e-05, 8.743097e-05, 96.50088, 0, 0, 0
1684275183.4548836, 3.2, 8.791311e-06, 7.960635e-05, 9.099449e-05, 84.45579, 0, 0, 0
1684275189.55168, -3.2, -9.487647e-06, 8.691467e-05, 8.743097e-05, 98.97063, 0, 0, 0
1684275195.6144404, 3.2, 8.791311e-06, 8.691467e-05, 9.099449e-05, 84.22424, 0, 0, 0
1684275201.6918895, -3.2, -9.487647e-06, 8.691467e-05, 8.743097e-05, 96.22975, 0, 0, 0
1684275207.8370304, 3.2, 1.24471e-05, 8.691467e-05, 8.706626e-05, 86.88023, 0, 0, 0
1684275213.9308784, -3.2, -5.831854e-06, 8.326051e-05, 8.790284e-05, 96.50088, 0, 0, 0
1684275220.001893, 3.2, 1.479729e-06, 8.691467e-05, 9.07143e-05, 84.45579, 0, 0, 0
1684275226.106154, -3.2, -1.314344e-05, 8.691467e-05, 8.743097e-05, 98.59924, 0, 0, 0
1684275232.242192, 3.2, 1.479729e-06, 8.691467e-05, 8.706626e-05, 89.06396, 0, 0, 0
1684275238.3575082, -3.2, -3.507818e-05, 8.691467e-05, 8.899259e-05, 112.846, 0, 0, 0
1684275244.478355, 3.2, -3.507818e-05, 9.056882e-05, 9.472958e-05, 110.6764, 0, 0, 0
1684275250.6091487, -3.2, -5.335715e-05, 9.056882e-05, 0.0001082818, 121.5459, 0, 0, 0
1684275256.691354, 3.2, -3.507818e-05, 8.691467e-05, 9.242037e-05, 114.0204, 0, 0, 0
1684275262.79852, -3.2, -5.335715e-05, 8.691467e-05, 0.0001065279, 120.5038, 0, 0, 0
1684275268.9565787, 3.2, -3.507818e-05, 8.691467e-05, 9.37264e-05, 109.8765, 0, 0, 0
1684275275.1615307, -3.2, -5.335715e-05, 9.422297e-05, 0.000101986, 119.7627, 0, 0, 0
1684275281.302874, 3.2, -3.142239e-05, 8.691467e-05, 9.712461e-05, 112.846, 0, 0, 0
1684275287.4599323, -3.2, -4.970136e-05, 9.787713e-05, 0.0001051175, 119.5223, 0, 0, 0
1684275293.6052942, 3.2, -2.77666e-05, 9.056882e-05, 8.776843e-05, 108.443, 0, 0, 0
1684275299.7485514, -3.2, -5.335715e-05, 9.056882e-05, 0.0001051175, 121.5459, 0, 0, 0
1684275305.8921065, 3.2, -4.238977e-05, 8.691467e-05, 8.852962e-05, 114.9485, 0, 0, 0
1684275312.0524824, -3.2, -5.335715e-05, 8.691467e-05, 0.0001070196, 122.1903, 0, 0, 0
1684275318.2005844, 3.2, -3.873398e-05, 8.691467e-05, 9.850397e-05, 114.9485, 0, 0, 0
1684275324.315014, -3.2, -5.701294e-05, 8.691467e-05, 0.0001039453, 122.1903, 0, 0, 0
1684275330.485843, 3.2, -4.238977e-05, 8.326051e-05, 9.515503e-05, 115.0814, 0, 0, 0
1684275336.649888, -3.2, -6.432452e-05, 9.056882e-05, 0.0001081286, 126.0794, 0, 0, 0
1684275342.8094244, 3.2, -4.238977e-05, 8.691467e-05, 9.515503e-05, 117.9137, 0, 0, 0
1684275348.9812613, -3.2, -6.066873e-05, 8.691467e-05, 0.0001059946, 122.7768, 0, 0, 0
1684275355.1273706, 3.2, -4.238977e-05, 9.056882e-05, 9.670083e-05, 115.9993, 0, 0, 0
1684275361.2856054, -3.2, -5.701294e-05, 8.326051e-05, 0.000109011, 123.2634, 0, 0, 0
1684275367.448372, 3.2, -4.238977e-05, 8.691467e-05, 9.999803e-05, 114.0204, 0, 0, 0
1684275373.610369, -3.2, -6.066873e-05, 8.691467e-05, 0.0001052139, 124.916, 0, 0, 0
1684275379.7962167, 3.2, -4.604556e-05, 8.691467e-05, 9.670083e-05, 116.9816, 0, 0, 0
1684275385.9845858, -3.2, -6.432452e-05, 9.056882e-05, 0.0001081286, 126.0794, 0, 0, 0
1684275392.1545668, 3.2, -4.970136e-05, 8.326051e-05, 9.670083e-05, 117.9137, 0, 0, 0
1684275398.4019966, -3.2, -6.432452e-05, 8.691467e-05, 0.0001132433, 124.916, 0, 0, 0
1684275404.602875, 3.2, -4.604556e-05, 8.326051e-05, 9.514467e-05, 118.9439, 0, 0, 0
1684275410.7710526, -3.2, -6.432452e-05, 8.326051e-05, 0.000114086, 124.916, 0, 0, 0
1684275416.963233, 3.2, -4.970136e-05, 9.422297e-05, 9.696668e-05, 117.9137, 0, 0, 0
1684275423.1666863, -3.2, -6.432452e-05, 8.691467e-05, 0.0001110872, 126.5047, 0, 0, 0
1684275429.3388147, 3.2, -4.970136e-05, 9.056882e-05, 0.0001033099, 120.5038, 0, 0, 0
1684275435.532767, -3.2, -7.16361e-05, 9.056882e-05, 0.0001126317, 129.4957, 0, 0, 0
1684275441.7508194, 3.2, -4.970136e-05, 8.691467e-05, 0.0001033099, 118.7566, 0, 0, 0
1684275447.964934, -3.2, -7.16361e-05, 8.691467e-05, 0.0001126317, 130.7082, 0, 0, 0
1684275454.18196, 3.2, -4.970136e-05, 8.691467e-05, 0.0001051175, 122.1903, 0, 0, 0
1684275460.4009287, -3.2, -7.529189e-05, 9.056882e-05, 0.0001126317, 129.7375, 0, 0, 0
1684275466.6083312, 3.2, -5.701294e-05, 8.691467e-05, 0.0001039453, 123.8167, 0, 0, 0
1684275472.795152, -3.2, -7.529189e-05, 8.691467e-05, 0.0001149914, 133.4769, 0, 0, 0
1684275479.0263686, 3.2, -5.701294e-05, 8.326051e-05, 0.0001070196, 123.2634, 0, 0, 0
1684275485.2086632, -3.2, -7.16361e-05, 8.691467e-05, 0.0001149914, 130.9015, 0, 0, 0
1684275491.4298384, 3.2, -6.066873e-05, 9.056882e-05, 0.0001059946, 123.2634, 0, 0, 0
1684275497.6548135, -3.2, -6.798031e-05, 8.326051e-05, 0.0001110872, 127.6886, 0, 0, 0
1684275503.8479, 3.2, -6.066873e-05, 8.691467e-05, 0.0001110872, 126.5047, 0, 0, 0
1684275510.0907388, -3.2, -7.529189e-05, 9.422297e-05, 0.0001225808, 132.3664, 0, 0, 0
1684275516.3582897, 3.2, -6.798031e-05, 8.691467e-05, 0.0001132433, 129.4957, 0, 0, 0
1684275522.5873342, -3.2, -7.894768e-05, 9.056882e-05, 0.0001199062, 131.0782, 0, 0, 0
1684275528.8603673, 3.2, -6.066873e-05, 8.326051e-05, 0.0001081286, 123.8167, 0, 0, 0
1684275535.0800383, -3.2, -8.260347e-05, 8.691467e-05, 0.0001174176, 132.25, 0, 0, 0
1684275541.3302748, 3.2, -6.432452e-05, 9.056882e-05, 0.0001081286, 127.6886, 0, 0, 0
1684275547.581632, -3.2, -8.625927e-05, 8.691467e-05, 0.0001147391, 128.6277, 0, 0, 0
1684275553.831087, 3.2, -6.432452e-05, 8.326051e-05, 0.0001059946, 126.5047, 0, 0, 0
1684275560.118604, -3.2, -7.529189e-05, 9.056882e-05, 0.0001201476, 132.25, 0, 0, 0
1684275566.3562615, 3.2, -6.066873e-05, 9.056882e-05, 0.0001059946, 123.8167, 0, 0, 0
1684275572.6079218, -3.2, -7.894768e-05, 8.691467e-05, 0.0001174176, 132.25, 0, 0, 0
1684275578.893856, 3.2, -6.066873e-05, 8.691467e-05, 0.0001059946, 123.2634, 0, 0, 0
1684275585.169975, -3.2, -7.894768e-05, 8.691467e-05, 0.0001201476, 132.25, 0, 0, 0
1684275591.4622238, 3.2, -6.066873e-05, 8.691467e-05, 0.000109011, 126.5047, 0, 0, 0
1684275597.7393217, -3.2, -8.260347e-05, 8.326051e-05, 0.0001174176, 136.0134, 0, 0, 0
1684275604.0186627, 3.2, -7.529189e-05, 8.691467e-05, 0.0001149914, 130.9015, 0, 0, 0
1684275610.2743526, -3.2, -7.894768e-05, 8.691467e-05, 0.0001199062, 133.5432, 0, 0, 0
1684275616.5453377, 3.2, -6.432452e-05, 8.326051e-05, 0.0001081286, 128.0307, 0, 0, 0
1684275622.8386934, -3.2, -8.260347e-05, 8.691467e-05, 0.0001201476, 134.773, 0, 0, 0
1684275629.1542428, 3.2, -7.16361e-05, 8.691467e-05, 0.0001103426, 128.0307, 0, 0, 0
1684275635.4290621, -3.2, -8.625927e-05, 8.691467e-05, 0.0001250555, 135.9721, 0, 0, 0
1684275641.7329223, 3.2, -7.16361e-05, 9.056882e-05, 0.0001177777, 128.0307, 0, 0, 0
1684275648.0196428, -3.2, -8.991506e-05, 8.326051e-05, 0.000122544, 137.1121, 0, 0, 0
1684275654.3931549, 3.2, -7.529189e-05, 9.422297e-05, 0.0001149914, 130.9015, 0, 0, 0
1684275660.6990952, -3.2, -9.357085e-05, 8.326051e-05, 0.0001302237, 134.7924, 0, 0, 0
1684275667.0343099, 3.2, -8.625927e-05, 8.691467e-05, 0.0001250735, 133.6039, 0, 0, 0
1684275673.3315833, -3.2, -9.357085e-05, 9.056882e-05, 0.0001277093, 138.2052, 0, 0, 0
1684275679.6702986, 3.2, -7.894768e-05, 8.691467e-05, 0.0001201476, 132.1228, 0, 0, 0
1684275685.9805038, -3.2, -9.357085e-05, 8.326051e-05, 0.0001302237, 139.4247, 0, 0, 0
1684275692.2838314, 3.2, -7.529189e-05, 8.691467e-05, 0.000112255, 130.9015, 0, 0, 0
1684275698.6315186, -3.2, -9.357085e-05, 9.056882e-05, 0.0001331594, 138.0836, 0, 0, 0
1684275704.9544744, 3.2, -7.894768e-05, 8.691467e-05, 0.0001174176, 132.3664, 0, 0, 0
1684275711.2943742, -3.2, -9.722664e-05, 8.326051e-05, 0.0001277093, 137.1121, 0, 0, 0
1684275717.6539512, 3.2, -7.894768e-05, 8.691467e-05, 0.0001201476, 131.0782, 0, 0, 0
1684275723.9728591, -3.2, -0.0001008824, 9.422297e-05, 0.0001380407, 140.0674, 0, 0, 0
1684275730.3411367, 3.2, -8.260347e-05, 8.691467e-05, 0.0001225808, 131.0782, 0, 0, 0
1684275736.6701107, -3.2, -0.0001008824, 9.056882e-05, 0.0001355728, 140.4664, 0, 0, 0
1684275743.0147052, 3.2, -8.625927e-05, 8.691467e-05, 0.0001250555, 134.7831, 0, 0, 0
1684275749.342613, -3.2, -0.0001008824, 8.691467e-05, 0.0001304116, 140.2593, 0, 0, 0
1684275755.7397714, 3.2, -8.260347e-05, 8.326051e-05, 0.0001199062, 134.7831, 0, 0, 0
1684275762.1988833, -3.2, -0.0001008824, 8.691467e-05, 0.0001331594, 139.2536, 0, 0, 0
1684275768.532305, 3.2, -8.260347e-05, 8.691467e-05, 0.0001277444, 134.7831, 0, 0, 0
1684275774.9225664, -3.2, -0.0001008824, 8.691467e-05, 0.00013595, 140.4664, 0, 0, 0
1684275781.3079653, 3.2, -8.625927e-05, 8.691467e-05, 0.0001224533, 134.7831, 0, 0, 0
1684275787.7046633, -3.2, -0.000108194, 8.691467e-05, 0.0001387808, 142.1504, 0, 0, 0
1684275794.0869398, 3.2, -9.357085e-05, 8.691467e-05, 0.0001327911, 134.7924, 0, 0, 0
1684275800.510114, -3.2, -0.000108194, 8.691467e-05, 0.0001439204, 140.2593, 0, 0, 0
1684275806.8830795, 3.2, -9.722664e-05, 8.691467e-05, 0.0001250555, 137.1121, 0, 0, 0
1684275813.29638, -3.2, -0.000108194, 8.691467e-05, 0.0001387808, 139.0953, 0, 0, 0
1684275819.6820676, 3.2, -8.991506e-05, 9.056882e-05, 0.000122544, 135.9721, 0, 0, 0
1684275826.090892, -3.2, -0.000108194, 8.691467e-05, 0.00013595, 140.0674, 0, 0, 0
1684275832.4988632, 3.2, -9.357085e-05, 8.326051e-05, 0.0001277093, 134.7924, 0, 0, 0
1684275838.9196186, -3.2, -0.000108194, 8.691467e-05, 0.0001387808, 142.1504, 0, 0, 0
1684275845.3396366, 3.2, -9.357085e-05, 9.056882e-05, 0.0001276222, 137.1121, 0, 0, 0
1684275851.7788136, -3.2, -0.000108194, 8.326051e-05, 0.00013595, 142.1504, 0, 0, 0
1684275858.169586, 3.2, -9.357085e-05, 8.691467e-05, 0.0001280052, 137.1121, 0, 0, 0
1684275864.5876083, -3.2, -0.0001155056, 9.056882e-05, 0.0001445535, 141.0016, 0, 0, 0
1684275871.0080047, 3.2, -8.991506e-05, 8.326051e-05, 0.0001302237, 139.4247, 0, 0, 0
1684275877.4306314, -3.2, -0.0001118498, 9.056882e-05, 0.0001416493, 141.0016, 0, 0, 0
1684275883.83839, 3.2, -0.0001008824, 8.691467e-05, 0.0001304116, 139.2536, 0, 0, 0
1684275890.2609403, -3.2, -0.0001118498, 9.056882e-05, 0.0001416493, 141.8997, 0, 0, 0
1684275896.717957, 3.2, -9.357085e-05, 8.326051e-05, 0.0001277093, 137.0304, 0, 0, 0
1684275903.1982465, -3.2, -0.0001118498, 8.691467e-05, 0.0001416493, 140.0674, 0, 0, 0
1684275909.6392567, 3.2, -0.0001008824, 8.691467e-05, 0.00013595, 138.2052, 0, 0, 0
1684275916.0921712, -3.2, -0.0001155056, 9.056882e-05, 0.0001439204, 141.8997, 0, 0, 0
1684275922.5389128, 3.2, -0.0001008824, 8.691467e-05, 0.00013595, 139.2536, 0, 0, 0
1684275929.002039, -3.2, -0.0001191614, 8.691467e-05, 0.0001416493, 142.1504, 0, 0, 0
1684275935.4550962, 3.2, -0.0001045382, 9.056882e-05, 0.0001331594, 139.2536, 0, 0, 0
1684275941.9396143, -3.2, -0.0001155056, 9.422297e-05, 0.000141098, 143.0396, 0, 0, 0
1684275948.4171412, 3.2, -0.0001008824, 8.691467e-05, 0.0001380407, 138.0836, 0, 0, 0
1684275954.874115, -3.2, -0.0001155056, 9.056882e-05, 0.00015046, 142.7633, 0, 0, 0
1684275961.3605113, 3.2, -0.0001045382, 8.691467e-05, 0.00013595, 138.0836, 0, 0, 0
1684275967.8639064, -3.2, -0.0001191614, 8.691467e-05, 0.0001423863, 143.8935, 0, 0, 0
1684275974.3488054, 3.2, -0.000108194, 8.691467e-05, 0.0001387808, 141.2243, 0, 0, 0
1684275980.8203294, -3.2, -0.0001228172, 8.691467e-05, 0.0001547967, 143.5939, 0, 0, 0
1684275987.3303719, 3.2, -0.000108194, 9.056882e-05, 0.0001407345, 138.0836, 0, 0, 0
