t,i,x,y,r,theta,xK,tc,therm,trueGateDC,trueGateI,x2,y2,r2,theta2
1713463598.45515, 3.2, 6.87637e-08, 1.304649e-08, 5.784043e-08, 20.60436, 0, 0, 0, +2.386332E-05, -1.539176E-10, 0.0, 0.0, -0.00283195, 0.0
1713463604.9442687, -3.2, -4.822163e-08, 1.304649e-08, 4.131051e-08, 164.8609, 0, 0, 0, +2.386332E-05, -1.539176E-10, -2.3842e-07, -2.3842e-07, -0.00283171, -135.0
1713463611.412287, 3.2, 1.758262e-08, 5.738173e-09, 3.993181e-08, 358.0797, 0, 0, 0, +2.386332E-05, -1.539176E-10, 0.0, 0.0, -0.00283195, 0.0
1713463617.887772, -3.2, -2.628688e-08, 5.738173e-09, 4.131051e-08, 162.3122, 0, 0, 0, +2.386332E-05, -1.539176E-10, 0.0, 0.0, -0.00283195, 0.0
1713463624.373135, 3.2, 4.682895e-08, -1.570137e-09, 5.416331e-08, 6.985898, 0, 0, 0, +2.386332E-05, -1.539176E-10, 0.0, 0.0, -0.00283171, 45.0
1713463630.861622, -3.2, -2.628688e-08, 5.738173e-09, 3.604258e-08, 162.3122, 0, 0, 0, +2.386332E-05, -1.539176E-10, 0.0, 0.0, -0.00283195, 0.0
1713463637.3239324, 3.2, 7.60753e-08, 2.03548e-08, 5.56903e-08, 13.54851, 0, 0, 0, +2.386332E-05, -1.539176E-10, -2.3842e-07, 0.0, -0.00283171, 180.0
1713463643.8200862, -3.2, -4.091004e-08, 5.738173e-09, 4.856183e-08, 181.6196, 0, 0, 0, +2.386332E-05, -1.539176E-10, -2.3842e-07, 0.0, -0.00283171, 180.0
1713463650.3049803, 3.2, 6.145213e-08, 2.03548e-08, 5.444378e-08, 13.54851, 0, 0, 0, +2.386332E-05, -1.539176E-10, 0.0, 0.0, -0.00283171, 45.0
1713463656.7701645, -3.2, -7.746796e-08, 1.304649e-08, 5.704514e-08, 173.2139, 0, 0, 0, +2.386332E-05, -1.539176E-10, 0.0, -2.3842e-07, -0.00283171, -90.0
1713463679.449442, 3.2, 5.220818e-07, 5.738173e-09, 5.514825e-07, 1.355579, 0, 0, 0, +5.000043E-01, -1.969953E-11, 0.0, 0.0, -0.00283195, 0.0
1713463685.9548528, -3.2, 4.855239e-07, 5.738173e-09, 4.640358e-07, 0.7205169, 0, 0, 0, +5.000043E-01, -1.969953E-11, 0.0, 0.0, -0.00283171, 90.0
1713463692.443326, 3.2, 5.36705e-07, 5.738173e-09, 5.586419e-07, 1.320566, 0, 0, 0, +5.000043E-01, -1.969953E-11, 0.0, 0.0, -0.00283171, 90.0
1713463698.922001, -3.2, 4.635892e-07, 2.03548e-08, 4.710815e-07, 0.7091544, 0, 0, 0, +5.000043E-01, -1.969953E-11, 0.0, 0.0, -0.00283195, 0.0
1713463705.3774297, 3.2, 5.878861e-07, 3.497142e-08, 5.587921e-07, 1.320566, 0, 0, 0, +5.000043E-01, -1.969953E-11, 0.0, 0.0, -0.00283171, 90.0
1713463711.846811, -3.2, 4.782124e-07, 5.738173e-09, 4.636247e-07, 1.586995, 0, 0, 0, +5.000043E-01, -1.969953E-11, 0.0, -2.3842e-07, -0.00283171, -90.0
1713463718.3418157, 3.2, 5.805745e-07, 5.738173e-09, 5.587103e-07, 0.5734927, 0, 0, 0, +5.000043E-01, -1.969953E-11, 0.0, -4.76841e-07, -0.00283171, -63.438
1713463724.850375, -3.2, 4.855239e-07, 5.738173e-09, 4.709034e-07, 0.6981446, 0, 0, 0, +5.000043E-01, -1.969953E-11, 0.0, 0.0, -0.00283195, 0.0
1713463731.3290522, 3.2, 5.440166e-07, 2.766311e-08, 5.586692e-07, 1.337844, 0, 0, 0, +5.000043E-01, -1.969953E-11, 0.0, -2.3842e-07, -0.00283171, -90.0
1713463737.7851121, -3.2, 4.635892e-07, -1.570137e-09, 4.709357e-07, 1.612012, 0, 0, 0, +5.000043E-01, -1.969953E-11, 0.0, 2.3842e-07, -0.00283171, 63.438
1713463760.4201748, 3.2, 4.635892e-07, -3.080338e-08, 4.490538e-07, 0.7322496, 0, 0, 0, +9.999994E-01, +1.156058E-10, -2.3842e-07, 0.0, -0.00283171, 180.0
1713463766.899173, -3.2, 3.685386e-07, -1.570137e-09, 3.549949e-07, 3.291635, 0, 0, 0, +9.999994E-01, +1.156058E-10, 0.0, 0.0, -0.00283195, 0.0
1713463773.3542953, 3.2, 4.562776e-07, 5.738173e-09, 4.562803e-07, 0.7091544, 0, 0, 0, +9.999994E-01, +1.156058E-10, 0.0, 0.0, -0.00283195, 0.0
1713463779.819705, -3.2, 3.758502e-07, 2.03548e-08, 3.612726e-07, 2.06846, 0, 0, 0, +9.999994E-01, +1.156058E-10, 0.0, 0.0, -0.00283171, 90.0
1713463786.301975, 3.2, 4.416544e-07, 5.738173e-09, 4.564641e-07, 2.514069, 0, 0, 0, +9.999994E-01, +1.156058E-10, 0.0, 0.0, -0.00283171, 45.0
1713463792.7971473, -3.2, 3.539155e-07, 2.03548e-08, 3.541558e-07, 2.06846, 0, 0, 0, +9.999994E-01, +1.156058E-10, 0.0, 0.0, -0.00283171, 90.0
1713463799.2558517, 3.2, 4.416544e-07, -8.878449e-09, 4.564641e-07, 2.475082, 0, 0, 0, +9.999994E-01, +1.156058E-10, 0.0, 0.0, -0.00283171, 90.0
1713463805.7216818, -3.2, 3.466039e-07, 5.738173e-09, 3.612726e-07, 2.027457, 0, 0, 0, +9.999994E-01, +1.156058E-10, 0.0, 0.0, -0.00283195, 0.0
1713463812.1993167, 3.2, 4.635892e-07, 5.738173e-09, 4.636247e-07, 2.475082, 0, 0, 0, +9.999994E-01, +1.156058E-10, -2.3842e-07, 0.0, -0.00283171, 135.0
1713463818.678734, -3.2, 3.831618e-07, 1.304649e-08, 3.612304e-07, 0.9100799, 0, 0, 0, +9.999994E-01, +1.156058E-10, 0.0, 0.0, -0.00283195, 0.0
1713463841.3009775, 3.2, 1.638143e-07, -8.878449e-09, 1.199551e-07, 5.53757, 0, 0, 0, +1.499963E+00, +2.665479E-10, -2.3842e-07, 0.0, -0.00283171, 180.0
1713463847.8001692, -3.2, 4.682895e-08, 5.738173e-09, 4.717921e-08, 8.261965, 0, 0, 0, +1.499963E+00, +2.665479E-10, 0.0, 0.0, -0.00283195, 0.0
1713463854.2843578, 3.2, 1.418795e-07, -1.570137e-09, 1.491994e-07, 2.099809, 0, 0, 0, +1.499963E+00, +2.665479E-10, 0.0, 0.0, -0.00283171, 90.0
1713463860.7538238, -3.2, 6.145213e-08, 1.304649e-08, 5.56903e-08, 6.05, 0, 0, 0, +1.499963E+00, +2.665479E-10, 0.0, 0.0, -0.00283195, 0.0
1713463867.2493913, 3.2, 1.34568e-07, 2.03548e-08, 1.418882e-07, 359.397, 0, 0, 0, +1.499963E+00, +2.665479E-10, 0.0, 0.0, -0.00283195, 0.0
1713463873.7312448, -3.2, 3.220579e-08, 5.738173e-09, 4.861236e-08, 6.985898, 0, 0, 0, +1.499963E+00, +2.665479E-10, -2.3842e-07, -2.3842e-07, -0.00283171, -135.0
1713463880.2166471, 3.2, 1.638143e-07, 5.738173e-09, 1.566079e-07, 359.397, 0, 0, 0, +1.499963E+00, +2.665479E-10, -2.3842e-07, -2.3842e-07, -0.00283171, -135.0
1713463886.676106, -3.2, 8.338687e-08, 2.03548e-08, 5.56903e-08, 358.0797, 0, 0, 0, +1.499963E+00, +2.665479E-10, 0.0, 0.0, -0.00283195, 0.0
1713463893.1410851, 3.2, 1.711259e-07, 5.738173e-09, 1.570455e-07, 4.765311, 0, 0, 0, +1.499963E+00, +2.665479E-10, -2.3842e-07, 0.0, -0.00283171, 180.0
1713463899.629841, -3.2, 2.489421e-08, 5.738173e-09, 5.416331e-08, 358.0797, 0, 0, 0, +1.499963E+00, +2.665479E-10, 0.0, 0.0, -0.00283171, 0.0
1713463922.2754567, 3.2, 2.003722e-07, 5.738173e-09, 1.858376e-07, 4.017694, 0, 0, 0, +1.999971E+00, +3.626348E-10, -2.3842e-07, 0.0, -0.00283171, 180.0
1713463928.7713406, -3.2, 9.801004e-08, 5.738173e-09, 9.817787e-08, 359.0082, 0, 0, 0, +1.999971E+00, +3.626348E-10, -2.3842e-07, -2.3842e-07, -0.00283171, -135.0
1713463935.2394612, 3.2, 1.930606e-07, 1.304649e-08, 1.931459e-07, 5.800489, 0, 0, 0, +1.999971E+00, +3.626348E-10, -2.3842e-07, 0.0, -0.00283171, 135.0
1713463941.7182696, -3.2, 1.053216e-07, 5.738173e-09, 1.053333e-07, 11.73245, 0, 0, 0, +1.999971E+00, +3.626348E-10, 0.0, 0.0, -0.00283195, 0.0
1713463948.1939642, 3.2, 1.784375e-07, -8.878449e-09, 1.931459e-07, 6.018581, 0, 0, 0, +1.999971E+00, +3.626348E-10, 0.0, 0.0, -0.00283195, 0.0
1713463954.6688015, -3.2, 1.053216e-07, 2.766311e-08, 8.340166e-08, 359.0082, 0, 0, 0, +1.999971E+00, +3.626348E-10, 0.0, 0.0, -0.00283195, 0.0
1713463961.1183121, 3.2, 1.711259e-07, 1.304649e-08, 1.941307e-07, 1.702451, 0, 0, 0, +1.999971E+00, +3.626348E-10, 0.0, 2.3842e-07, -0.00283171, 63.438
1713463967.6065702, -3.2, 1.053216e-07, 5.738173e-09, 9.817787e-08, 3.118527, 0, 0, 0, +1.999971E+00, +3.626348E-10, 0.0, 0.0, -0.00283171, 0.0
1713463974.0619817, 3.2, 1.85749e-07, 2.03548e-08, 2.014034e-07, 359.534, 0, 0, 0, +1.999971E+00, +3.626348E-10, 0.0, 0.0, -0.00283195, 0.0
1713463980.5408337, -3.2, 7.60753e-08, 5.738173e-09, 9.08798e-08, 3.118527, 0, 0, 0, +1.999971E+00, +3.626348E-10, 0.0, 0.0, -0.00283171, 0.0
1713464003.2063231, 3.2, -2.675691e-07, 5.738173e-09, 2.605843e-07, 178.7369, 0, 0, 0, +2.500035E+00, +4.591741E-10, 0.0, 0.0, -0.00283195, 0.0
1713464009.695385, -3.2, -3.260618e-07, 5.738173e-09, 3.48241e-07, 177.9395, 0, 0, 0, +2.500035E+00, +4.591741E-10, 0.0, 0.0, -0.00283195, 0.0
1713464016.2004986, 3.2, -2.602575e-07, -8.878449e-09, 2.456394e-07, 177.1302, 0, 0, 0, +2.500035E+00, +4.591741E-10, 0.0, 0.0, -0.00283171, 90.0
1713464022.6892245, -3.2, -3.699313e-07, -1.570137e-09, 3.553545e-07, 179.0747, 0, 0, 0, +2.500035E+00, +4.591741E-10, -2.3842e-07, 0.0, -0.00283171, 135.0
1713464029.1784017, 3.2, -2.383228e-07, 5.738173e-09, 2.67887e-07, 178.7369, 0, 0, 0, +2.500035E+00, +4.591741E-10, 0.0, -2.3842e-07, -0.00283171, -45.0
1713464035.6632743, -3.2, -3.479965e-07, -1.570137e-09, 3.553545e-07, 179.0747, 0, 0, 0, +2.500035E+00, +4.591741E-10, 0.0, 0.0, -0.00283171, 0.0
1713464042.1389184, 3.2, -2.456344e-07, 5.738173e-09, 2.532822e-07, 178.7369, 0, 0, 0, +2.500035E+00, +4.591741E-10, 0.0, 0.0, -0.00283171, 0.0
1713464048.6099875, -3.2, -3.553081e-07, 5.738173e-09, 3.48241e-07, 177.853, 0, 0, 0, +2.500035E+00, +4.591741E-10, 0.0, 0.0, -0.00283195, 0.0
1713464055.0862522, 3.2, -2.236996e-07, 2.03548e-08, 2.537636e-07, 178.6618, 0, 0, 0, +2.500035E+00, +4.591741E-10, 0.0, -2.3842e-07, -0.00283171, -90.0
1713464061.555293, -3.2, -3.479965e-07, 5.738173e-09, 3.485913e-07, 179.0553, 0, 0, 0, +2.500035E+00, +4.591741E-10, -2.3842e-07, 0.0, -0.00283171, 180.0
1713464084.230701, 3.2, 7.341178e-07, -1.570137e-09, 7.414515e-07, 359.8787, 0, 0, 0, +3.000046E+00, +5.161919E-10, -2.3842e-07, 0.0, -0.00283171, 180.0
1713464090.6960375, -3.2, 6.463787e-07, 1.304649e-08, 6.317817e-07, 359.8559, 0, 0, 0, +3.000046E+00, +5.161919E-10, -2.3842e-07, 0.0, -0.00283171, 180.0
1713464097.1914806, 3.2, 7.268062e-07, 1.304649e-08, 7.415442e-07, 1.018133, 0, 0, 0, +3.000046E+00, +5.161919E-10, 0.0, -2.3842e-07, -0.00283171, -45.0
1713464103.660353, -3.2, 6.390672e-07, 1.304649e-08, 6.318903e-07, 0.514444, 0, 0, 0, +3.000046E+00, +5.161919E-10, 0.0, -2.3842e-07, -0.00283171, -45.0
1713464110.1296077, 3.2, 7.121831e-07, 2.03548e-08, 7.415442e-07, 0.4478388, 0, 0, 0, +3.000046E+00, +5.161919E-10, 0.0, -2.3842e-07, -0.00283171, -90.0
1713464116.6180196, -3.2, 6.756251e-07, -1.570137e-09, 6.317575e-07, 1.183056, 0, 0, 0, +3.000046E+00, +5.161919E-10, -2.3842e-07, 0.0, -0.00283171, 180.0
1713464123.1130679, 3.2, 7.268062e-07, 2.03548e-08, 7.490176e-07, 0.4434226, 0, 0, 0, +3.000046E+00, +5.161919E-10, 0.0, 0.0, -0.00283171, 90.0
1713464129.5983253, -3.2, 6.463787e-07, -1.570137e-09, 6.317817e-07, 1.169524, 0, 0, 0, +3.000046E+00, +5.161919E-10, 0.0, 0.0, -0.00283171, 90.0
1713464136.0605135, 3.2, 7.048715e-07, 1.304649e-08, 7.342337e-07, 0.4434226, 0, 0, 0, +3.000046E+00, +5.161919E-10, 0.0, 0.0, -0.00283171, 0.0
1713464142.525958, -3.2, 6.317556e-07, 5.738173e-09, 6.390691e-07, 1.169524, 0, 0, 0, +3.000046E+00, +5.161919E-10, 0.0, 0.0, -0.00283171, 90.0
1713464165.1612277, 3.2, -2.310112e-07, 5.738173e-09, 2.457014e-07, 178.6618, 0, 0, 0, +3.500113E+00, +6.158986E-10, 0.0, 0.0, -0.00283171, 0.0
1713464171.6305559, -3.2, -3.333734e-07, 5.738173e-09, 3.407333e-07, 177.8069, 0, 0, 0, +3.500113E+00, +6.158986E-10, 0.0, -2.3842e-07, -0.00283171, -90.0
1713464178.1159663, 3.2, -2.310112e-07, 5.738173e-09, 2.386796e-07, 176.9597, 0, 0, 0, +3.500113E+00, +6.158986E-10, 0.0, 0.0, -0.00283171, 90.0
1713464184.5947812, -3.2, -3.260618e-07, 5.738173e-09, 3.407333e-07, 179.0747, 0, 0, 0, +3.500113E+00, +6.158986E-10, 0.0, 0.0, -0.00283171, 90.0
1713464191.1096685, 3.2, -2.383228e-07, 1.304649e-08, 2.459806e-07, 176.8666, 0, 0, 0, +3.500113E+00, +6.158986E-10, 0.0, 0.0, -0.00283195, 0.0
1713464197.5785608, -3.2, -3.333734e-07, 5.738173e-09, 3.553116e-07, 179.0553, 0, 0, 0, +3.500113E+00, +6.158986E-10, -2.3842e-07, 0.0, -0.00283171, 135.0
1713464204.0839796, 3.2, -2.968154e-07, 5.738173e-09, 2.386796e-07, 180.3775, 0, 0, 0, +3.500113E+00, +6.158986E-10, 0.0, 0.0, -0.00283171, 45.0
1713464210.582829, -3.2, -3.04127e-07, 5.738173e-09, 3.699758e-07, 171.2558, 0, 0, 0, +3.500113E+00, +6.158986E-10, 0.0, 0.0, -0.00283171, 90.0
1713464217.0480628, 3.2, -2.383228e-07, 5.738173e-09, 2.310825e-07, 178.7004, 0, 0, 0, +3.500113E+00, +6.158986E-10, 0.0, 0.0, -0.00283195, 0.0
1713464223.5101776, -3.2, -3.333734e-07, 2.03548e-08, 3.558906e-07, 179.0747, 0, 0, 0, +3.500113E+00, +6.158986E-10, 0.0, 0.0, -0.00283195, 0.0
1713464246.1425605, 3.2, 2.149954e-07, 5.738173e-09, 2.150719e-07, 1.478587, 0, 0, 0, +4.000132E+00, +6.575809E-10, 0.0, 0.0, -0.00283171, 90.0
1713464252.644587, -3.2, 6.145213e-08, 4.227973e-08, 1.087686e-07, 337.4935, 0, 0, 0, +4.000132E+00, +6.575809E-10, -2.3842e-07, -2.3842e-07, -0.00283171, -135.0
1713464259.130372, 3.2, 2.369301e-07, 1.304649e-08, 2.150719e-07, 1.528847, 0, 0, 0, +4.000132E+00, +6.575809E-10, 0.0, 0.0, -0.00283171, 90.0
1713464265.5855622, -3.2, 1.126332e-07, -1.618676e-08, 2.934565e-08, 321.7204, 0, 0, 0, +4.000132E+00, +6.575809E-10, 0.0, 0.0, -0.00283195, 0.0
1713464272.0408735, 3.2, 2.22307e-07, 1.304649e-08, 2.077631e-07, 1.478587, 0, 0, 0, +4.000132E+00, +6.575809E-10, 0.0, 0.0, -0.00283171, 90.0
1713464278.5060406, -3.2, 8.338687e-08, 5.738173e-09, 9.887456e-08, 7.582281, 0, 0, 0, +4.000132E+00, +6.575809E-10, 0.0, -2.3842e-07, -0.00283171, -90.0
1713464284.9979508, 3.2, 2.22307e-07, -1.570137e-09, 2.22381e-07, 1.528847, 0, 0, 0, +4.000132E+00, +6.575809E-10, -4.76841e-07, 0.0, -0.00283171, 180.0
1713464291.4770448, -3.2, 1.199448e-07, 2.766311e-08, 9.071205e-08, 359.0822, 0, 0, 0, +4.000132E+00, +6.575809E-10, -2.3842e-07, 0.0, -0.00283171, 135.0
1713464297.9429436, 3.2, 2.149954e-07, -1.570137e-09, 2.150719e-07, 1.528847, 0, 0, 0, +4.000132E+00, +6.575809E-10, 0.0, 0.0, -0.00283171, 90.0
1713464304.4082944, -3.2, 1.34568e-07, 5.738173e-09, 1.206522e-07, 359.1459, 0, 0, 0, +4.000132E+00, +6.575809E-10, 0.0, -2.3842e-07, -0.00283171, -45.0
1713464327.0667524, 3.2, 3.831618e-07, 5.738173e-09, 3.905155e-07, 1.913653, 0, 0, 0, +4.500094E+00, +7.406956E-10, 0.0, 0.0, -0.00283195, 0.0
1713464333.5224006, -3.2, 2.73488e-07, -3.080338e-08, 2.897532e-07, 7.286971, 0, 0, 0, +4.500094E+00, +7.406956E-10, 0.0, 0.0, -0.00283195, 0.0
1713464339.9875321, 3.2, 4.050965e-07, 1.304649e-08, 3.979988e-07, 1.844623, 0, 0, 0, +4.500094E+00, +7.406956E-10, -2.3842e-07, 0.0, -0.00283171, 180.0
1713464346.4697258, -3.2, 2.661765e-07, 5.738173e-09, 2.881683e-07, 359.6877, 0, 0, 0, +4.500094E+00, +7.406956E-10, 0.0, 0.0, -0.00283171, 0.0
1713464352.9444141, 3.2, 3.904734e-07, 1.304649e-08, 3.979988e-07, 359.7779, 0, 0, 0, +4.500094E+00, +7.406956E-10, -2.3842e-07, -2.3842e-07, -0.00283171, -135.0
1713464359.42421, -3.2, 3.173575e-07, 1.304649e-08, 2.884064e-07, 2.592742, 0, 0, 0, +4.500094E+00, +7.406956E-10, 0.0, 0.0, -0.00283195, 0.0
1713464365.9093182, 3.2, 4.270313e-07, 5.738173e-09, 4.051372e-07, 359.7779, 0, 0, 0, +4.500094E+00, +7.406956E-10, 0.0, -2.3842e-07, -0.00283171, -90.0
1713464372.417704, -3.2, 3.831618e-07, 5.738173e-09, 3.180096e-07, 2.409539, 0, 0, 0, +4.500094E+00, +7.406956E-10, 0.0, 0.0, -0.00283171, 90.0
1713464378.8966742, 3.2, 3.831618e-07, 1.304649e-08, 3.979988e-07, 0.8264523, 0, 0, 0, +4.500094E+00, +7.406956E-10, 0.0, -2.3842e-07, -0.00283171, -90.0
1713464385.3629582, -3.2, 3.100459e-07, 1.304649e-08, 2.954785e-07, 1.11275, 0, 0, 0, +4.500094E+00, +7.406956E-10, 0.0, 0.0, -0.00283195, 0.0
1713464407.9974532, 3.2, -1.140259e-07, 5.738173e-09, 1.002552e-07, 169.201, 0, 0, 0, +5.000166E+00, +8.003789E-10, -2.3842e-07, 0.0, -0.00283171, 180.0
1713464414.46324, -3.2, -1.65207e-07, 8.61296e-08, 3.552685e-07, 173.5745, 0, 0, 0, +5.000166E+00, +8.003789E-10, 0.0, 0.0, -0.00283195, 0.0
1713464420.9519467, 3.2, -1.067143e-07, 1.304649e-08, 9.226972e-08, 176.6962, 0, 0, 0, +5.000166E+00, +8.003789E-10, -2.3842e-07, -2.3842e-07, -0.00283171, -135.0
1713464427.437654, -3.2, -2.16388e-07, 2.766311e-08, 2.10065e-07, 178.3709, 0, 0, 0, +5.000166E+00, +8.003789E-10, -2.3842e-07, 0.0, -0.00283171, 135.0
1713464433.9195085, 3.2, -1.28649e-07, 5.738173e-09, 9.95682e-08, 176.4345, 0, 0, 0, +5.000166E+00, +8.003789E-10, -2.3842e-07, 0.0, -0.00283171, 180.0
1713464440.3950975, -3.2, -2.236996e-07, 2.766311e-08, 2.094831e-07, 176.4293, 0, 0, 0, +5.000166E+00, +8.003789E-10, 0.0, 0.0, -0.00283171, 90.0
1713464446.8702323, 3.2, -5.553321e-08, 2.03548e-08, 8.497351e-08, 176.4345, 0, 0, 0, +5.000166E+00, +8.003789E-10, 0.0, 0.0, -0.00283171, 45.0
1713464453.3590162, -3.2, -1.871417e-07, 5.738173e-09, 1.875959e-07, 173.7925, 0, 0, 0, +5.000166E+00, +8.003789E-10, -2.3842e-07, 0.0, -0.00283171, 180.0
1713464459.8548288, 3.2, -1.067143e-07, 1.304649e-08, 9.95682e-08, 176.1279, 0, 0, 0, +5.000166E+00, +8.003789E-10, -2.3842e-07, 0.0, -0.00283171, 180.0
1713464466.3168678, -3.2, -1.871417e-07, 3.497142e-08, 2.16781e-07, 176.6622, 0, 0, 0, +5.000166E+00, +8.003789E-10, 0.0, -4.76841e-07, -0.00283171, -90.0
1713464488.982209, 3.2, -4.352126e-09, 2.03548e-08, 2.689733e-08, 48.01575, 0, 0, 0, +5.500151E+00, +8.987776E-10, 0.0, -2.3842e-07, -0.00283171, -90.0
1713464495.4874527, -3.2, -1.140259e-07, 1.304649e-08, 9.226972e-08, 176.1279, 0, 0, 0, +5.500151E+00, +8.987776E-10, 0.0, 0.0, -0.00283171, 90.0
1713464501.9629252, 3.2, 4.682895e-08, -1.570137e-09, 3.224404e-08, 22.05275, 0, 0, 0, +5.500151E+00, +8.987776E-10, -2.3842e-07, 0.0, -0.00283171, 135.0
1713464508.4420457, -3.2, -9.209113e-08, 1.304649e-08, 1.014653e-07, 171.2515, 0, 0, 0, +5.500151E+00, +8.987776E-10, -2.3842e-07, 0.0, -0.00283171, 180.0
1713464514.958898, 3.2, 3.220579e-08, 1.304649e-08, 2.554698e-08, 22.05275, 0, 0, 0, +5.500151E+00, +8.987776E-10, -2.3842e-07, 0.0, -0.00283171, 180.0
1713464521.4298615, -3.2, -9.209113e-08, 5.738173e-09, 8.497351e-08, 172.5227, 0, 0, 0, +5.500151E+00, +8.987776E-10, 0.0, 0.0, -0.00283195, 0.0
1713464527.9047253, 3.2, 1.027104e-08, 5.738173e-09, 2.554698e-08, 354.897, 0, 0, 0, +5.500151E+00, +8.987776E-10, 0.0, 0.0, -0.00283195, 0.0
1713464534.3698416, -3.2, -5.553321e-08, 2.03548e-08, 8.479407e-08, 176.1279, 0, 0, 0, +5.500151E+00, +8.987776E-10, 0.0, -2.3842e-07, -0.00283171, -90.0
1713464540.8687084, 3.2, 3.951737e-08, 5.738173e-09, 2.554698e-08, 39.27121, 0, 0, 0, +5.500151E+00, +8.987776E-10, 0.0, 0.0, -0.00283171, 90.0
1713464547.3573902, -3.2, -1.067143e-07, -1.570137e-09, 9.226972e-08, 181.061, 0, 0, 0, +5.500151E+00, +8.987776E-10, 0.0, 0.0, -0.00283171, 0.0
1713464569.9997566, 3.2, 7.121831e-07, 1.304649e-08, 7.122062e-07, 1.060368, 0, 0, 0, +6.000190E+00, +9.601707E-10, 0.0, 0.0, -0.00283171, 90.0
1713464576.4815407, -3.2, 5.805745e-07, 1.304649e-08, 5.955456e-07, 0.5523592, 0, 0, 0, +6.000190E+00, +9.601707E-10, -2.3842e-07, -2.3842e-07, -0.00283171, -135.0
1713464582.957173, 3.2, 7.268062e-07, 1.304649e-08, 7.048948e-07, 0.4664195, 0, 0, 0, +6.000190E+00, +9.601707E-10, 0.0, 0.0, -0.00283171, 90.0
1713464589.4360428, -3.2, 6.171324e-07, 2.766311e-08, 6.098478e-07, 0.5592285, 0, 0, 0, +6.000190E+00, +9.601707E-10, -2.3842e-07, 0.0, -0.00283171, 180.0
1713464595.8817244, 3.2, 6.902483e-07, 2.03548e-08, 7.19613e-07, 1.049484, 0, 0, 0, +6.000190E+00, +9.601707E-10, 0.0, 0.0, -0.00283171, 0.0
1713464602.3866649, -3.2, 6.025093e-07, 5.738173e-09, 5.953406e-07, 1.255698, 0, 0, 0, +6.000190E+00, +9.601707E-10, 0.0, 0.0, -0.00283195, 0.0
1713464608.8587945, 3.2, 6.902483e-07, 5.738173e-09, 7.049922e-07, 0.4664195, 0, 0, 0, +6.000190E+00, +9.601707E-10, 0.0, -2.3842e-07, -0.00283171, -90.0
1713464615.3342533, -3.2, 5.878861e-07, 2.766311e-08, 5.955456e-07, 2.661031, 0, 0, 0, +6.000190E+00, +9.601707E-10, 0.0, 0.0, -0.00283171, 90.0
1713464621.8303826, 3.2, 7.268062e-07, 1.304649e-08, 7.270912e-07, 1.620489, 0, 0, 0, +6.000190E+00, +9.601707E-10, 0.0, 0.0, -0.00283195, 0.0
1713464628.3348541, -3.2, 6.025093e-07, -1.570137e-09, 5.878882e-07, 0.5592285, 0, 0, 0, +6.000190E+00, +9.601707E-10, 0.0, 0.0, -0.00283171, 90.0
1713464650.9940126, 3.2, 5.220818e-07, 2.03548e-08, 5.078667e-07, 359.8252, 0, 0, 0, +6.500201E+00, +9.899869E-10, 0.0, 0.0, -0.00283195, 0.0
1713464657.4790468, -3.2, 3.97785e-07, 2.03548e-08, 3.906913e-07, 1.844623, 0, 0, 0, +6.500201E+00, +9.899869E-10, 0.0, 0.0, -0.00283171, 0.0
1713464663.9314473, 3.2, 5.001471e-07, 2.03548e-08, 5.074912e-07, 0.6478539, 0, 0, 0, +6.500201E+00, +9.899869E-10, -2.3842e-07, 0.0, -0.00283171, 180.0
1713464670.4171321, -3.2, 3.97785e-07, 1.304649e-08, 4.053066e-07, 2.92929, 0, 0, 0, +6.500201E+00, +9.899869E-10, 0.0, -2.3842e-07, -0.00283171, -90.0
1713464676.9026058, 3.2, 5.293934e-07, 5.738173e-09, 5.003172e-07, 0.6386527, 0, 0, 0, +6.500201E+00, +9.899869E-10, 0.0, -2.3842e-07, -0.00283171, -90.0
1713464683.3717191, -3.2, 3.97785e-07, 1.304649e-08, 4.124481e-07, 359.7738, 0, 0, 0, +6.500201E+00, +9.899869E-10, 0.0, 0.0, -0.00283195, 0.0
1713464689.846695, 3.2, 5.074587e-07, -1.570137e-09, 5.220842e-07, 2.232702, 0, 0, 0, +6.500201E+00, +9.899869E-10, -2.3842e-07, 0.0, -0.00283171, 135.0
1713464696.3384407, -3.2, 4.124081e-07, 1.304649e-08, 4.124111e-07, 2.77645, 0, 0, 0, +6.500201E+00, +9.899869E-10, 0.0, -2.3842e-07, -0.00283171, -45.0
1713464702.8240685, 3.2, 5.001471e-07, 2.03548e-08, 5.221134e-07, 359.8252, 0, 0, 0, +6.500201E+00, +9.899869E-10, -2.3842e-07, 0.0, -0.00283171, 180.0
1713464709.3091786, -3.2, 3.831618e-07, 5.738173e-09, 4.129101e-07, 0.8115377, 0, 0, 0, +6.500201E+00, +9.899869E-10, 0.0, 0.0, -0.00283171, 0.0
1713464731.9686747, 3.2, -3.626197e-07, -1.570137e-09, 3.699346e-07, 179.0934, 0, 0, 0, +7.000121E+00, +1.066313E-09, -2.3842e-07, 0.0, -0.00283171, 180.0
1713464738.4538338, -3.2, -4.357355e-07, -1.570137e-09, 4.432391e-07, 177.4934, 0, 0, 0, +7.000121E+00, +1.066313E-09, 0.0, -2.3842e-07, -0.00283171, -90.0
1713464744.929156, 3.2, -3.845545e-07, -1.570137e-09, 3.699758e-07, 179.1113, 0, 0, 0, +7.000121E+00, +1.066313E-09, 0.0, -2.3842e-07, -0.00283171, -45.0
1713464751.4110441, -3.2, -4.79605e-07, -1.570137e-09, 4.577062e-07, 179.27, 0, 0, 0, +7.000121E+00, +1.066313E-09, 0.0, 0.0, -0.00283195, 0.0
1713464757.9172747, 3.2, -3.553081e-07, 1.304649e-08, 3.555476e-07, 177.9395, 0, 0, 0, +7.000121E+00, +1.066313E-09, -2.3842e-07, 0.0, -0.00283171, 180.0
1713464764.4056919, -3.2, -4.430471e-07, -1.570137e-09, 4.650666e-07, 180.1966, 0, 0, 0, +7.000121E+00, +1.066313E-09, 0.0, 2.3842e-07, -0.00283171, 90.0
1713464770.901218, 3.2, -3.553081e-07, 5.738173e-09, 3.701613e-07, 179.0934, 0, 0, 0, +7.000121E+00, +1.066313E-09, -2.3842e-07, 0.0, -0.00283171, 135.0
1713464777.399396, -3.2, -4.211124e-07, 1.304649e-08, 4.578562e-07, 178.3671, 0, 0, 0, +7.000121E+00, +1.066313E-09, 0.0, 0.0, -0.00283195, 0.0
1713464783.848189, 3.2, -3.479965e-07, 2.766311e-08, 3.480438e-07, 179.0934, 0, 0, 0, +7.000121E+00, +1.066313E-09, -2.3842e-07, 0.0, -0.00283171, 180.0
1713464790.3142748, -3.2, -4.357355e-07, 5.738173e-09, 4.430843e-07, 179.27, 0, 0, 0, +7.000121E+00, +1.066313E-09, 0.0, 0.0, -0.00283195, 0.0
1713464812.959189, 3.2, -9.940271e-08, 1.304649e-08, 1.141702e-07, 177.1191, 0, 0, 0, +7.499813E+00, +1.159735E-09, -2.3842e-07, 0.0, -0.00283171, 180.0
1713464819.4482453, -3.2, -2.090764e-07, 3.497142e-08, 2.018465e-07, 180.4626, 0, 0, 0, +7.499813E+00, +1.159735E-09, -2.3842e-07, 0.0, -0.00283171, 180.0
1713464825.9033968, 3.2, -1.140259e-07, 5.738173e-09, 1.214731e-07, 173.0298, 0, 0, 0, +7.499813E+00, +1.159735E-09, 0.0, 0.0, -0.00283195, 0.0
1713464832.389413, -3.2, -1.65207e-07, 5.738173e-09, 1.948905e-07, 174.0242, 0, 0, 0, +7.499813E+00, +1.159735E-09, 0.0, 0.0, -0.00283195, 0.0
1713464838.8508952, 3.2, -1.140259e-07, 1.304649e-08, 1.158284e-07, 173.4728, 0, 0, 0, +7.499813E+00, +1.159735E-09, 0.0, -2.3842e-07, -0.00283171, -90.0
1713464845.3364673, -3.2, -1.871417e-07, 1.304649e-08, 2.021862e-07, 172.1931, 0, 0, 0, +7.499813E+00, +1.159735E-09, 2.3842e-07, -2.3842e-07, -0.00283171, -26.562
1713464851.7917423, 3.2, -1.213375e-07, 5.738173e-09, 7.797507e-08, 180.9768, 0, 0, 0, +7.499813E+00, +1.159735E-09, 0.0, 0.0, -0.00283171, 90.0
1713464858.2507415, -3.2, -1.798301e-07, -8.878449e-09, 1.878404e-07, 178.2437, 0, 0, 0, +7.499813E+00, +1.159735E-09, -2.3842e-07, 0.0, -0.00283171, 135.0
1713464864.7461486, 3.2, -9.209113e-08, 4.958804e-08, 1.102415e-07, 173.0298, 0, 0, 0, +7.499813E+00, +1.159735E-09, 0.0, 0.0, -0.00283195, 0.0
1713464871.2078924, -3.2, -2.236996e-07, -2.349507e-08, 2.237051e-07, 174.4394, 0, 0, 0, +7.499813E+00, +1.159735E-09, 0.0, 0.0, -0.00283171, 90.0
1713464893.8609562, 3.2, -1.067143e-07, -3.080338e-08, 1.202265e-07, 180.7414, 0, 0, 0, +7.999867E+00, +1.218915E-09, -2.3842e-07, 0.0, -0.00283171, 180.0
1713464900.368901, -3.2, -2.090764e-07, 5.738173e-09, 2.164641e-07, 178.481, 0, 0, 0, +7.999867E+00, +1.218915E-09, 0.0, 0.0, -0.00283195, 0.0
1713464906.8176186, 3.2, -1.28649e-07, 2.03548e-08, 1.220368e-07, 177.2924, 0, 0, 0, +7.999867E+00, +1.218915E-09, 0.0, 0.0, -0.00283195, 0.0
1713464913.2828622, -3.2, -2.16388e-07, -1.570137e-09, 2.310165e-07, 178.481, 0, 0, 0, +7.999867E+00, +1.218915E-09, 0.0, -2.3842e-07, -0.00283171, -90.0
1713464919.7789223, 3.2, -1.140259e-07, 1.304649e-08, 1.293089e-07, 177.2924, 0, 0, 0, +7.999867E+00, +1.218915E-09, 0.0, -2.3842e-07, -0.00283171, -90.0
1713464926.260182, -3.2, -2.16388e-07, 1.304649e-08, 2.018465e-07, 176.5497, 0, 0, 0, +7.999867E+00, +1.218915E-09, -2.3842e-07, 0.0, -0.00283171, 180.0
1713464932.736064, 3.2, -1.213375e-07, 1.304649e-08, 1.302494e-07, 177.2924, 0, 0, 0, +7.999867E+00, +1.218915E-09, 0.0, 0.0, -0.00283195, 0.0
1713464939.1949985, -3.2, -2.310112e-07, 5.738173e-09, 2.16781e-07, 178.481, 0, 0, 0, +7.999867E+00, +1.218915E-09, 0.0, 0.0, -0.00283171, 90.0
1713464945.6601443, 3.2, -1.432722e-07, -8.878449e-09, 1.214731e-07, 180.6993, 0, 0, 0, +7.999867E+00, +1.218915E-09, -2.3842e-07, 0.0, -0.00283171, 135.0
1713464952.155288, -3.2, -2.310112e-07, -1.570137e-09, 2.091552e-07, 178.5306, 0, 0, 0, +7.999867E+00, +1.218915E-09, 0.0, -2.3842e-07, -0.00283171, -90.0
1713464974.8115463, 3.2, 3.466039e-07, 1.304649e-08, 3.612726e-07, 0.928878, 0, 0, 0, +8.499923E+00, +1.260347E-09, 0.0, 0.0, -0.00283195, 0.0
1713464981.299597, -3.2, 2.515533e-07, 5.738173e-09, 2.66496e-07, 359.6525, 0, 0, 0, +8.499923E+00, +1.260347E-09, 0.0, 0.0, -0.00283171, 45.0
1713464987.8086362, 3.2, 3.831618e-07, 5.738173e-09, 3.466074e-07, 2.111154, 0, 0, 0, +8.499923E+00, +1.260347E-09, -2.3842e-07, -2.3842e-07, -0.00283171, -135.0
1713464994.2940645, -3.2, 2.881112e-07, 5.738173e-09, 2.589285e-07, 1.34585, 0, 0, 0, +8.499923E+00, +1.260347E-09, 0.0, 0.0, -0.00283171, 90.0
1713465000.7626407, 3.2, 3.539155e-07, 1.304649e-08, 3.472011e-07, 0.9689043, 0, 0, 0, +8.499923E+00, +1.260347E-09, 0.0, -2.3842e-07, -0.00283171, -90.0
1713465007.2578566, -3.2, 2.73488e-07, 5.738173e-09, 2.518914e-07, 359.6525, 0, 0, 0, +8.499923E+00, +1.260347E-09, 0.0, -2.3842e-07, -0.00283171, -90.0
1713465013.7602637, 3.2, 3.319807e-07, -8.878449e-09, 3.393408e-07, 0.9484691, 0, 0, 0, +8.499923E+00, +1.260347E-09, 0.0, -2.3842e-07, -0.00283171, -90.0
1713465020.2462583, -3.2, 2.588649e-07, 1.304649e-08, 2.591935e-07, 3.057622, 0, 0, 0, +8.499923E+00, +1.260347E-09, 0.0, 0.0, -0.00283195, 0.0
1713465026.731511, 3.2, 3.685386e-07, 1.304649e-08, 3.760766e-07, 2.06846, 0, 0, 0, +8.499923E+00, +1.260347E-09, -2.3842e-07, 0.0, -0.00283171, 180.0
1713465033.1997812, -3.2, 2.515533e-07, 5.738173e-09, 2.518914e-07, 2.968911, 0, 0, 0, +8.499923E+00, +1.260347E-09, 0.0, 0.0, -0.00283171, 45.0
1713465055.8755322, 3.2, 5.805745e-07, -1.570137e-09, 5.880308e-07, 1.240465, 0, 0, 0, +8.999896E+00, +1.320331E-09, 0.0, -2.3842e-07, -0.00283171, -90.0
1713465062.3908126, -3.2, 5.074587e-07, 5.738173e-09, 5.149356e-07, 1.472719, 0, 0, 0, +8.999896E+00, +1.320331E-09, 0.0, -2.3842e-07, -0.00283171, -45.0
1713465068.8628, 3.2, 5.732629e-07, 1.304649e-08, 6.098478e-07, 0.5592285, 0, 0, 0, +8.999896E+00, +1.320331E-09, 0.0, 0.0, -0.00283195, 0.0
1713465075.3285325, -3.2, 5.220818e-07, 1.304649e-08, 4.928689e-07, 359.8201, 0, 0, 0, +8.999896E+00, +1.320331E-09, 0.0, 0.0, -0.00283195, 0.0
1713465081.807183, 3.2, 6.171324e-07, -1.570137e-09, 5.953406e-07, 1.983, 0, 0, 0, +8.999896E+00, +1.320331E-09, 0.0, -2.3842e-07, -0.00283171, -90.0
1713465088.2829466, -3.2, 4.928355e-07, 1.304649e-08, 5.078667e-07, 1.472719, 0, 0, 0, +8.999896E+00, +1.320331E-09, 0.0, 0.0, -0.00283195, 0.0
1713465094.7577722, 3.2, 5.659513e-07, 5.738173e-09, 6.025366e-07, 1.225597, 0, 0, 0, +8.999896E+00, +1.320331E-09, -2.3842e-07, -2.3842e-07, -0.00283171, -135.0
1713465101.219939, -3.2, 4.928355e-07, 1.304649e-08, 5.005611e-07, 1.472719, 0, 0, 0, +8.999896E+00, +1.320331E-09, 0.0, 0.0, -0.00283171, 90.0
1713465107.695443, 3.2, 5.951977e-07, 1.304649e-08, 6.026505e-07, 1.225597, 0, 0, 0, +8.999896E+00, +1.320331E-09, 0.0, -2.3842e-07, -0.00283171, -90.0
1713465114.1845567, -3.2, 5.147702e-07, 5.738173e-09, 5.074912e-07, 0.6478539, 0, 0, 0, +8.999896E+00, +1.320331E-09, 0.0, 0.0, -0.00283195, 0.0
1713465136.839757, 3.2, 3.100459e-07, 5.738173e-09, 3.249311e-07, 2.301132, 0, 0, 0, +9.499921E+00, +1.382479E-09, -2.3842e-07, 0.0, -0.00283171, 180.0
1713465143.3552334, -3.2, 2.442417e-07, 1.304649e-08, 2.299889e-07, 3.358654, 0, 0, 0, +9.499921E+00, +1.382479E-09, 0.0, 0.0, -0.00283195, 0.0
1713465149.8404486, 3.2, 3.173575e-07, -8.878449e-09, 3.247905e-07, 1.012535, 0, 0, 0, +9.499921E+00, +1.382479E-09, -2.3842e-07, 0.0, -0.00283171, 180.0
1713465156.3425736, -3.2, 2.588649e-07, 1.304649e-08, 2.299889e-07, 1.387366, 0, 0, 0, +9.499921E+00, +1.382479E-09, 0.0, 0.0, -0.00283195, 0.0
1713465162.818009, 3.2, 3.466039e-07, 5.738173e-09, 3.320303e-07, 1.012535, 0, 0, 0, +9.499921E+00, +1.382479E-09, 0.0, 0.0, -0.00283195, 0.0
1713465169.2871742, -3.2, 1.85749e-07, -1.570137e-09, 2.374824e-07, 1.34585, 0, 0, 0, +9.499921E+00, +1.382479E-09, 0.0, 0.0, -0.00283195, 0.0
1713465175.77258, 3.2, 3.246691e-07, 1.304649e-08, 3.247198e-07, 1.012535, 0, 0, 0, +9.499921E+00, +1.382479E-09, 0.0, -2.3842e-07, -0.00283171, -90.0
1713465182.2471433, -3.2, 2.515533e-07, -1.570137e-09, 2.296902e-07, 359.6203, 0, 0, 0, +9.499921E+00, +1.382479E-09, 0.0, 0.0, -0.00283171, 0.0
1713465188.7297063, 3.2, 3.100459e-07, 5.738173e-09, 3.249311e-07, 2.301132, 0, 0, 0, +9.499921E+00, +1.382479E-09, 0.0, 0.0, -0.00283171, 90.0
1713465195.1953866, -3.2, 2.076838e-07, 1.304649e-08, 2.153908e-07, 3.4726, 0, 0, 0, +9.499921E+00, +1.382479E-09, -2.3842e-07, 0.0, -0.00283171, 180.0
1713465217.860701, 3.2, 6.756251e-07, -1.570137e-09, 6.683381e-07, 0.4919323, 0, 0, 0, +9.999968E+00, +1.430598E-09, 0.0, 0.0, -0.00283195, 0.0
1713465224.3192823, -3.2, 5.659513e-07, 2.03548e-08, 5.807211e-07, 1.983, 0, 0, 0, +9.999968E+00, +1.430598E-09, 0.0, 0.0, -0.00283171, 0.0
1713465230.7950091, 3.2, 6.902483e-07, 2.03548e-08, 6.759316e-07, 359.8654, 0, 0, 0, +9.999968E+00, +1.430598E-09, 0.0, -2.3842e-07, -0.00283171, -45.0
1713465237.2736397, -3.2, 6.025093e-07, 1.304649e-08, 5.734113e-07, 1.320566, 0, 0, 0, +9.999968E+00, +1.430598E-09, 0.0, 0.0, -0.00283195, 0.0
1713465243.7426932, 3.2, 6.683135e-07, 5.738173e-09, 6.686234e-07, 0.4919323, 0, 0, 0, +9.999968E+00, +1.430598E-09, 0.0, 0.0, -0.00283171, 90.0
1713465250.187753, -3.2, 5.732629e-07, -1.570137e-09, 5.807211e-07, 1.287316, 0, 0, 0, +9.999968E+00, +1.430598E-09, 0.0, -2.3842e-07, -0.00283171, -90.0
1713465256.6968565, 3.2, 6.902483e-07, 1.304649e-08, 6.830613e-07, 1.094417, 0, 0, 0, +9.999968E+00, +1.430598E-09, -2.3842e-07, 0.0, -0.00283171, 180.0
1713465263.1916728, -3.2, 6.098209e-07, -8.196156e-08, 5.346312e-07, 358.2242, 0, 0, 0, +9.999968E+00, +1.430598E-09, -2.3842e-07, -2.3842e-07, -0.00283171, -135.0
1713465269.657338, 3.2, 7.268062e-07, 4.227973e-08, 6.905483e-07, 1.106258, 0, 0, 0, +9.999968E+00, +1.430598E-09, 0.0, 0.0, -0.00283195, 0.0
1713465276.1594756, -3.2, 5.513282e-07, 1.304649e-08, 5.734113e-07, 1.287316, 0, 0, 0, +9.999968E+00, +1.430598E-09, -2.3842e-07, 0.0, -0.00283171, 135.0
1713465298.8401608, 3.2, -2.968154e-07, 2.03548e-08, 3.188019e-07, 180.2889, 0, 0, 0, +1.049999E+01, +1.464486E-09, 0.0, 0.0, -0.00283171, 90.0
1713465305.310702, -3.2, -4.138008e-07, 1.304649e-08, 4.138406e-07, 177.1333, 0, 0, 0, +1.049999E+01, +1.464486E-09, 0.0, 0.0, -0.00283195, 0.0
1713465311.7891757, 3.2, -3.04127e-07, -8.878449e-09, 3.041812e-07, 178.9444, 0, 0, 0, +1.049999E+01, +1.464486E-09, 0.0, 0.0, -0.00283195, 0.0
1713465318.2852476, -3.2, -3.91866e-07, 2.03548e-08, 4.066985e-07, 178.128, 0, 0, 0, +1.049999E+01, +1.464486E-09, 0.0, -2.3842e-07, -0.00283171, -90.0
1713465324.779684, 3.2, -2.968154e-07, 1.304649e-08, 3.041812e-07, 178.9444, 0, 0, 0, +1.049999E+01, +1.464486E-09, -2.3842e-07, 2.3842e-07, -0.00283171, 116.562
1713465331.2421257, -3.2, -3.699313e-07, 1.304649e-08, 3.928412e-07, 176.3056, 0, 0, 0, +1.049999E+01, +1.464486E-09, 0.0, 0.0, -0.00283171, 0.0
1713465337.7274597, 3.2, -3.114386e-07, 5.738173e-09, 3.114426e-07, 178.9191, 0, 0, 0, +1.049999E+01, +1.464486E-09, 0.0, 0.0, -0.00283195, 0.0
1713465344.186523, -3.2, -4.211124e-07, 1.304649e-08, 3.993908e-07, 177.1333, 0, 0, 0, +1.049999E+01, +1.464486E-09, 0.0, 0.0, -0.00283195, 0.0
1713465350.6415844, 3.2, -2.968154e-07, 1.304649e-08, 3.041311e-07, 178.9191, 0, 0, 0, +1.049999E+01, +1.464486E-09, 0.0, 0.0, -0.00283171, 0.0
1713465357.1069562, -3.2, -3.91866e-07, 5.738173e-09, 3.993908e-07, 178.1617, 0, 0, 0, +1.049999E+01, +1.464486E-09, -4.76841e-07, 0.0, -0.00283171, 180.0
1713465379.7832272, 3.2, 4.709008e-07, 2.03548e-08, 4.930082e-07, 1.539221, 0, 0, 0, +1.099998E+01, +1.514265E-09, 0.0, 0.0, -0.00283195, 0.0
1713465386.2619934, -3.2, 4.124081e-07, -8.878449e-09, 3.75894e-07, 2.027457, 0, 0, 0, +1.099998E+01, +1.514265E-09, -2.3842e-07, 0.0, -0.00283171, 135.0
1713465392.7600994, 3.2, 5.074587e-07, -1.570137e-09, 4.855578e-07, 1.562743, 0, 0, 0, +1.099998E+01, +1.514265E-09, -2.3842e-07, 0.0, -0.00283171, 180.0
1713465399.2493076, -3.2, 3.97785e-07, 1.304649e-08, 3.910036e-07, 0.8579888, 0, 0, 0, +1.099998E+01, +1.514265E-09, 0.0, 0.0, -0.00283171, 0.0
1713465405.724271, 3.2, 5.074587e-07, 5.738173e-09, 4.859504e-07, 2.400626, 0, 0, 0, +1.099998E+01, +1.514265E-09, -2.3842e-07, 0.0, -0.00283171, 180.0
1713465412.2095065, -3.2, 3.685386e-07, 1.304649e-08, 3.906913e-07, 3.040879, 0, 0, 0, +1.099998E+01, +1.514265E-09, -2.3842e-07, 0.0, -0.00283171, 180.0
1713465418.6816695, 3.2, 4.709008e-07, 2.03548e-08, 4.930082e-07, 0.6874714, 0, 0, 0, +1.099998E+01, +1.514265E-09, -2.3842e-07, 0.0, -0.00283171, 135.0
1713465425.1671665, -3.2, 3.904734e-07, 1.304649e-08, 3.833838e-07, 0.8579888, 0, 0, 0, +1.099998E+01, +1.514265E-09, -2.3842e-07, 0.0, -0.00283171, 180.0
1713465431.6559808, 3.2, 4.782124e-07, 1.304649e-08, 5.0018e-07, 1.539221, 0, 0, 0, +1.099998E+01, +1.514265E-09, 0.0, 0.0, -0.00283195, 0.0
1713465438.1311004, -3.2, 3.904734e-07, 1.304649e-08, 3.831649e-07, 1.950142, 0, 0, 0, +1.099998E+01, +1.514265E-09, 0.0, 0.0, -0.00283195, 0.0
1713465460.7776992, 3.2, -3.626197e-07, -1.570137e-09, 3.628543e-07, 180.2432, 0, 0, 0, +1.149994E+01, +1.584104E-09, 0.0, 0.0, -0.00283195, 0.0
1713465467.2562537, -3.2, -4.942282e-07, 1.304649e-08, 4.869192e-07, 177.6062, 0, 0, 0, +1.149994E+01, +1.584104E-09, 0.0, 0.0, -0.00283195, 0.0
1713465473.7435412, 3.2, -3.845545e-07, 5.738173e-09, 3.699758e-07, 177.9395, 0, 0, 0, +1.149994E+01, +1.584104E-09, -2.3842e-07, 0.0, -0.00283171, 180.0
1713465480.2095647, -3.2, -4.79605e-07, 2.766311e-08, 4.869505e-07, 178.4418, 0, 0, 0, +1.149994E+01, +1.584104E-09, -2.3842e-07, 0.0, -0.00283171, 180.0
1713465486.6953654, 3.2, -3.91866e-07, 1.304649e-08, 3.701613e-07, 177.9395, 0, 0, 0, +1.149994E+01, +1.584104E-09, 0.0, 0.0, -0.00283171, 90.0
1713465493.1738482, -3.2, -4.869166e-07, -1.570137e-09, 4.796076e-07, 180.1848, 0, 0, 0, +1.149994E+01, +1.584104E-09, -2.3842e-07, 0.0, -0.00283171, 180.0
1713465499.659881, 3.2, -3.479965e-07, 5.738173e-09, 3.699758e-07, 177.9395, 0, 0, 0, +1.149994E+01, +1.584104E-09, 0.0, 0.0, -0.00283171, 45.0
1713465506.1214015, -3.2, -4.576703e-07, 1.304649e-08, 4.800368e-07, 179.3248, 0, 0, 0, +1.149994E+01, +1.584104E-09, 0.0, -4.76841e-07, -0.00283171, -90.0
1713465512.6069298, 3.2, -3.553081e-07, 1.304649e-08, 3.628543e-07, 179.0934, 0, 0, 0, +1.149994E+01, +1.584104E-09, 0.0, 0.0, -0.00283171, 45.0
1713465519.12228, -3.2, -4.722935e-07, 5.738173e-09, 4.796394e-07, 178.4177, 0, 0, 0, +1.149994E+01, +1.584104E-09, 0.0, 0.0, -0.00283195, 0.0
1713465541.780965, 3.2, 4.270313e-07, 5.738173e-09, 4.051372e-07, 1.844623, 0, 0, 0, +1.200006E+01, +1.659527E-09, -2.3842e-07, -4.76841e-07, -0.00283171, -116.562
1713465548.266636, -3.2, 2.807996e-07, 2.03548e-08, 2.811026e-07, 1.11275, 0, 0, 0, +1.200006E+01, +1.659527E-09, -2.3842e-07, 0.0, -0.00283171, 135.0
1713465554.7418113, 3.2, 4.270313e-07, 1.304649e-08, 4.126144e-07, 1.811941, 0, 0, 0, +1.200006E+01, +1.659527E-09, 0.0, 0.0, -0.00283171, 45.0
1713465561.2242355, -3.2, 3.100459e-07, 5.738173e-09, 3.034179e-07, 2.409539, 0, 0, 0, +1.200006E+01, +1.659527E-09, 0.0, 0.0, -0.00283171, 0.0
1713465567.6893578, 3.2, 4.124081e-07, 1.304649e-08, 4.199224e-07, 0.7832671, 0, 0, 0, +1.200006E+01, +1.659527E-09, 0.0, -2.3842e-07, -0.00283171, -90.0
1713465574.1882737, -3.2, 3.319807e-07, -8.878449e-09, 3.027384e-07, 2.528657, 0, 0, 0, +1.200006E+01, +1.659527E-09, 0.0, 0.0, -0.00283195, 0.0
1713465580.6537535, 3.2, 4.050965e-07, 5.738173e-09, 4.133348e-07, 2.825595, 0, 0, 0, +1.200006E+01, +1.659527E-09, 0.0, 0.0, -0.00283195, 0.0
1713465587.149747, -3.2, 2.73488e-07, 5.738173e-09, 2.957107e-07, 1.085882, 0, 0, 0, +1.200006E+01, +1.659527E-09, -2.3842e-07, 0.0, -0.00283171, 135.0
1713465593.621101, 3.2, 4.124081e-07, 1.304649e-08, 4.129101e-07, 0.7832671, 0, 0, 0, +1.200006E+01, +1.659527E-09, 0.0, 0.0, -0.00283171, 90.0
1713465600.1163402, -3.2, 2.881112e-07, 1.304649e-08, 2.961232e-07, 1.11275, 0, 0, 0, +1.200006E+01, +1.659527E-09, 0.0, 0.0, -0.00283195, 0.0
1713465622.7621388, 3.2, 3.61227e-07, 5.738173e-09, 3.76401e-07, 0.8746771, 0, 0, 0, +1.250003E+01, +1.722127E-09, 0.0, 0.0, -0.00283195, 0.0
1713465629.2209897, -3.2, 3.027344e-07, -1.570137e-09, 2.734925e-07, 1.170683, 0, 0, 0, +1.250003E+01, +1.722127E-09, -2.3842e-07, 0.0, -0.00283171, 180.0
1713465635.6770666, 3.2, 3.97785e-07, 5.738173e-09, 3.832047e-07, 0.8579888, 0, 0, 0, +1.250003E+01, +1.722127E-09, 0.0, 0.0, -0.00283195, 0.0
1713465642.1453705, -3.2, 2.73488e-07, 2.03548e-08, 2.748835e-07, 4.372958, 0, 0, 0, +1.250003E+01, +1.722127E-09, 0.0, -2.3842e-07, -0.00283171, -90.0
1713465648.6389403, 3.2, 3.97785e-07, -8.878449e-09, 3.905155e-07, 0.8419254, 0, 0, 0, +1.250003E+01, +1.722127E-09, 0.0, 0.0, -0.00283171, 0.0
1713465655.1192265, -3.2, 2.661765e-07, 1.304649e-08, 2.66496e-07, 359.6525, 0, 0, 0, +1.250003E+01, +1.722127E-09, 0.0, -2.3842e-07, -0.00283171, -90.0
1713465661.5879867, 3.2, 3.904734e-07, -1.570137e-09, 3.832047e-07, 1.950142, 0, 0, 0, +1.250003E+01, +1.722127E-09, 0.0, 0.0, -0.00283171, 90.0
1713465668.0633886, -3.2, 2.881112e-07, 1.304649e-08, 2.661811e-07, 1.269849, 0, 0, 0, +1.250003E+01, +1.722127E-09, -2.3842e-07, -2.3842e-07, -0.00283171, -135.0
1713465674.558957, 3.2, 3.831618e-07, 5.738173e-09, 3.904765e-07, 1.950142, 0, 0, 0, +1.250003E+01, +1.722127E-09, -2.3842e-07, 0.0, -0.00283171, 180.0
1713465681.0607755, -3.2, 2.661765e-07, -1.570137e-09, 2.73799e-07, 359.6711, 0, 0, 0, +1.250003E+01, +1.722127E-09, -2.3842e-07, 0.0, -0.00283171, 180.0
1713465703.7231996, 3.2, 5.732629e-07, 1.304649e-08, 5.51358e-07, 1.355579, 0, 0, 0, +1.299974E+01, +1.770848E-09, -2.3842e-07, 0.0, -0.00283171, 135.0
1713465710.2025683, -3.2, 4.343429e-07, 2.03548e-08, 4.421232e-07, 1.692027, 0, 0, 0, +1.299974E+01, +1.770848E-09, 0.0, 0.0, -0.00283171, 90.0
1713465716.660702, 3.2, 5.440166e-07, -8.878449e-09, 5.659535e-07, 359.841, 0, 0, 0, +1.299974E+01, +1.770848E-09, 0.0, -2.3842e-07, -0.00283171, -90.0
1713465723.1559894, -3.2, 4.343429e-07, 2.03548e-08, 4.418471e-07, 1.692027, 0, 0, 0, +1.299974E+01, +1.770848E-09, 0.0, 0.0, -0.00283195, 0.0
1713465729.6350527, 3.2, 5.586398e-07, 1.304649e-08, 5.732917e-07, 0.5734927, 0, 0, 0, +1.299974E+01, +1.770848E-09, 0.0, 0.0, -0.00283171, 45.0
1713465736.1135197, -3.2, 4.416544e-07, 5.738173e-09, 4.490027e-07, 1.692027, 0, 0, 0, +1.299974E+01, +1.770848E-09, 0.0, 0.0, -0.00283171, 45.0
1713465742.5789127, 3.2, 5.513282e-07, 5.738173e-09, 5.659804e-07, 2.059791, 0, 0, 0, +1.299974E+01, +1.770848E-09, 0.0, 0.0, -0.00283171, 90.0
1713465749.037675, -3.2, 4.635892e-07, 5.738173e-09, 4.491556e-07, 1.664487, 0, 0, 0, +1.299974E+01, +1.770848E-09, -2.3842e-07, 0.0, -0.00283171, 180.0
1713465755.5132124, 3.2, 5.951977e-07, 3.497142e-08, 5.661017e-07, 1.320566, 0, 0, 0, +1.299974E+01, +1.770848E-09, 0.0, -2.3842e-07, -0.00283171, -90.0
1713465761.9984355, -3.2, 4.416544e-07, 5.738173e-09, 4.421232e-07, 1.664487, 0, 0, 0, +1.299974E+01, +1.770848E-09, 0.0, 0.0, -0.00283171, 45.0
1713465784.637401, 3.2, -2.968154e-07, 2.03548e-08, 2.822506e-07, 180.3188, 0, 0, 0, +1.349971E+01, +1.796643E-09, 0.0, 0.0, -0.00283195, 0.0
1713465791.0827274, -3.2, -4.211124e-07, -1.570137e-09, 3.992189e-07, 180.2254, 0, 0, 0, +1.349971E+01, +1.796643E-09, 0.0, 0.0, -0.00283195, 0.0
1713465797.5696151, 3.2, -2.968154e-07, 1.304649e-08, 2.822506e-07, 178.8645, 0, 0, 0, +1.349971E+01, +1.796643E-09, 2.3842e-07, 0.0, -0.00283171, 0.0
1713465804.050266, -3.2, -4.430471e-07, 2.03548e-08, 4.140064e-07, 180.2137, 0, 0, 0, +1.349971E+01, +1.796643E-09, 0.0, 0.0, -0.00283171, 90.0
1713465810.5257246, 3.2, -2.456344e-07, 5.738173e-09, 2.749406e-07, 177.3529, 0, 0, 0, +1.349971E+01, +1.796643E-09, 0.0, -2.3842e-07, -0.00283171, -90.0
1713465817.0213258, -3.2, -3.845545e-07, -1.570137e-09, 4.066985e-07, 179.1764, 0, 0, 0, +1.349971E+01, +1.796643E-09, 0.0, 0.0, -0.00283171, 0.0
1713465823.4899795, 3.2, -2.895039e-07, 1.304649e-08, 2.748852e-07, 178.8041, 0, 0, 0, +1.349971E+01, +1.796643E-09, 0.0, -2.3842e-07, -0.00283171, -90.0
1713465830.018377, -3.2, -3.91866e-07, 5.738173e-09, 4.064922e-07, 178.128, 0, 0, 0, +1.349971E+01, +1.796643E-09, -2.3842e-07, 2.3842e-07, -0.00283171, 116.562
1713465836.4773247, 3.2, -2.602575e-07, 5.738173e-09, 2.751901e-07, 177.2085, 0, 0, 0, +1.349971E+01, +1.796643E-09, -2.3842e-07, 0.0, -0.00283171, 180.0
1713465842.972773, -3.2, -4.138008e-07, -1.570137e-09, 4.066985e-07, 178.1617, 0, 0, 0, +1.349971E+01, +1.796643E-09, 0.0, 0.0, -0.00283195, 0.0
1713465865.5983543, 3.2, -2.602575e-07, 1.304649e-08, 2.532822e-07, 176.9597, 0, 0, 0, +1.399969E+01, +1.856175E-09, -2.3842e-07, 0.0, -0.00283171, 135.0
1713465872.0871844, -3.2, -3.91866e-07, -1.570137e-09, 3.699758e-07, 177.9395, 0, 0, 0, +1.399969E+01, +1.856175E-09, 0.0, 0.0, -0.00283171, 0.0
1713465878.5625215, 3.2, -2.821923e-07, 1.304649e-08, 2.456394e-07, 176.9597, 0, 0, 0, +1.399969E+01, +1.856175E-09, 0.0, 0.0, -0.00283171, 0.0
1713465885.0348833, -3.2, -3.479965e-07, 1.304649e-08, 3.626651e-07, 179.1113, 0, 0, 0, +1.399969E+01, +1.856175E-09, 0.0, 0.0, -0.00283171, 90.0
1713465891.510137, 3.2, -2.52946e-07, 5.738173e-09, 2.456394e-07, 183.6616, 0, 0, 0, +1.399969E+01, +1.856175E-09, -2.3842e-07, 0.0, -0.00283171, 180.0
1713465897.9959173, -3.2, -3.479965e-07, 5.738173e-09, 3.699758e-07, 181.3749, 0, 0, 0, +1.399969E+01, +1.856175E-09, 0.0, -2.3842e-07, -0.00283171, -90.0
1713465904.4708307, 3.2, -2.52946e-07, 5.738173e-09, 2.530111e-07, 180.3663, 0, 0, 0, +1.399969E+01, +1.856175E-09, 0.0, 0.0, -0.00283195, 0.0
1713465910.949865, -3.2, -3.845545e-07, 1.304649e-08, 3.699758e-07, 177.8971, 0, 0, 0, +1.399969E+01, +1.856175E-09, -2.3842e-07, 0.0, -0.00283171, 180.0
1713465917.438271, 3.2, -2.310112e-07, -1.570137e-09, 2.383919e-07, 178.6618, 0, 0, 0, +1.399969E+01, +1.856175E-09, 0.0, 0.0, -0.00283171, 90.0
1713465923.9071734, -3.2, -3.479965e-07, 1.304649e-08, 3.626651e-07, 179.1113, 0, 0, 0, +1.399969E+01, +1.856175E-09, -2.3842e-07, 0.0, -0.00283171, 135.0
1713465946.5729477, 3.2, 4.416544e-07, 5.738173e-09, 4.709034e-07, 0.7322496, 0, 0, 0, +1.449982E+01, +1.915156E-09, 2.3842e-07, 0.0, -0.00283171, 0.0
1713465953.0680807, -3.2, 3.831618e-07, 2.03548e-08, 3.541558e-07, 0.9484691, 0, 0, 0, +1.449982E+01, +1.915156E-09, 0.0, 0.0, -0.00283171, 45.0
1713465959.5569155, 3.2, 4.782124e-07, 1.304649e-08, 4.709357e-07, 0.7091544, 0, 0, 0, +1.449982E+01, +1.915156E-09, 0.0, 0.0, -0.00283171, 0.0
1713465966.0521402, -3.2, 3.831618e-07, 5.689635e-08, 3.564319e-07, 2.111154, 0, 0, 0, +1.449982E+01, +1.915156E-09, 0.0, 0.0, -0.00283171, 90.0
1713465972.5143194, 3.2, 4.562776e-07, 1.304649e-08, 4.636247e-07, 1.637829, 0, 0, 0, +1.449982E+01, +1.915156E-09, 0.0, 0.0, -0.00283195, 0.0
1713465978.989477, -3.2, 3.319807e-07, 5.738173e-09, 3.468493e-07, 2.155647, 0, 0, 0, +1.449982E+01, +1.915156E-09, 0.0, -2.3842e-07, -0.00283171, -90.0
1713465985.4553037, 3.2, 4.635892e-07, -8.878449e-09, 4.635918e-07, 0.7091544, 0, 0, 0, +1.449982E+01, +1.915156E-09, 0.0, 0.0, -0.00283171, 90.0
1713465991.910576, -3.2, 3.246691e-07, 2.766311e-08, 3.466514e-07, 2.155647, 0, 0, 0, +1.449982E+01, +1.915156E-09, 0.0, 0.0, -0.00283195, 0.0
1713465998.3794413, 3.2, 4.635892e-07, 5.738173e-09, 4.709357e-07, 359.8028, 0, 0, 0, +1.449982E+01, +1.915156E-09, 0.0, 0.0, -0.00283171, 90.0
1713466004.8680644, -3.2, 3.100459e-07, 2.03548e-08, 3.39296e-07, 0.9484691, 0, 0, 0, +1.449982E+01, +1.915156E-09, 0.0, 0.0, -0.00283195, 0.0
1713466027.5436788, 3.2, 6.24444e-07, 5.738173e-09, 6.172703e-07, 0.5391147, 0, 0, 0, +1.499981E+01, +1.967748E-09, 0.0, 0.0, -0.00283171, 45.0
1713466034.002321, -3.2, 5.220818e-07, 5.738173e-09, 5.076263e-07, 0.6297094, 0, 0, 0, +1.499981E+01, +1.967748E-09, 0.0, 0.0, -0.00283171, 90.0
1713466040.4978101, 3.2, 6.098209e-07, 5.738173e-09, 6.171591e-07, 359.8507, 0, 0, 0, +1.499981E+01, +1.967748E-09, 0.0, 0.0, -0.00283171, 90.0
1713466047.033526, -3.2, 4.928355e-07, 1.304649e-08, 5.221134e-07, 359.8301, 0, 0, 0, +1.499981E+01, +1.967748E-09, 0.0, 0.0, -0.00283195, 0.0
1713466053.5121362, 3.2, 6.24444e-07, -1.570137e-09, 6.171344e-07, 0.5327278, 0, 0, 0, +1.499981E+01, +1.967748E-09, -2.3842e-07, 0.0, -0.00283171, 135.0
1713466059.9939997, -3.2, 6.025093e-07, 2.03548e-08, 4.958662e-07, 356.7592, 0, 0, 0, +1.499981E+01, +1.967748E-09, 0.0, 0.0, -0.00283195, 0.0
1713466066.4693997, 3.2, 6.24444e-07, 2.03548e-08, 6.244703e-07, 1.211081, 0, 0, 0, +1.499981E+01, +1.967748E-09, 0.0, 0.0, -0.00283171, 90.0
1713466072.9351351, -3.2, 5.074587e-07, 5.738173e-09, 5.221134e-07, 359.8277, 0, 0, 0, +1.499981E+01, +1.967748E-09, 0.0, 0.0, -0.00283195, 0.0
1713466079.450626, 3.2, 6.317556e-07, 5.738173e-09, 6.317817e-07, 1.225597, 0, 0, 0, +1.499981E+01, +1.967748E-09, 0.0, 0.0, -0.00283171, 0.0
1713466085.9220831, -3.2, 4.855239e-07, 5.738173e-09, 5.149356e-07, 0.6386527, 0, 0, 0, +1.499981E+01, +1.967748E-09, 0.0, 0.0, -0.00283171, 90.0
1713466108.574861, 3.2, 5.732629e-07, 5.738173e-09, 5.880308e-07, 0.5523592, 0, 0, 0, +1.549977E+01, +2.035023E-09, 0.0, -2.3842e-07, -0.00283171, -90.0
1713466115.0567129, -3.2, 4.855239e-07, 5.738173e-09, 4.928689e-07, 0.657324, 0, 0, 0, +1.549977E+01, +2.035023E-09, -2.3842e-07, 0.0, -0.00283171, 180.0
1713466121.5120063, 3.2, 6.025093e-07, 2.03548e-08, 5.953406e-07, 1.271311, 0, 0, 0, +1.549977E+01, +2.035023E-09, 0.0, 0.0, -0.00283171, 90.0
1713466127.9770994, -3.2, 4.928355e-07, 1.304649e-08, 5.076263e-07, 2.365051, 0, 0, 0, +1.549977E+01, +2.035023E-09, 0.0, 0.0, -0.00283171, 90.0
1713466134.466664, 3.2, 6.025093e-07, 1.304649e-08, 5.879141e-07, 359.8488, 0, 0, 0, +1.549977E+01, +2.035023E-09, -2.3842e-07, 0.0, -0.00283171, 135.0
1713466140.9516733, -3.2, 5.001471e-07, 1.304649e-08, 5.005611e-07, 0.6386527, 0, 0, 0, +1.549977E+01, +2.035023E-09, 0.0, 0.0, -0.00283171, 45.0
1713466147.4104195, 3.2, 6.098209e-07, 2.766311e-08, 5.955456e-07, 2.661031, 0, 0, 0, +1.549977E+01, +2.035023E-09, 0.0, 0.0, -0.00283195, 0.0
1713466153.8998725, -3.2, 4.855239e-07, -1.570137e-09, 5.0018e-07, 2.330515, 0, 0, 0, +1.549977E+01, +2.035023E-09, -2.3842e-07, 0.0, -0.00283171, 180.0
1713466160.3748217, 3.2, 5.951977e-07, 2.03548e-08, 6.026505e-07, 0.5456566, 0, 0, 0, +1.549977E+01, +2.035023E-09, 0.0, 0.0, -0.00283171, 0.0
1713466166.8498938, -3.2, 5.220818e-07, -1.570137e-09, 5.074912e-07, 1.516396, 0, 0, 0, +1.549977E+01, +2.035023E-09, 0.0, -2.3842e-07, -0.00283171, -90.0
1713466189.518909, 3.2, -6.258367e-07, 5.738173e-09, 6.039292e-07, 178.7772, 0, 0, 0, +1.599977E+01, +2.094955E-09, 0.0, 0.0, -0.00283171, 90.0
1713466196.0046508, -3.2, -6.843294e-07, 1.304649e-08, 6.989761e-07, 178.9306, 0, 0, 0, +1.599977E+01, +2.094955E-09, -4.76841e-07, 0.0, -0.00283171, 180.0
1713466202.5062778, 3.2, -6.112135e-07, 5.738173e-09, 6.112405e-07, 179.4621, 0, 0, 0, +1.599977E+01, +2.094955E-09, -2.3842e-07, 0.0, -0.00283171, 135.0
1713466209.0118043, -3.2, -7.062641e-07, 1.304649e-08, 7.062875e-07, 179.5345, 0, 0, 0, +1.599977E+01, +2.094955E-09, 0.0, 0.0, -0.00283195, 0.0
1713466215.4969952, 3.2, -5.746556e-07, 5.738173e-09, 6.039292e-07, 179.4556, 0, 0, 0, +1.599977E+01, +2.094955E-09, -2.3842e-07, -2.3842e-07, -0.00283171, -135.0
1713466221.9559827, -3.2, -6.989525e-07, 2.03548e-08, 7.071295e-07, 179.5296, 0, 0, 0, +1.599977E+01, +2.094955E-09, -2.3842e-07, 0.0, -0.00283171, 180.0
1713466228.444669, 3.2, -5.965903e-07, 1.304649e-08, 6.039292e-07, 179.4556, 0, 0, 0, +1.599977E+01, +2.094955E-09, 0.0, -2.3842e-07, -0.00283171, -90.0
1713466234.9299898, -3.2, -7.135757e-07, 2.03548e-08, 6.989761e-07, 179.5345, 0, 0, 0, +1.599977E+01, +2.094955E-09, 0.0, 0.0, -0.00283171, 0.0
1713466241.425596, 3.2, -5.892788e-07, 1.304649e-08, 5.96618e-07, 178.7624, 0, 0, 0, +1.599977E+01, +2.094955E-09, -2.3842e-07, 0.0, -0.00283171, 135.0
1713466247.9143806, -3.2, -6.989525e-07, 1.304649e-08, 6.992489e-07, 178.9306, 0, 0, 0, +1.599977E+01, +2.094955E-09, 0.0, 0.0, -0.00283195, 0.0
1713466270.540092, 3.2, 5.440166e-07, 5.738173e-09, 5.368636e-07, 0.6043215, 0, 0, 0, +1.649988E+01, +2.135936E-09, 0.0, 0.0, -0.00283195, 0.0
1713466277.0351517, -3.2, 4.124081e-07, 5.738173e-09, 4.270342e-07, 359.7929, 0, 0, 0, +1.649988E+01, +2.135936E-09, 0.0, 0.0, -0.00283171, 90.0
1713466283.534097, 3.2, 5.220818e-07, 5.738173e-09, 5.294245e-07, 1.392499, 0, 0, 0, +1.649988E+01, +2.135936E-09, -4.76841e-07, 0.0, -0.00283171, 153.438
1713466290.0229352, -3.2, 4.48966e-07, 5.738173e-09, 4.416917e-07, 1.664487, 0, 0, 0, +1.649988E+01, +2.135936E-09, 0.0, 0.0, -0.00283195, 0.0
1713466296.511282, 3.2, 5.001471e-07, 1.304649e-08, 5.443972e-07, 0.6125536, 0, 0, 0, +1.649988E+01, +2.135936E-09, -2.3842e-07, -2.3842e-07, -0.00283171, -135.0
1713466303.006997, -3.2, 4.343429e-07, 2.03548e-08, 4.345387e-07, 1.720493, 0, 0, 0, +1.649988E+01, +2.135936E-09, 0.0, 0.0, -0.00283171, 0.0
1713466309.4862838, 3.2, 5.36705e-07, 1.304649e-08, 5.44173e-07, 0.6043215, 0, 0, 0, +1.649988E+01, +2.135936E-09, 0.0, 0.0, -0.00283195, 0.0
1713466315.9643345, -3.2, 3.97785e-07, 5.738173e-09, 4.343808e-07, 0.7443706, 0, 0, 0, +1.649988E+01, +2.135936E-09, 0.0, 0.0, -0.00283195, 0.0
1713466322.4597704, 3.2, 5.220818e-07, 5.738173e-09, 5.301156e-07, 2.171929, 0, 0, 0, +1.649988E+01, +2.135936E-09, -2.3842e-07, 0.0, -0.00283171, 135.0
1713466328.948501, -3.2, 4.416544e-07, 5.738173e-09, 4.418471e-07, 1.692027, 0, 0, 0, +1.649988E+01, +2.135936E-09, 0.0, 0.0, -0.00283171, 90.0
1713466351.5845022, 3.2, 5.440166e-07, 1.304649e-08, 5.295541e-07, 359.8301, 0, 0, 0, +1.699990E+01, +2.213520E-09, 0.0, 0.0, -0.00283171, 0.0
1713466358.0401247, -3.2, 4.124081e-07, 1.304649e-08, 4.197589e-07, 1.749933, 0, 0, 0, +1.699990E+01, +2.213520E-09, 0.0, 0.0, -0.00283171, 0.0
1713466364.5286882, 3.2, 5.293934e-07, 5.738173e-09, 5.368636e-07, 0.6125536, 0, 0, 0, +1.699990E+01, +2.213520E-09, -2.3842e-07, 0.0, -0.00283171, 180.0
1713466371.0270195, -3.2, 4.124081e-07, 5.738173e-09, 4.197589e-07, 0.7698577, 0, 0, 0, +1.699990E+01, +2.213520E-09, -2.3842e-07, -2.3842e-07, -0.00283171, -135.0
1713466377.5059114, 3.2, 5.147702e-07, 1.304649e-08, 5.295541e-07, 1.392499, 0, 0, 0, +1.699990E+01, +2.213520E-09, 0.0, 0.0, -0.00283171, 90.0
1713466383.981202, -3.2, 3.97785e-07, 5.738173e-09, 4.270699e-07, 0.7568997, 0, 0, 0, +1.699990E+01, +2.213520E-09, 0.0, -2.3842e-07, -0.00283171, -90.0
1713466390.4766533, 3.2, 5.220818e-07, 5.738173e-09, 5.367356e-07, 1.392499, 0, 0, 0, +1.699990E+01, +2.213520E-09, 0.0, 0.0, -0.00283195, 0.0
1713466396.9353473, -3.2, 4.124081e-07, 5.738173e-09, 4.345387e-07, 1.692027, 0, 0, 0, +1.699990E+01, +2.213520E-09, 0.0, 0.0, -0.00283171, 90.0
1713466403.404011, 3.2, 5.513282e-07, 5.738173e-09, 5.44173e-07, 0.6043215, 0, 0, 0, +1.699990E+01, +2.213520E-09, 0.0, 0.0, -0.00283171, 0.0
1713466409.8693047, -3.2, 4.124081e-07, 5.738173e-09, 4.270699e-07, 0.7698577, 0, 0, 0, +1.699990E+01, +2.213520E-09, 0.0, -4.76841e-07, -0.00283171, -63.438
1713466432.558362, 3.2, -2.675691e-07, 5.738173e-09, 3.412925e-07, 173.0728, 0, 0, 0, +1.749994E+01, +2.247108E-09, 0.0, 0.0, -0.00283195, 0.0
1713466439.0438182, -3.2, -4.722935e-07, 2.03548e-08, 4.57673e-07, 178.3406, 0, 0, 0, +1.749994E+01, +2.247108E-09, 0.0, -2.3842e-07, -0.00283171, -90.0
1713466445.5399895, 3.2, -3.333734e-07, 5.738173e-09, 3.406886e-07, 179.0553, 0, 0, 0, +1.749994E+01, +2.247108E-09, -2.3842e-07, 0.0, -0.00283171, 135.0
1713466452.0184896, -3.2, -4.649819e-07, 5.738173e-09, 4.577062e-07, 177.4534, 0, 0, 0, +1.749994E+01, +2.247108E-09, 0.0, 0.0, -0.00283195, 0.0
1713466458.4671278, 3.2, -3.406849e-07, -1.570137e-09, 3.407333e-07, 179.035, 0, 0, 0, +1.749994E+01, +2.247108E-09, 0.0, -2.3842e-07, -0.00283171, -45.0
1713466464.9223487, -3.2, -4.357355e-07, 1.304649e-08, 4.432391e-07, 179.2579, 0, 0, 0, +1.749994E+01, +2.247108E-09, 0.0, -2.3842e-07, -0.00283171, -45.0
1713466471.39088, 3.2, -3.479965e-07, 5.738173e-09, 3.553545e-07, 177.853, 0, 0, 0, +1.749994E+01, +2.247108E-09, 0.0, 0.0, -0.00283171, 0.0
1713466477.856718, -3.2, -4.503587e-07, 1.304649e-08, 4.577062e-07, 177.4534, 0, 0, 0, +1.749994E+01, +2.247108E-09, 0.0, 0.0, -0.00283195, 0.0
1713466484.3156939, 3.2, -2.968154e-07, -1.570137e-09, 3.334916e-07, 181.5598, 0, 0, 0, +1.749994E+01, +2.247108E-09, 0.0, 0.0, -0.00283195, 0.0
1713466490.793741, -3.2, -4.357355e-07, 2.03548e-08, 4.505476e-07, 177.3695, 0, 0, 0, +1.749994E+01, +2.247108E-09, 0.0, 0.0, -0.00283195, 0.0
1713466513.4161456, 3.2, -1.725185e-07, 5.738173e-09, 1.872297e-07, 180.4807, 0, 0, 0, +1.799989E+01, +2.308700E-09, 0.0, 0.0, -0.00283171, 45.0
1713466519.9050782, -3.2, -2.968154e-07, 2.766311e-08, 3.048075e-07, 177.4197, 0, 0, 0, +1.799989E+01, +2.308700E-09, 0.0, 0.0, -0.00283195, 0.0
1713466526.3935535, 3.2, -2.017649e-07, 5.738173e-09, 1.875959e-07, 178.2437, 0, 0, 0, +1.799989E+01, +2.308700E-09, -2.3842e-07, 0.0, -0.00283171, 180.0
1713466532.8889663, -3.2, -3.114386e-07, -1.570137e-09, 2.895607e-07, 178.8645, 0, 0, 0, +1.799989E+01, +2.308700E-09, 0.0, 0.0, -0.00283195, 0.0
1713466539.3677468, 3.2, -2.090764e-07, 4.227973e-08, 1.803027e-07, 176.0121, 0, 0, 0, +1.799989E+01, +2.308700E-09, -2.3842e-07, 0.0, -0.00283171, 180.0
1713466545.8630755, -3.2, -3.187502e-07, -8.878449e-09, 2.97102e-07, 177.4832, 0, 0, 0, +1.799989E+01, +2.308700E-09, 0.0, 0.0, -0.00283171, 90.0
1713466552.3353953, 3.2, -1.871417e-07, -3.811169e-08, 1.944596e-07, 173.7925, 0, 0, 0, +1.799989E+01, +2.308700E-09, 0.0, 0.0, -0.00283195, 0.0
1713466558.8209124, -3.2, -3.114386e-07, -1.570137e-09, 2.97102e-07, 178.8925, 0, 0, 0, +1.799989E+01, +2.308700E-09, 0.0, 0.0, -0.00283195, 0.0
1713466565.306014, 3.2, -1.505838e-07, -2.349507e-08, 1.878404e-07, 178.2437, 0, 0, 0, +1.799989E+01, +2.308700E-09, 0.0, 0.0, -0.00283195, 0.0
1713466571.7542732, -3.2, -2.895039e-07, -1.570137e-09, 2.895607e-07, 178.8925, 0, 0, 0, +1.799989E+01, +2.308700E-09, 0.0, 0.0, -0.00283195, 0.0
1713466594.3807335, 3.2, -1.798301e-07, -3.080338e-08, 1.359697e-07, 177.5833, 0, 0, 0, +1.849965E+01, +2.387944E-09, -2.3842e-07, 0.0, -0.00283171, 180.0
1713466600.886071, -3.2, -2.383228e-07, -1.570137e-09, 2.383919e-07, 176.8666, 0, 0, 0, +1.849965E+01, +2.387944E-09, 0.0, 0.0, -0.00283195, 0.0
1713466607.3813658, 3.2, -1.432722e-07, 5.738173e-09, 1.287769e-07, 183.9479, 0, 0, 0, +1.849965E+01, +2.387944E-09, 0.0, 0.0, -0.00283195, 0.0
1713466613.8433375, -3.2, -2.383228e-07, 5.738173e-09, 2.313793e-07, 176.7676, 0, 0, 0, +1.849965E+01, +2.387944E-09, 0.0, 0.0, -0.00283195, 0.0
1713466620.319278, 3.2, -2.090764e-07, -7.465325e-08, 1.741111e-07, 183.7362, 0, 0, 0, +1.849965E+01, +2.387944E-09, 0.0, 0.0, -0.00283195, 0.0
1713466626.8074193, -3.2, -2.602575e-07, -1.570137e-09, 2.38328e-07, 178.5771, 0, 0, 0, +1.849965E+01, +2.387944E-09, 0.0, 0.0, -0.00283171, 90.0
1713466633.2827888, 3.2, -1.067143e-07, 2.03548e-08, 1.293089e-07, 177.4461, 0, 0, 0, +1.849965E+01, +2.387944E-09, 0.0, 2.3842e-07, -0.00283171, 90.0
1713466639.7913182, -3.2, -2.383228e-07, -1.570137e-09, 2.457014e-07, 176.9597, 0, 0, 0, +1.849965E+01, +2.387944E-09, -2.3842e-07, -2.3842e-07, -0.00283171, -135.0
1713466646.270254, 3.2, -1.505838e-07, 5.738173e-09, 1.360817e-07, 174.2093, 0, 0, 0, +1.849965E+01, +2.387944E-09, 0.0, 0.0, -0.00283171, 90.0
1713466652.7264414, -3.2, -2.236996e-07, 5.738173e-09, 2.383919e-07, 176.8666, 0, 0, 0, +1.849965E+01, +2.387944E-09, -2.3842e-07, 0.0, -0.00283171, 135.0
1713466675.374969, 3.2, -6.284479e-08, -1.570137e-09, 4.824718e-08, 166.7792, 0, 0, 0, +1.899975E+01, +2.451350E-09, 0.0, 0.0, -0.00283195, 0.0
1713466681.870015, -3.2, -1.578954e-07, 1.304649e-08, 1.664562e-07, 178.095, 0, 0, 0, +1.899975E+01, +2.451350E-09, -2.3842e-07, 0.0, -0.00283171, 180.0
1713466688.3456059, 3.2, -7.015637e-08, 1.304649e-08, 5.582888e-08, 181.865, 0, 0, 0, +1.899975E+01, +2.451350E-09, 0.0, -2.3842e-07, -0.00283171, -90.0
1713466694.8655958, -3.2, -1.798301e-07, 5.738173e-09, 1.657213e-07, 180.5215, 0, 0, 0, +1.899975E+01, +2.451350E-09, 0.0, 0.0, -0.00283171, 90.0
1713466701.3629043, 3.2, -2.628688e-08, -8.196156e-08, 7.265004e-08, 223.5159, 0, 0, 0, +1.899975E+01, +2.451350E-09, -2.3842e-07, 0.0, -0.00283171, 135.0
1713466707.8385658, -3.2, -1.359606e-07, 2.03548e-08, 1.657213e-07, 182.9461, 0, 0, 0, +1.899975E+01, +2.451350E-09, 0.0, 0.0, -0.00283171, 90.0
1713466714.2971916, 3.2, -5.553321e-08, -8.878449e-09, 4.995534e-08, 164.8609, 0, 0, 0, +1.899975E+01, +2.451350E-09, 0.0, 0.0, -0.00283195, 0.0
1713466720.7824988, -3.2, -1.798301e-07, 5.738173e-09, 1.584335e-07, 175.4847, 0, 0, 0, +1.899975E+01, +2.451350E-09, 0.0, 0.0, -0.00283171, 45.0
1713466727.234821, 3.2, -7.015637e-08, 5.738173e-09, 3.408494e-08, 192.2447, 0, 0, 0, +1.899975E+01, +2.451350E-09, -2.3842e-07, 0.0, -0.00283171, 180.0
1713466733.719829, -3.2, -1.432722e-07, 2.03548e-08, 1.653066e-07, 175.6753, 0, 0, 0, +1.899975E+01, +2.451350E-09, 0.0, 0.0, -0.00283171, 45.0
1713466756.3551986, 3.2, -3.333734e-07, 5.738173e-09, 3.187541e-07, 180.2823, 0, 0, 0, +1.949972E+01, +2.524758E-09, -2.3842e-07, 0.0, -0.00283171, 180.0
1713466762.810995, -3.2, -4.357355e-07, -1.570137e-09, 4.430843e-07, 178.3671, 0, 0, 0, +1.949972E+01, +2.524758E-09, 0.0, -2.3842e-07, -0.00283171, -90.0
1713466769.2997272, 3.2, -3.04127e-07, 5.738173e-09, 3.188019e-07, 177.6562, 0, 0, 0, +1.949972E+01, +2.524758E-09, 0.0, 0.0, -0.00283195, 0.0
1713466775.7653034, -3.2, -4.284239e-07, 7.151297e-08, 4.585055e-07, 180.2031, 0, 0, 0, +1.949972E+01, +2.524758E-09, 0.0, 0.0, -0.00283195, 0.0
1713466782.2439604, 3.2, -3.333734e-07, 1.304649e-08, 3.409347e-07, 179.0139, 0, 0, 0, +1.949972E+01, +2.524758E-09, 0.0, 0.0, -0.00283171, 90.0
1713466788.712604, -3.2, -4.357355e-07, 5.738173e-09, 4.430843e-07, 178.3133, 0, 0, 0, +1.949972E+01, +2.524758E-09, 0.0, 0.0, -0.00283195, 0.0
1713466795.1880696, 3.2, -3.114386e-07, 5.738173e-09, 3.188019e-07, 179.0139, 0, 0, 0, +1.949972E+01, +2.524758E-09, 0.0, 0.0, -0.00283171, 45.0
1713466801.666822, -3.2, -4.869166e-07, 5.738173e-09, 4.432391e-07, 179.27, 0, 0, 0, +1.949972E+01, +2.524758E-09, -2.3842e-07, -2.3842e-07, -0.00283171, -135.0
1713466808.132226, 3.2, -3.333734e-07, 5.738173e-09, 3.266965e-07, 178.9686, 0, 0, 0, +1.949972E+01, +2.524758E-09, 0.0, 0.0, -0.00283195, 0.0
1713466814.607704, -3.2, -4.503587e-07, 5.738173e-09, 4.435144e-07, 179.27, 0, 0, 0, +1.949972E+01, +2.524758E-09, -2.3842e-07, 0.0, -0.00283171, 180.0
1713466837.2666755, 3.2, -5.015398e-07, -1.570137e-09, 5.308171e-07, 180.1695, 0, 0, 0, +1.999969E+01, +2.567449E-09, 0.0, 0.0, -0.00283171, 90.0
1713466843.7526336, -3.2, -6.331483e-07, 5.738173e-09, 6.404856e-07, 179.4866, 0, 0, 0, +1.999969E+01, +2.567449E-09, -2.3842e-07, -2.3842e-07, -0.00283171, -135.0
1713466850.270497, 3.2, -5.380977e-07, 5.738173e-09, 5.161653e-07, 177.7732, 0, 0, 0, +1.999969E+01, +2.567449E-09, -4.76841e-07, 0.0, -0.00283171, 153.438
1713466856.7594244, -3.2, -6.697063e-07, 2.03548e-08, 6.404856e-07, 178.8462, 0, 0, 0, +1.999969E+01, +2.567449E-09, 0.0, 0.0, -0.00283195, 0.0
1713466863.2451916, 3.2, -5.088514e-07, 5.738173e-09, 5.238701e-07, 178.5521, 0, 0, 0, +1.999969E+01, +2.567449E-09, 0.0, 0.0, -0.00283195, 0.0
1713466869.7339532, -3.2, -6.185251e-07, -1.570137e-09, 6.477969e-07, 178.8462, 0, 0, 0, +1.999969E+01, +2.567449E-09, 0.0, -2.3842e-07, -0.00283171, -90.0
1713466876.2222886, 3.2, -5.380977e-07, 5.738173e-09, 5.311762e-07, 179.3719, 0, 0, 0, +1.999969E+01, +2.567449E-09, -2.3842e-07, 0.0, -0.00283171, 180.0
1713466882.6877606, -3.2, -6.258367e-07, 5.738173e-09, 6.477969e-07, 179.4981, 0, 0, 0, +1.999969E+01, +2.567449E-09, 0.0, 0.0, -0.00283195, 0.0
1713466889.156522, 3.2, -5.307861e-07, -1.570137e-09, 5.23506e-07, 180.1719, 0, 0, 0, +1.999969E+01, +2.567449E-09, 0.0, -2.3842e-07, -0.00283171, -90.0
1713466895.652111, -3.2, -6.550831e-07, 5.738173e-09, 6.477969e-07, 179.4924, 0, 0, 0, +1.999969E+01, +2.567449E-09, 0.0, 0.0, -0.00283195, 0.0
1713466918.3075242, 3.2, 6.829367e-07, -1.570137e-09, 7.048732e-07, 0.4616313, 0, 0, 0, +2.049968E+01, +2.616372E-09, 0.0, 0.0, -0.00283195, 0.0
1713466924.7927575, -3.2, 5.951977e-07, 5.738173e-09, 5.879141e-07, 0.5662708, 0, 0, 0, +2.049968E+01, +2.616372E-09, 0.0, 0.0, -0.00283195, 0.0
1713466931.2652447, 3.2, 7.121831e-07, -1.570137e-09, 7.194963e-07, 1.060368, 0, 0, 0, +2.049968E+01, +2.616372E-09, -2.3842e-07, 0.0, -0.00283171, 180.0
1713466937.7536135, -3.2, 6.24444e-07, 2.03548e-08, 5.879141e-07, 0.5523592, 0, 0, 0, +2.049968E+01, +2.616372E-09, -2.3842e-07, -2.3842e-07, -0.00283171, -135.0
1713466944.229164, 3.2, 6.975598e-07, 5.738173e-09, 7.122062e-07, 1.060368, 0, 0, 0, +2.049968E+01, +2.616372E-09, 0.0, 0.0, -0.00283195, 0.0
1713466950.7052135, -3.2, 6.24444e-07, 1.304649e-08, 5.952253e-07, 1.255698, 0, 0, 0, +2.049968E+01, +2.616372E-09, -2.3842e-07, 0.0, -0.00283171, 135.0
1713466957.1607175, 3.2, 6.975598e-07, 1.304649e-08, 7.342337e-07, 359.875, 0, 0, 0, +2.049968E+01, +2.616372E-09, 0.0, -2.3842e-07, -0.00283171, -90.0
1713466963.651968, -3.2, 5.513282e-07, 1.304649e-08, 5.953406e-07, 1.240465, 0, 0, 0, +2.049968E+01, +2.616372E-09, 0.0, -2.3842e-07, -0.00283171, -90.0
1713466970.127465, 3.2, 7.341178e-07, 1.304649e-08, 7.122062e-07, 0.4616313, 0, 0, 0, +2.049968E+01, +2.616372E-09, 0.0, 0.0, -0.00283195, 0.0
1713466976.6028373, -3.2, 5.951977e-07, -1.570137e-09, 5.953406e-07, 0.5456566, 0, 0, 0, +2.049968E+01, +2.616372E-09, -2.3842e-07, 0.0, -0.00283171, 180.0
