t,i,x,y,r,theta,xK,tc,therm,trueGateDC,trueGateI,x2,y2,r2,theta2
1707417171.460091, 3.2, 2.489421e-08, 5.738173e-09, 2.810574e-08, 12.9801, 0, 0, 0, +2.044778E-05, -2.637557E-10, -2.3842e-07, 0.0, -0.00283171, 135.0
1707417177.939322, -3.2, -1.897529e-08, 1.304649e-08, 2.690588e-08, 153.6042, 0, 0, 0, +2.044778E-05, -2.637557E-10, 0.0, 0.0, -0.00283171, 90.0
1707417184.4296134, 3.2, 1.758262e-08, 1.304649e-08, 2.189428e-08, 18.07434, 0, 0, 0, +2.044778E-05, -2.637557E-10, 0.0, -2.3842e-07, -0.00283171, -90.0
1707417190.8978016, -3.2, -4.091004e-08, 5.738173e-09, 4.293999e-08, 173.2139, 0, 0, 0, +2.044778E-05, -2.637557E-10, 0.0, -2.3842e-07, -0.00283171, -90.0
1707417197.3586907, 3.2, -4.352126e-09, 5.738173e-09, 1.375325e-08, 51.78788, 0, 0, 0, +2.044778E-05, -2.637557E-10, 0.0, 0.0, -0.00283171, 90.0
1707417203.8146152, -3.2, -1.897529e-08, 1.304649e-08, 3.928326e-08, 153.5473, 0, 0, 0, +2.044778E-05, -2.637557E-10, 0.0, 0.0, -0.00283195, 0.0
1707417210.2927923, 3.2, 1.758262e-08, 5.738173e-09, 2.554698e-08, 22.05275, 0, 0, 0, +2.044778E-05, -2.637557E-10, 0.0, -2.3842e-07, -0.00283171, -90.0
1707417216.75468, -3.2, -4.352126e-09, 5.738173e-09, 2.302765e-08, 145.4895, 0, 0, 0, +2.044778E-05, -2.637557E-10, -2.3842e-07, -2.3842e-07, -0.00283171, -135.0
1707417223.274231, 3.2, 3.951737e-08, 2.03548e-08, 4.861236e-08, 27.2523, 0, 0, 0, +2.044778E-05, -2.637557E-10, -2.3842e-07, 0.0, -0.00283171, 180.0
1707417229.7621274, -3.2, 6.145213e-08, 1.304649e-08, 3.954855e-08, 23.49278, 0, 0, 0, +2.044778E-05, -2.637557E-10, -2.3842e-07, -2.3842e-07, -0.00283171, -135.0
1707417252.4053137, 3.2, -2.090764e-07, 2.766311e-08, 2.246238e-07, 176.6622, 0, 0, 0, +4.999999E-01, +4.095621E-10, 0.0, 0.0, -0.00283195, 0.0
1707417258.8808508, -3.2, -2.602575e-07, 1.304649e-08, 2.532822e-07, 178.7369, 0, 0, 0, +4.999999E-01, +4.095621E-10, 0.0, -2.3842e-07, -0.00283171, -90.0
1707417265.3662224, 3.2, -2.310112e-07, 1.304649e-08, 2.237732e-07, 178.5306, 0, 0, 0, +4.999999E-01, +4.095621E-10, 0.0, 0.0, -0.00283171, 90.0
1707417271.8538177, -3.2, -2.52946e-07, 5.738173e-09, 2.756333e-07, 177.2085, 0, 0, 0, +4.999999E-01, +4.095621E-10, 0.0, 0.0, -0.00283195, 0.0
1707417278.327483, 3.2, -2.236996e-07, 5.738173e-09, 2.246238e-07, 174.8009, 0, 0, 0, +4.999999E-01, +4.095621E-10, -2.3842e-07, 0.0, -0.00283171, 135.0
1707417284.811512, -3.2, -2.602575e-07, 1.304649e-08, 2.751901e-07, 177.1302, 0, 0, 0, +4.999999E-01, +4.095621E-10, 0.0, 0.0, -0.00283195, 0.0
1707417291.287928, 3.2, -2.456344e-07, 3.497142e-08, 2.383919e-07, 176.8666, 0, 0, 0, +4.999999E-01, +4.095621E-10, 0.0, 0.0, -0.00283171, 0.0
1707417297.7668016, -3.2, -2.748807e-07, 1.304649e-08, 2.756333e-07, 177.2826, 0, 0, 0, +4.999999E-01, +4.095621E-10, 0.0, 0.0, -0.00283171, 0.0
1707417304.2494707, 3.2, -2.456344e-07, 2.03548e-08, 2.459806e-07, 175.1183, 0, 0, 0, +4.999999E-01, +4.095621E-10, 0.0, 0.0, -0.00283195, 0.0
1707417310.741313, -3.2, -2.821923e-07, 2.03548e-08, 2.824937e-07, 175.9782, 0, 0, 0, +4.999999E-01, +4.095621E-10, 0.0, 0.0, -0.00283171, 0.0
1707417333.4097786, 3.2, 2.588649e-07, 2.03548e-08, 2.73799e-07, 2.660157, 0, 0, 0, +9.999943E-01, +8.436995E-10, 0.0, 0.0, -0.00283195, 0.0
1707417339.8649812, -3.2, 2.22307e-07, 1.304649e-08, 2.299889e-07, 3.25194, 0, 0, 0, +9.999943E-01, +8.436995E-10, -2.3842e-07, 0.0, -0.00283171, 180.0
1707417346.3267472, 3.2, 2.661765e-07, 2.03548e-08, 2.669536e-07, 1.234978, 0, 0, 0, +9.999943E-01, +8.436995E-10, -2.3842e-07, -2.3842e-07, -0.00283171, -135.0
1707417352.782483, -3.2, 2.149954e-07, 2.03548e-08, 1.941307e-07, 3.594539, 0, 0, 0, +9.999943E-01, +8.436995E-10, -2.3842e-07, 0.0, -0.00283171, 135.0
1707417359.2919466, 3.2, 2.22307e-07, 2.03548e-08, 2.518914e-07, 6.659497, 0, 0, 0, +9.999943E-01, +8.436995E-10, 0.0, 0.0, -0.00283171, 45.0
1707417365.7837374, -3.2, 1.85749e-07, 2.766311e-08, 1.877976e-07, 3.866007, 0, 0, 0, +9.999943E-01, +8.436995E-10, -2.3842e-07, 0.0, -0.00283171, 180.0
1707417372.2898452, 3.2, 2.076838e-07, 1.304649e-08, 2.240215e-07, 5.065807, 0, 0, 0, +9.999943E-01, +8.436995E-10, 0.0, -2.3842e-07, -0.00283171, -90.0
1707417378.767607, -3.2, 1.85749e-07, 2.766311e-08, 1.65074e-07, 4.765311, 0, 0, 0, +9.999943E-01, +8.436995E-10, 0.0, 0.0, -0.00283195, 0.0
1707417385.265689, 3.2, 2.149954e-07, 5.738173e-09, 2.299889e-07, 1.478587, 0, 0, 0, +9.999943E-01, +8.436995E-10, 0.0, -2.3842e-07, -0.00283171, -45.0
1707417391.763344, -3.2, 1.638143e-07, 2.03548e-08, 1.566079e-07, 4.765311, 0, 0, 0, +9.999943E-01, +8.436995E-10, 0.0, 0.0, -0.00283171, 90.0
1707417414.4534924, 3.2, 3.220579e-08, 1.304649e-08, 2.810574e-08, 39.27121, 0, 0, 0, +1.499964E+00, +1.254956E-09, 0.0, 2.3842e-07, -0.00283171, 90.0
1707417420.9091246, -3.2, -4.352126e-09, 2.03548e-08, 1.750008e-08, 131.7971, 0, 0, 0, +1.499964E+00, +1.254956E-09, -2.3842e-07, 0.0, -0.00283171, 180.0
1707417427.4181294, 3.2, 1.027104e-08, 2.03548e-08, 2.810574e-08, 39.27121, 0, 0, 0, +1.499964E+00, +1.254956E-09, 0.0, 0.0, -0.00283195, 0.0
1707417433.8792925, -3.2, -4.352126e-09, 2.03548e-08, 2.302765e-08, 119.8136, 0, 0, 0, +1.499964E+00, +1.254956E-09, -2.3842e-07, 0.0, -0.00283171, 180.0
1707417440.3721395, 3.2, 1.027104e-08, 2.766311e-08, 3.215648e-08, 49.1793, 0, 0, 0, +1.499964E+00, +1.254956E-09, 0.0, 0.0, -0.00283171, 90.0
1707417446.8408694, -3.2, -1.897529e-08, 2.03548e-08, 3.002149e-08, 131.7971, 0, 0, 0, +1.499964E+00, +1.254956E-09, 0.0, 0.0, -0.00283195, 0.0
1707417453.3196378, 3.2, 3.220579e-08, 2.03548e-08, 4.861236e-08, 358.0797, 0, 0, 0, +1.499964E+00, +1.254956E-09, -2.3842e-07, 0.0, -0.00283171, 180.0
1707417459.8184855, -3.2, -1.897529e-08, 2.03548e-08, 4.352131e-08, 142.2482, 0, 0, 0, +1.499964E+00, +1.254956E-09, -2.3842e-07, 0.0, -0.00283171, 180.0
1707417466.3071077, 3.2, -4.352126e-09, 2.03548e-08, 2.081487e-08, 102.0689, 0, 0, 0, +1.499964E+00, +1.254956E-09, -2.3842e-07, -2.3842e-07, -0.00283171, -135.0
1707417472.7880223, -3.2, -4.822163e-08, 2.766311e-08, 4.995534e-08, 164.8609, 0, 0, 0, +1.499964E+00, +1.254956E-09, -2.3842e-07, 0.0, -0.00283171, 180.0
1707417495.442297, 3.2, -1.944533e-07, 1.304649e-08, 1.882454e-07, 176.0121, 0, 0, 0, +1.999967E+00, +1.969114E-09, 0.0, 0.0, -0.00283195, 0.0
1707417501.946414, -3.2, -2.456344e-07, 2.03548e-08, 2.386796e-07, 173.379, 0, 0, 0, +1.999967E+00, +1.969114E-09, -2.3842e-07, 0.0, -0.00283171, 180.0
1707417508.4200146, 3.2, -2.017649e-07, 2.03548e-08, 2.094831e-07, 174.4394, 0, 0, 0, +1.999967E+00, +1.969114E-09, -2.3842e-07, -2.3842e-07, -0.00283171, -135.0
1707417514.8902142, -3.2, -2.456344e-07, 1.304649e-08, 2.464763e-07, 178.7004, 0, 0, 0, +1.999967E+00, +1.969114E-09, 0.0, 0.0, -0.00283195, 0.0
1707417521.3766384, 3.2, -1.944533e-07, 1.304649e-08, 2.11981e-07, 176.4293, 0, 0, 0, +1.999967E+00, +1.969114E-09, 0.0, -2.3842e-07, -0.00283171, -90.0
1707417527.892407, -3.2, -2.456344e-07, 5.738173e-09, 2.605843e-07, 175.528, 0, 0, 0, +1.999967E+00, +1.969114E-09, -4.76841e-07, 0.0, -0.00283171, 180.0
1707417534.3604188, 3.2, -1.944533e-07, 2.766311e-08, 2.108986e-07, 174.8009, 0, 0, 0, +1.999967E+00, +1.969114E-09, -2.3842e-07, 0.0, -0.00283171, 180.0
1707417540.8294094, -3.2, -2.52946e-07, 1.304649e-08, 2.532822e-07, 177.0474, 0, 0, 0, +1.999967E+00, +1.969114E-09, -2.3842e-07, 0.0, -0.00283171, 180.0
1707417547.3182273, 3.2, -2.236996e-07, 1.304649e-08, 2.246238e-07, 174.6262, 0, 0, 0, +1.999967E+00, +1.969114E-09, 0.0, 0.0, -0.00283171, 45.0
1707417553.7867298, -3.2, -2.675691e-07, 1.304649e-08, 2.605843e-07, 175.528, 0, 0, 0, +1.999967E+00, +1.969114E-09, -2.3842e-07, 0.0, -0.00283171, 180.0
1707417576.4526122, 3.2, 2.588649e-07, 2.03548e-08, 2.591935e-07, 359.662, 0, 0, 0, +2.499993E+00, +2.657528E-09, 0.0, 0.0, -0.00283195, 0.0
1707417582.9278386, -3.2, 2.296185e-07, 2.03548e-08, 2.312789e-07, 7.331871, 0, 0, 0, +2.499993E+00, +2.657528E-09, -2.3842e-07, 0.0, -0.00283171, 180.0
1707417589.4099183, 3.2, 2.661765e-07, 2.03548e-08, 2.742445e-07, 4.256484, 0, 0, 0, +2.499993E+00, +2.657528E-09, 0.0, 0.0, -0.00283195, 0.0
1707417595.8657572, -3.2, 2.22307e-07, 1.304649e-08, 2.232369e-07, 3.358654, 0, 0, 0, +2.499993E+00, +2.657528E-09, 0.0, 0.0, -0.00283171, 0.0
1707417602.3342984, 3.2, 2.73488e-07, 5.738173e-09, 2.591935e-07, 4.495972, 0, 0, 0, +2.499993E+00, +2.657528E-09, 0.0, 0.0, -0.00283171, 45.0
1707417608.8131886, -3.2, 2.076838e-07, 1.304649e-08, 2.150719e-07, 5.408386, 0, 0, 0, +2.499993E+00, +2.657528E-09, 0.0, 0.0, -0.00283171, 90.0
1707417615.2918422, 3.2, 2.442417e-07, 1.304649e-08, 2.596639e-07, 4.626091, 0, 0, 0, +2.499993E+00, +2.657528E-09, -2.3842e-07, 0.0, -0.00283171, 180.0
1707417621.789941, -3.2, 2.296185e-07, 5.738173e-09, 2.296902e-07, 3.358654, 0, 0, 0, +2.499993E+00, +2.657528E-09, 0.0, 0.0, -0.00283171, 90.0
1707417628.2693942, 3.2, 2.807996e-07, 2.03548e-08, 2.66496e-07, 4.372958, 0, 0, 0, +2.499993E+00, +2.657528E-09, -2.3842e-07, 0.0, -0.00283171, 135.0
1707417634.7680435, -3.2, 2.22307e-07, 1.304649e-08, 2.299889e-07, 3.151792, 0, 0, 0, +2.499993E+00, +2.657528E-09, 0.0, 0.0, -0.00283171, 45.0
1707417657.4037404, 3.2, 6.87637e-08, 5.738173e-09, 7.718588e-08, 14.97926, 0, 0, 0, +2.999962E+00, +3.493517E-09, 0.0, 0.0, -0.00283171, 45.0
1707417663.882502, -3.2, 3.220579e-08, 1.304649e-08, 3.215648e-08, 22.05275, 0, 0, 0, +2.999962E+00, +3.493517E-09, 0.0, 0.0, -0.00283171, 0.0
1707417670.361104, 3.2, 6.87637e-08, 2.03548e-08, 6.999041e-08, 4.770149, 0, 0, 0, +2.999962E+00, +3.493517E-09, 0.0, -2.3842e-07, -0.00283171, -90.0
1707417676.8165016, -3.2, 4.682895e-08, 1.304649e-08, 6.282177e-08, 10.74299, 0, 0, 0, +2.999962E+00, +3.493517E-09, 0.0, 0.0, -0.00283195, 0.0
1707417683.279149, 3.2, 1.199448e-07, 2.03548e-08, 1.216597e-07, 15.36617, 0, 0, 0, +2.999962E+00, +3.493517E-09, 0.0, 0.0, -0.00283171, 90.0
1707417689.7525952, -3.2, 8.338687e-08, 1.304649e-08, 8.440131e-08, 8.892252, 0, 0, 0, +2.999962E+00, +3.493517E-09, 0.0, 0.0, -0.00283171, 90.0
1707417696.2160928, 3.2, 9.801004e-08, 1.304649e-08, 1.144577e-07, 7.061417, 0, 0, 0, +2.999962E+00, +3.493517E-09, 0.0, 0.0, -0.00283195, 0.0
1707417702.6849468, -3.2, 4.682895e-08, 2.766311e-08, 4.445155e-08, 10.1025, 0, 0, 0, +2.999962E+00, +3.493517E-09, -2.3842e-07, 0.0, -0.00283171, 180.0
1707417709.187018, 3.2, 7.60753e-08, 1.304649e-08, 8.785567e-08, 7.582281, 0, 0, 0, +2.999962E+00, +3.493517E-09, 0.0, 0.0, -0.00283171, 90.0
1707417715.6658854, -3.2, 6.145213e-08, 5.738173e-09, 7.411946e-08, 21.91454, 0, 0, 0, +2.999962E+00, +3.493517E-09, 0.0, 0.0, -0.00283195, 0.0
1707417738.3207777, 3.2, 1.711259e-07, 1.304649e-08, 1.723322e-07, 4.553534, 0, 0, 0, +3.500023E+00, +4.250306E-09, 0.0, 0.0, -0.00283195, 0.0
1707417744.809378, -3.2, 1.199448e-07, 2.03548e-08, 1.061266e-07, 10.24379, 0, 0, 0, +3.500023E+00, +4.250306E-09, 0.0, 0.0, -0.00283171, 0.0
1707417751.2783148, 3.2, 1.418795e-07, 2.03548e-08, 1.661336e-07, 12.05073, 0, 0, 0, +3.500023E+00, +4.250306E-09, 0.0, -2.3842e-07, -0.00283171, -90.0
1707417757.7469664, -3.2, 1.34568e-07, 2.766311e-08, 1.279234e-07, 6.2077, 0, 0, 0, +3.500023E+00, +4.250306E-09, 0.0, 0.0, -0.00283171, 0.0
1707417764.2586393, 3.2, 1.711259e-07, 2.03548e-08, 1.639147e-07, 6.783252, 0, 0, 0, +3.500023E+00, +4.250306E-09, 0.0, 0.0, -0.00283171, 90.0
1707417770.7543526, -3.2, 1.126332e-07, 3.497142e-08, 1.159805e-07, 12.98715, 0, 0, 0, +3.500023E+00, +4.250306E-09, 0.0, 0.0, -0.00283195, 0.0
1707417777.2537513, 3.2, 1.34568e-07, 1.304649e-08, 1.505733e-07, 4.997695, 0, 0, 0, +3.500023E+00, +4.250306E-09, 0.0, 0.0, -0.00283195, 0.0
1707417783.7179766, -3.2, 1.126332e-07, 2.03548e-08, 1.230935e-07, 17.24901, 0, 0, 0, +3.500023E+00, +4.250306E-09, -2.3842e-07, 0.0, -0.00283171, 180.0
1707417790.2305984, 3.2, 1.638143e-07, 1.304649e-08, 1.505733e-07, 4.997695, 0, 0, 0, +3.500023E+00, +4.250306E-09, 0.0, 2.3842e-07, -0.00283171, 90.0
1707417796.6999013, -3.2, 1.126332e-07, 2.03548e-08, 1.072705e-07, 7.061417, 0, 0, 0, +3.500023E+00, +4.250306E-09, 0.0, 0.0, -0.00283171, 0.0
1707417819.3486872, 3.2, -1.578954e-07, 1.304649e-08, 1.737152e-07, 176.0121, 0, 0, 0, +4.000048E+00, +5.022132E-09, 0.0, 0.0, -0.00283195, 0.0
1707417825.8316967, -3.2, -2.383228e-07, 2.03548e-08, 2.319062e-07, 174.9646, 0, 0, 0, +4.000048E+00, +5.022132E-09, 0.0, 0.0, -0.00283171, 45.0
1707417832.3364036, 3.2, -2.16388e-07, 2.03548e-08, 2.10065e-07, 172.4629, 0, 0, 0, +4.000048E+00, +5.022132E-09, 0.0, 0.0, -0.00283171, 0.0
1707417838.8098176, -3.2, -2.52946e-07, 2.03548e-08, 2.544541e-07, 175.528, 0, 0, 0, +4.000048E+00, +5.022132E-09, -2.3842e-07, 0.0, -0.00283171, 135.0
1707417845.324506, 3.2, -2.090764e-07, 2.03548e-08, 2.02789e-07, 174.4394, 0, 0, 0, +4.000048E+00, +5.022132E-09, 0.0, 2.3842e-07, -0.00283171, 63.438
1707417851.815991, -3.2, -2.456344e-07, 5.738173e-09, 2.457014e-07, 175.1183, 0, 0, 0, +4.000048E+00, +5.022132E-09, 0.0, 0.0, -0.00283171, 45.0
1707417858.313803, 3.2, -2.090764e-07, 2.03548e-08, 1.955157e-07, 176.3003, 0, 0, 0, +4.000048E+00, +5.022132E-09, 0.0, -2.3842e-07, -0.00283171, -90.0
1707417864.7965057, -3.2, -2.383228e-07, 2.03548e-08, 2.459806e-07, 175.3992, 0, 0, 0, +4.000048E+00, +5.022132E-09, 0.0, 0.0, -0.00283195, 0.0
1707417871.275496, 3.2, -2.16388e-07, 3.497142e-08, 2.191958e-07, 172.9505, 0, 0, 0, +4.000048E+00, +5.022132E-09, -2.3842e-07, 0.0, -0.00283171, 180.0
1707417877.7707279, -3.2, -2.821923e-07, 3.497142e-08, 2.683423e-07, 177.2826, 0, 0, 0, +4.000048E+00, +5.022132E-09, 0.0, -2.3842e-07, -0.00283171, -45.0
1707417900.4163382, 3.2, 2.076838e-07, 2.766311e-08, 2.09518e-07, 7.331871, 0, 0, 0, +4.500000E+00, +5.976232E-09, 0.0, 0.0, -0.00283171, 0.0
1707417906.8921773, -3.2, 1.711259e-07, 5.738173e-09, 1.723322e-07, 7.083001, 0, 0, 0, +4.500000E+00, +5.976232E-09, 0.0, -2.3842e-07, -0.00283171, -90.0
1707417913.3714647, 3.2, 2.076838e-07, 2.03548e-08, 2.014034e-07, 3.594539, 0, 0, 0, +4.500000E+00, +5.976232E-09, 0.0, 0.0, -0.00283171, 0.0
1707417919.8539646, -3.2, 1.34568e-07, 1.304649e-08, 1.373819e-07, 10.02395, 0, 0, 0, +4.500000E+00, +5.976232E-09, 0.0, -2.3842e-07, -0.00283171, -90.0
1707417926.3442903, 3.2, 1.930606e-07, 2.03548e-08, 1.962024e-07, 5.800489, 0, 0, 0, +4.500000E+00, +5.976232E-09, 0.0, 0.0, -0.00283195, 0.0
1707417932.8266096, -3.2, 1.491911e-07, 1.304649e-08, 1.351989e-07, 5.53757, 0, 0, 0, +4.500000E+00, +5.976232E-09, 0.0, 0.0, -0.00283195, 0.0
1707417939.2988365, 3.2, 1.85749e-07, 2.03548e-08, 1.86861e-07, 10.6624, 0, 0, 0, +4.500000E+00, +5.976232E-09, -2.3842e-07, 0.0, -0.00283171, 180.0
1707417945.7773383, -3.2, 1.418795e-07, 2.03548e-08, 1.433322e-07, 8.164248, 0, 0, 0, +4.500000E+00, +5.976232E-09, -4.76841e-07, 0.0, -0.00283171, 180.0
1707417952.2738407, 3.2, 1.784375e-07, 2.03548e-08, 1.80569e-07, 6.253647, 0, 0, 0, +4.500000E+00, +5.976232E-09, 0.0, -2.3842e-07, -0.00283171, -45.0
1707417958.7634175, -3.2, 9.801004e-08, 2.03548e-08, 9.042329e-08, 8.892252, 0, 0, 0, +4.500000E+00, +5.976232E-09, 0.0, 0.0, -0.00283195, 0.0
1707417981.3974369, 3.2, 2.807996e-07, 2.03548e-08, 2.73799e-07, 4.256484, 0, 0, 0, +5.000083E+00, +6.810802E-09, -2.3842e-07, 0.0, -0.00283171, 135.0
1707417987.9087534, -3.2, 2.369301e-07, 2.766311e-08, 2.66496e-07, 4.146043, 0, 0, 0, +5.000083E+00, +6.810802E-09, -2.3842e-07, 0.0, -0.00283171, 135.0
1707417994.3848453, 3.2, 3.319807e-07, 1.304649e-08, 3.253066e-07, 3.508594, 0, 0, 0, +5.000083E+00, +6.810802E-09, 0.0, -2.3842e-07, -0.00283171, -90.0
1707418000.8738825, -3.2, 2.73488e-07, 2.03548e-08, 2.961232e-07, 8.348451, 0, 0, 0, +5.000083E+00, +6.810802E-09, -2.3842e-07, 0.0, -0.00283171, 180.0
1707418007.3554244, 3.2, 3.173575e-07, 1.304649e-08, 3.326041e-07, 3.508594, 0, 0, 0, +5.000083E+00, +6.810802E-09, 0.0, 0.0, -0.00283171, 90.0
1707418013.8311677, -3.2, 2.807996e-07, 2.03548e-08, 2.815364e-07, 4.146043, 0, 0, 0, +5.000083E+00, +6.810802E-09, -2.3842e-07, 0.0, -0.00283171, 180.0
1707418020.3135338, 3.2, 3.027344e-07, 2.766311e-08, 3.192786e-07, 5.098577, 0, 0, 0, +5.000083E+00, +6.810802E-09, 0.0, -2.3842e-07, -0.00283171, -90.0
1707418026.7789414, -3.2, 2.515533e-07, 5.738173e-09, 2.523755e-07, 6.099657, 0, 0, 0, +5.000083E+00, +6.810802E-09, -2.3842e-07, 0.0, -0.00283171, 135.0
1707418033.248131, 3.2, 2.73488e-07, 1.304649e-08, 2.82159e-07, 4.256484, 0, 0, 0, +5.000083E+00, +6.810802E-09, -2.3842e-07, -2.3842e-07, -0.00283171, -135.0
1707418039.7586365, -3.2, 2.296185e-07, 1.304649e-08, 2.305189e-07, 4.626091, 0, 0, 0, +5.000083E+00, +6.810802E-09, 0.0, 0.0, -0.00283171, 0.0
1707418062.4012804, 3.2, 1.34568e-07, 2.766311e-08, 1.433322e-07, 8.164248, 0, 0, 0, +5.500038E+00, +7.618572E-09, 0.0, -4.76841e-07, -0.00283171, -90.0
1707418068.8872766, -3.2, 1.126332e-07, 5.738173e-09, 1.001014e-07, 12.6489, 0, 0, 0, +5.500038E+00, +7.618572E-09, 0.0, 0.0, -0.00283171, 90.0
1707418075.3457484, 3.2, 9.069846e-08, 2.03548e-08, 1.088939e-07, 16.96175, 0, 0, 0, +5.500038E+00, +7.618572E-09, 0.0, 0.0, -0.00283195, 0.0
1707418081.8222005, -3.2, 3.951737e-08, 2.766311e-08, 4.445155e-08, 15.56777, 0, 0, 0, +5.500038E+00, +7.618572E-09, 0.0, 0.0, -0.00283171, 45.0
1707418088.2802892, 3.2, 8.338687e-08, 2.03548e-08, 1.001014e-07, 359.0822, 0, 0, 0, +5.500038E+00, +7.618572E-09, 0.0, 0.0, -0.00283171, 90.0
1707418094.7553415, -3.2, 7.60753e-08, 1.304649e-08, 4.861236e-08, 34.99294, 0, 0, 0, +5.500038E+00, +7.618572E-09, -2.3842e-07, 0.0, -0.00283171, 135.0
1707418101.2711778, 3.2, 9.801004e-08, 2.766311e-08, 9.295444e-08, 12.6489, 0, 0, 0, +5.500038E+00, +7.618572E-09, 0.0, 0.0, -0.00283171, 0.0
1707418107.759673, -3.2, 3.220579e-08, 3.497142e-08, 5.438932e-08, 27.2523, 0, 0, 0, +5.500038E+00, +7.618572E-09, 0.0, 0.0, -0.00283171, 0.0
1707418114.2481282, 3.2, 6.87637e-08, 2.03548e-08, 1.061266e-07, 7.582281, 0, 0, 0, +5.500038E+00, +7.618572E-09, -2.3842e-07, 0.0, -0.00283171, 135.0
1707418120.7216525, -3.2, 7.60753e-08, 2.03548e-08, 8.440131e-08, 10.74299, 0, 0, 0, +5.500038E+00, +7.618572E-09, -2.3842e-07, 0.0, -0.00283171, 180.0
1707418143.3626719, 3.2, 2.661765e-07, 3.497142e-08, 2.596639e-07, 4.495972, 0, 0, 0, +6.000113E+00, +8.439575E-09, 0.0, 0.0, -0.00283171, 0.0
1707418149.828277, -3.2, 2.076838e-07, 2.03548e-08, 2.007965e-07, 3.725341, 0, 0, 0, +6.000113E+00, +8.439575E-09, 0.0, -2.3842e-07, -0.00283171, -90.0
1707418156.3069155, 3.2, 2.369301e-07, 2.766311e-08, 2.518914e-07, 6.275553, 0, 0, 0, +6.000113E+00, +8.439575E-09, 0.0, 0.0, -0.00283195, 0.0
1707418162.7860894, -3.2, 1.930606e-07, 2.03548e-08, 2.022728e-07, 7.860485, 0, 0, 0, +6.000113E+00, +8.439575E-09, 0.0, -2.3842e-07, -0.00283171, -90.0
1707418169.2741468, 3.2, 2.296185e-07, 2.766311e-08, 2.378029e-07, 6.659497, 0, 0, 0, +6.000113E+00, +8.439575E-09, 0.0, 0.0, -0.00283171, 0.0
1707418175.773784, -3.2, 2.076838e-07, 2.766311e-08, 1.86861e-07, 6.253647, 0, 0, 0, +6.000113E+00, +8.439575E-09, 0.0, -2.3842e-07, -0.00283171, -90.0
1707418182.2722242, 3.2, 2.22307e-07, 1.304649e-08, 2.305189e-07, 7.093226, 0, 0, 0, +6.000113E+00, +8.439575E-09, 0.0, -2.3842e-07, -0.00283171, -45.0
1707418188.7875626, -3.2, 1.711259e-07, 2.03548e-08, 1.86861e-07, 4.181749, 0, 0, 0, +6.000113E+00, +8.439575E-09, 0.0, 0.0, -0.00283171, 90.0
1707418195.2693217, 3.2, 2.076838e-07, 1.304649e-08, 2.167677e-07, 5.800489, 0, 0, 0, +6.000113E+00, +8.439575E-09, -2.3842e-07, 0.0, -0.00283171, 180.0
1707418201.7588534, -3.2, 1.85749e-07, 2.03548e-08, 1.570455e-07, 9.182629, 0, 0, 0, +6.000113E+00, +8.439575E-09, 0.0, 0.0, -0.00283195, 0.0
1707418224.4115512, 3.2, 1.85749e-07, 1.304649e-08, 1.80569e-07, 5.800489, 0, 0, 0, +6.500085E+00, +9.290732E-09, -4.76841e-07, 0.0, -0.00283171, 153.438
1707418230.9088159, -3.2, 1.491911e-07, 2.03548e-08, 1.445512e-07, 7.769144, 0, 0, 0, +6.500085E+00, +9.290732E-09, 0.0, 0.0, -0.00283171, 45.0
1707418237.391962, 3.2, 1.930606e-07, 2.03548e-08, 1.962024e-07, 6.018581, 0, 0, 0, +6.500085E+00, +9.290732E-09, 0.0, 0.0, -0.00283171, 90.0
1707418243.8873336, -3.2, 1.565027e-07, 1.304649e-08, 1.517341e-07, 4.997695, 0, 0, 0, +6.500085E+00, +9.290732E-09, -2.3842e-07, 0.0, -0.00283171, 135.0
1707418250.3653018, 3.2, 2.003722e-07, 2.766311e-08, 2.004544e-07, 1.769423, 0, 0, 0, +6.500085E+00, +9.290732E-09, -2.3842e-07, 0.0, -0.00283171, 135.0
1707418256.8343968, -3.2, 1.418795e-07, 1.304649e-08, 1.360987e-07, 5.253839, 0, 0, 0, +6.500085E+00, +9.290732E-09, 0.0, 0.0, -0.00283171, 90.0
1707418263.31964, 3.2, 1.638143e-07, 5.738173e-09, 1.716225e-07, 8.812394, 0, 0, 0, +6.500085E+00, +9.290732E-09, 0.0, 0.0, -0.00283171, 45.0
1707418269.8019183, -3.2, 1.34568e-07, 3.497142e-08, 1.319742e-07, 9.087543, 0, 0, 0, +6.500085E+00, +9.290732E-09, -2.3842e-07, 0.0, -0.00283171, 180.0
1707418276.283742, 3.2, 1.491911e-07, 2.766311e-08, 1.723322e-07, 6.507739, 0, 0, 0, +6.500085E+00, +9.290732E-09, 0.0, 0.0, -0.00283171, 90.0
1707418282.799685, -3.2, 1.199448e-07, 3.497142e-08, 1.279234e-07, 15.36617, 0, 0, 0, +6.500085E+00, +9.290732E-09, -2.3842e-07, 0.0, -0.00283171, 180.0
1707418305.438373, 3.2, -1.166371e-08, 2.03548e-08, 2.345975e-08, 102.0689, 0, 0, 0, +7.000030E+00, +1.023080E-08, 0.0, 0.0, -0.00283195, 0.0
1707418311.9337263, -3.2, -4.091004e-08, 1.304649e-08, 5.914605e-08, 150.9052, 0, 0, 0, +7.000030E+00, +1.023080E-08, -2.3842e-07, 0.0, -0.00283171, 180.0
1707418318.4090269, 3.2, -1.166371e-08, 2.03548e-08, 1.375325e-08, 119.8136, 0, 0, 0, +7.000030E+00, +1.023080E-08, -2.3842e-07, 0.0, -0.00283171, 180.0
1707418324.9175117, -3.2, -7.015637e-08, 2.03548e-08, 7.54133e-08, 156.2418, 0, 0, 0, +7.000030E+00, +1.023080E-08, 0.0, 0.0, -0.00283171, 45.0
1707418331.4099548, 3.2, -1.897529e-08, 1.304649e-08, 3.324632e-08, 153.6042, 0, 0, 0, +7.000030E+00, +1.023080E-08, 0.0, -2.3842e-07, -0.00283171, -45.0
1707418337.8919628, -3.2, -7.746796e-08, 2.03548e-08, 7.855886e-08, 162.0534, 0, 0, 0, +7.000030E+00, +1.023080E-08, 0.0, 0.0, -0.00283171, 90.0
1707418344.3539793, 3.2, -3.359846e-08, 1.304649e-08, 2.782767e-08, 142.2482, 0, 0, 0, +7.000030E+00, +1.023080E-08, -2.3842e-07, 0.0, -0.00283171, 180.0
1707418350.829489, -3.2, -6.284479e-08, 1.304649e-08, 6.605896e-08, 156.2418, 0, 0, 0, +7.000030E+00, +1.023080E-08, 0.0, 0.0, -0.00283171, 0.0
1707418357.3191175, 3.2, -2.628688e-08, 1.304649e-08, 2.934639e-08, 153.6042, 0, 0, 0, +7.000030E+00, +1.023080E-08, 0.0, 0.0, -0.00283195, 0.0
1707418363.8003955, -3.2, -8.477954e-08, 2.03548e-08, 8.009745e-08, 165.2782, 0, 0, 0, +7.000030E+00, +1.023080E-08, 0.0, 0.0, -0.00283171, 90.0
1707418386.4558308, 3.2, 2.369301e-07, 2.03548e-08, 2.240215e-07, 7.093226, 0, 0, 0, +7.499710E+00, +1.096968E-08, 0.0, 0.0, -0.00283195, 0.0
1707418392.9375737, -3.2, 1.930606e-07, 2.766311e-08, 1.86861e-07, 8.470649, 0, 0, 0, +7.499710E+00, +1.096968E-08, -2.3842e-07, 0.0, -0.00283171, 180.0
1707418399.4236283, 3.2, 2.22307e-07, 2.03548e-08, 2.240215e-07, 5.408386, 0, 0, 0, +7.499710E+00, +1.096968E-08, 0.0, 0.0, -0.00283195, 0.0
1707418405.908754, -3.2, 1.930606e-07, 1.304649e-08, 1.795947e-07, 8.470649, 0, 0, 0, +7.499710E+00, +1.096968E-08, 0.0, 0.0, -0.00283171, 0.0
1707418412.3965998, 3.2, 2.076838e-07, 1.304649e-08, 2.153908e-07, 3.4726, 0, 0, 0, +7.499710E+00, +1.096968E-08, 0.0, -2.3842e-07, -0.00283171, -45.0
1707418418.869663, -3.2, 1.711259e-07, 2.03548e-08, 1.723322e-07, 6.783252, 0, 0, 0, +7.499710E+00, +1.096968E-08, -2.3842e-07, 0.0, -0.00283171, 180.0
1707418425.3489954, 3.2, 2.22307e-07, 2.766311e-08, 2.022728e-07, 3.725341, 0, 0, 0, +7.499710E+00, +1.096968E-08, -2.3842e-07, 0.0, -0.00283171, 180.0
1707418431.8135219, -3.2, 1.711259e-07, 2.766311e-08, 1.716225e-07, 8.812394, 0, 0, 0, +7.499710E+00, +1.096968E-08, -2.3842e-07, -2.3842e-07, -0.00283171, -135.0
1707418438.292392, 3.2, 1.85749e-07, 2.03548e-08, 2.086789e-07, 3.866007, 0, 0, 0, +7.499710E+00, +1.096968E-08, -2.3842e-07, 0.0, -0.00283171, 180.0
1707418444.794655, -3.2, 1.565027e-07, 2.766311e-08, 1.65074e-07, 11.54997, 0, 0, 0, +7.499710E+00, +1.096968E-08, 0.0, -2.3842e-07, -0.00283171, -90.0
1707418467.477049, 3.2, -9.209113e-08, 2.766311e-08, 9.615624e-08, 159.2058, 0, 0, 0, +7.999780E+00, +1.146711E-08, 0.0, 0.0, -0.00283195, 0.0
1707418473.9428933, -3.2, -1.505838e-07, 1.304649e-08, 1.664562e-07, 172.9761, 0, 0, 0, +7.999780E+00, +1.146711E-08, 0.0, 0.0, -0.00283195, 0.0
1707418480.4306924, 3.2, -8.477954e-08, 2.766311e-08, 8.917857e-08, 171.9366, 0, 0, 0, +7.999780E+00, +1.146711E-08, 0.0, 0.0, -0.00283171, 45.0
1707418486.8998218, -3.2, -1.432722e-07, 2.766311e-08, 1.59202e-07, 167.5114, 0, 0, 0, +7.999780E+00, +1.146711E-08, 0.0, 0.0, -0.00283195, 0.0
1707418493.3783696, 3.2, -8.477954e-08, 2.03548e-08, 8.009745e-08, 161.9288, 0, 0, 0, +7.999780E+00, +1.146711E-08, 0.0, 0.0, -0.00283171, 45.0
1707418499.8610873, -3.2, -1.505838e-07, 1.304649e-08, 1.459184e-07, 165.5752, 0, 0, 0, +7.999780E+00, +1.146711E-08, 0.0, 0.0, -0.00283171, 90.0
1707418506.3359458, 3.2, -8.477954e-08, 2.766311e-08, 8.009745e-08, 161.9288, 0, 0, 0, +7.999780E+00, +1.146711E-08, 0.0, 0.0, -0.00283171, 0.0
1707418512.824896, -3.2, -1.140259e-07, 2.03548e-08, 1.014653e-07, 172.5227, 0, 0, 0, +7.999780E+00, +1.146711E-08, 0.0, 0.0, -0.00283171, 90.0
1707418519.3042045, 3.2, -4.822163e-08, 3.497142e-08, 5.956782e-08, 153.5204, 0, 0, 0, +7.999780E+00, +1.146711E-08, -2.3842e-07, 0.0, -0.00283171, 180.0
1707418525.8086724, -3.2, -1.140259e-07, 3.497142e-08, 1.086382e-07, 166.3633, 0, 0, 0, +7.999780E+00, +1.146711E-08, -2.3842e-07, 0.0, -0.00283171, 135.0
1707418548.4740906, 3.2, -1.166371e-08, 2.03548e-08, 3.816081e-08, 145.4895, 0, 0, 0, +8.499827E+00, +1.225070E-08, 0.0, 0.0, -0.00283171, 90.0
1707418554.976429, -3.2, -4.822163e-08, 2.766311e-08, 7.191987e-08, 158.4803, 0, 0, 0, +8.499827E+00, +1.225070E-08, -2.3842e-07, -2.3842e-07, -0.00283171, -135.0
1707418561.4317865, 3.2, -4.352126e-09, 2.766311e-08, 2.782767e-08, 142.2482, 0, 0, 0, +8.499827E+00, +1.225070E-08, 0.0, 0.0, -0.00283171, 0.0
1707418567.8976784, -3.2, -9.209113e-08, 2.03548e-08, 7.304954e-08, 163.8207, 0, 0, 0, +8.499827E+00, +1.225070E-08, -2.3842e-07, 0.0, -0.00283171, 180.0
1707418574.3638816, 3.2, -4.822163e-08, 2.03548e-08, 3.928326e-08, 142.2482, 0, 0, 0, +8.499827E+00, +1.225070E-08, 0.0, 0.0, -0.00283195, 0.0
1707418580.8182325, -3.2, -8.477954e-08, 2.03548e-08, 8.009745e-08, 165.2782, 0, 0, 0, +8.499827E+00, +1.225070E-08, 0.0, -4.76841e-07, -0.00283171, -63.438
1707418587.3377483, 3.2, -4.091004e-08, 2.766311e-08, 4.938501e-08, 133.8529, 0, 0, 0, +8.499827E+00, +1.225070E-08, -2.3842e-07, -2.3842e-07, -0.00283171, -135.0
1707418593.8149936, -3.2, -7.015637e-08, 1.304649e-08, 8.71888e-08, 163.2803, 0, 0, 0, +8.499827E+00, +1.225070E-08, 0.0, -2.3842e-07, -0.00283171, -90.0
1707418600.3046474, 3.2, -4.822163e-08, 2.766311e-08, 4.569408e-08, 138.7564, 0, 0, 0, +8.499827E+00, +1.225070E-08, 0.0, 0.0, -0.00283195, 0.0
1707418606.7835054, -3.2, -9.209113e-08, 2.03548e-08, 9.615624e-08, 163.2803, 0, 0, 0, +8.499827E+00, +1.225070E-08, -2.3842e-07, 0.0, -0.00283171, 180.0
1707418629.4554827, 3.2, 2.515533e-07, 2.766311e-08, 2.523755e-07, 2.885198, 0, 0, 0, +8.999796E+00, +1.290983E-08, 0.0, 0.0, -0.00283171, 90.0
1707418635.944235, -3.2, 2.296185e-07, 2.766311e-08, 2.159568e-07, 5.23151, 0, 0, 0, +8.999796E+00, +1.290983E-08, 0.0, 0.0, -0.00283171, 0.0
1707418642.4265227, 3.2, 2.588649e-07, 3.497142e-08, 2.596639e-07, 6.099657, 0, 0, 0, +8.999796E+00, +1.290983E-08, 0.0, 0.0, -0.00283171, 90.0
1707418648.892256, -3.2, 2.076838e-07, 2.03548e-08, 2.167677e-07, 7.331871, 0, 0, 0, +8.999796E+00, +1.290983E-08, 0.0, 0.0, -0.00283171, 0.0
1707418655.373138, 3.2, 2.588649e-07, 2.03548e-08, 2.467327e-07, 4.626091, 0, 0, 0, +8.999796E+00, +1.290983E-08, 0.0, 0.0, -0.00283171, 90.0
1707418661.842645, -3.2, 2.076838e-07, 2.766311e-08, 2.022728e-07, 3.594539, 0, 0, 0, +8.999796E+00, +1.290983E-08, -2.3842e-07, -2.3842e-07, -0.00283171, -135.0
1707418668.3213236, 3.2, 2.588649e-07, 2.766311e-08, 2.450884e-07, 4.763949, 0, 0, 0, +8.999796E+00, +1.290983E-08, -2.3842e-07, -2.3842e-07, -0.00283171, -135.0
1707418674.7970047, -3.2, 2.076838e-07, 2.766311e-08, 2.022728e-07, 29.13858, 0, 0, 0, +8.999796E+00, +1.290983E-08, 0.0, 0.0, -0.00283171, 45.0
1707418681.2847774, 3.2, 2.442417e-07, 2.03548e-08, 2.372891e-07, 6.659497, 0, 0, 0, +8.999796E+00, +1.290983E-08, 0.0, 0.0, -0.00283171, 90.0
1707418687.775113, -3.2, 1.711259e-07, 2.03548e-08, 1.762715e-07, 8.812394, 0, 0, 0, +8.999796E+00, +1.290983E-08, 0.0, 0.0, -0.00283171, 90.0
1707418710.4437027, 3.2, -2.310112e-07, 2.766311e-08, 2.399229e-07, 173.379, 0, 0, 0, +9.499818E+00, +1.362538E-08, 0.0, 0.0, -0.00283195, 0.0
1707418716.93781, -3.2, -2.821923e-07, 2.03548e-08, 2.916085e-07, 173.1122, 0, 0, 0, +9.499818E+00, +1.362538E-08, 0.0, 0.0, -0.00283171, 45.0
1707418723.414408, 3.2, -2.310112e-07, 2.766311e-08, 2.471872e-07, 173.379, 0, 0, 0, +9.499818E+00, +1.362538E-08, -2.3842e-07, 0.0, -0.00283171, 180.0
1707418729.9333959, -3.2, -2.821923e-07, 2.03548e-08, 2.829255e-07, 175.9782, 0, 0, 0, +9.499818E+00, +1.362538E-08, 0.0, 0.0, -0.00283171, 0.0
1707418736.4214292, 3.2, -2.456344e-07, 2.766311e-08, 2.391905e-07, 175.2629, 0, 0, 0, +9.499818E+00, +1.362538E-08, 0.0, 0.0, -0.00283195, 0.0
1707418742.8836892, -3.2, -2.821923e-07, 2.766311e-08, 2.835449e-07, 175.8743, 0, 0, 0, +9.499818E+00, +1.362538E-08, 0.0, 0.0, -0.00283171, 90.0
1707418749.372594, 3.2, -2.310112e-07, 2.766311e-08, 2.319062e-07, 173.1714, 0, 0, 0, +9.499818E+00, +1.362538E-08, -2.3842e-07, 0.0, -0.00283171, 135.0
1707418755.8570933, -3.2, -2.675691e-07, 2.766311e-08, 2.908225e-07, 172.7495, 0, 0, 0, +9.499818E+00, +1.362538E-08, 0.0, 0.0, -0.00283195, 0.0
1707418762.3297021, 3.2, -2.310112e-07, 2.03548e-08, 2.40875e-07, 175.1183, 0, 0, 0, +9.499818E+00, +1.362538E-08, 0.0, -2.3842e-07, -0.00283171, -90.0
1707418768.8112476, -3.2, -2.895039e-07, 2.766311e-08, 2.770964e-07, 175.8743, 0, 0, 0, +9.499818E+00, +1.362538E-08, 0.0, 0.0, -0.00283171, 90.0
1707418791.4649947, 3.2, -3.359846e-08, 2.766311e-08, 4.938501e-08, 158.7785, 0, 0, 0, +9.999848E+00, +1.377524E-08, 0.0, 0.0, -0.00283195, 0.0
1707418797.9424064, -3.2, -1.067143e-07, 2.766311e-08, 1.031802e-07, 163.2803, 0, 0, 0, +9.999848E+00, +1.377524E-08, -2.3842e-07, 0.0, -0.00283171, 180.0
1707418804.4189432, 3.2, -4.091004e-08, 2.766311e-08, 5.234159e-08, 162.3122, 0, 0, 0, +9.999848E+00, +1.377524E-08, 0.0, 0.0, -0.00283195, 0.0
1707418810.893839, -3.2, -8.477954e-08, 1.304649e-08, 9.615624e-08, 166.4993, 0, 0, 0, +9.999848E+00, +1.377524E-08, -2.3842e-07, -2.3842e-07, -0.00283171, -135.0
1707418817.3884072, 3.2, -4.822163e-08, 2.03548e-08, 3.928326e-08, 162.3122, 0, 0, 0, +9.999848E+00, +1.377524E-08, -2.3842e-07, -2.3842e-07, -0.00283171, -135.0
1707418823.870775, -3.2, -7.746796e-08, 3.497142e-08, 9.43138e-08, 163.2803, 0, 0, 0, +9.999848E+00, +1.377524E-08, 0.0, -2.3842e-07, -0.00283171, -90.0
1707418830.3591142, 3.2, -7.746796e-08, 1.304649e-08, 2.782767e-08, 133.8529, 0, 0, 0, +9.999848E+00, +1.377524E-08, -2.3842e-07, 0.0, -0.00283171, 135.0
1707418836.848011, -3.2, -8.477954e-08, 2.766311e-08, 9.615624e-08, 171.9366, 0, 0, 0, +9.999848E+00, +1.377524E-08, 0.0, 0.0, -0.00283171, 0.0
1707418843.3489428, 3.2, -5.553321e-08, 2.766311e-08, 5.559292e-08, 159.8704, 0, 0, 0, +9.999848E+00, +1.377524E-08, -2.3842e-07, 0.0, -0.00283171, 180.0
1707418849.836092, -3.2, -1.28649e-07, 2.766311e-08, 1.244509e-07, 174.2093, 0, 0, 0, +9.999848E+00, +1.377524E-08, 0.0, 0.0, -0.00283171, 0.0
1707418872.5383844, 3.2, 2.489421e-08, 2.766311e-08, 3.721517e-08, 39.27121, 0, 0, 0, +9.999854E+00, +1.404815E-08, -2.3842e-07, -2.3842e-07, -0.00283171, -135.0
1707418878.9949093, -3.2, -4.091004e-08, 1.304649e-08, 3.928326e-08, 133.8529, 0, 0, 0, +9.999854E+00, +1.404815E-08, 0.0, -2.3842e-07, -0.00283171, -90.0
1707418885.498785, 3.2, 2.489421e-08, 2.03548e-08, 3.809896e-08, 57.56003, 0, 0, 0, +9.999854E+00, +1.404815E-08, 0.0, 0.0, -0.00283195, 0.0
1707418891.957722, -3.2, -5.553321e-08, 2.766311e-08, 5.234159e-08, 140.5338, 0, 0, 0, +9.999854E+00, +1.404815E-08, 0.0, -2.3842e-07, -0.00283171, -90.0
1707418898.4501631, 3.2, 2.489421e-08, 2.03548e-08, 3.277798e-08, 48.01575, 0, 0, 0, +9.999854E+00, +1.404815E-08, 0.0, 0.0, -0.00283195, 0.0
1707418904.9222796, -3.2, -2.628688e-08, 2.03548e-08, 5.559292e-08, 153.5473, 0, 0, 0, +9.999854E+00, +1.404815E-08, 0.0, 0.0, -0.00283171, 45.0
1707418911.3737903, 3.2, 1.027104e-08, 1.304649e-08, 2.056881e-08, 63.22446, 0, 0, 0, +9.999854E+00, +1.404815E-08, 0.0, 0.0, -0.00283195, 0.0
1707418917.8499687, -3.2, -4.091004e-08, 1.304649e-08, 2.934639e-08, 158.7785, 0, 0, 0, +9.999854E+00, +1.404815E-08, 0.0, 0.0, -0.00283195, 0.0
1707418924.317698, 3.2, 3.951737e-08, 1.304649e-08, 2.810574e-08, 63.22446, 0, 0, 0, +9.999854E+00, +1.404815E-08, -2.3842e-07, 0.0, -0.00283171, 135.0
1707418930.8146188, -3.2, -5.553321e-08, 1.304649e-08, 3.928326e-08, 150.1586, 0, 0, 0, +9.999854E+00, +1.404815E-08, -2.3842e-07, 0.0, -0.00283171, 135.0
1707418953.4526093, 3.2, 4.682895e-08, 1.304649e-08, 6.999041e-08, 13.54851, 0, 0, 0, +9.499815E+00, +1.218752E-08, 0.0, 0.0, -0.00283195, 0.0
1707418959.944308, -3.2, 1.758262e-08, 2.766311e-08, 3.215648e-08, 49.1793, 0, 0, 0, +9.499815E+00, +1.218752E-08, 0.0, -2.3842e-07, -0.00283171, -90.0
1707418966.4335017, 3.2, 3.951737e-08, 1.304649e-08, 6.079841e-08, 34.99294, 0, 0, 0, +9.499815E+00, +1.218752E-08, 0.0, 0.0, -0.00283171, 0.0
1707418972.908947, -3.2, 2.959457e-09, 2.03548e-08, 2.189428e-08, 49.1793, 0, 0, 0, +9.499815E+00, +1.218752E-08, -2.3842e-07, 0.0, -0.00283171, 180.0
1707418979.3843894, 3.2, 6.87637e-08, 1.304649e-08, 6.739148e-08, 24.23523, 0, 0, 0, +9.499815E+00, +1.218752E-08, -2.3842e-07, 0.0, -0.00283171, 135.0
1707418985.9041889, -3.2, 3.220579e-08, 2.03548e-08, 4.292694e-08, 49.1793, 0, 0, 0, +9.499815E+00, +1.218752E-08, -2.3842e-07, 0.0, -0.00283171, 180.0
1707418992.3719974, 3.2, 6.145213e-08, 1.304649e-08, 7.070618e-08, 18.32643, 0, 0, 0, +9.499815E+00, +1.218752E-08, 0.0, -2.3842e-07, -0.00283171, -90.0
1707418998.8511648, -3.2, 2.959457e-09, 2.766311e-08, 3.215648e-08, 49.1793, 0, 0, 0, +9.499815E+00, +1.218752E-08, 0.0, -2.3842e-07, -0.00283171, -90.0
1707419005.3286297, 3.2, 6.87637e-08, 2.766311e-08, 7.411946e-08, 24.23523, 0, 0, 0, +9.499815E+00, +1.218752E-08, 0.0, 0.0, -0.00283171, 45.0
1707419011.837876, -3.2, 2.959457e-09, 5.738173e-09, 3.721517e-08, 57.56003, 0, 0, 0, +9.499815E+00, +1.218752E-08, -2.3842e-07, 0.0, -0.00283171, 135.0
1707419034.5037563, 3.2, -7.015637e-08, 1.304649e-08, 6.866378e-08, 166.7792, 0, 0, 0, +8.999780E+00, +1.123131E-08, 0.0, -2.3842e-07, -0.00283171, -90.0
1707419041.026117, -3.2, -9.940271e-08, 1.304649e-08, 1.031802e-07, 169.201, 0, 0, 0, +8.999780E+00, +1.123131E-08, -2.3842e-07, 0.0, -0.00283171, 135.0
1707419047.5080884, 3.2, -7.015637e-08, 2.766311e-08, 8.225894e-08, 163.8207, 0, 0, 0, +8.999780E+00, +1.123131E-08, 0.0, 0.0, -0.00283195, 0.0
1707419053.9937582, -3.2, -9.209113e-08, 2.03548e-08, 1.014653e-07, 173.0298, 0, 0, 0, +8.999780E+00, +1.123131E-08, 0.0, 0.0, -0.00283195, 0.0
1707419060.4779863, 3.2, -5.553321e-08, 2.03548e-08, 6.605896e-08, 162.0534, 0, 0, 0, +8.999780E+00, +1.123131E-08, 0.0, -2.3842e-07, -0.00283171, -90.0
1707419067.0014472, -3.2, -1.140259e-07, 1.304649e-08, 1.075088e-07, 173.0298, 0, 0, 0, +8.999780E+00, +1.123131E-08, -2.3842e-07, -2.3842e-07, -0.00283171, -135.0
1707419073.4728904, 3.2, -6.284479e-08, 2.03548e-08, 7.304954e-08, 169.4654, 0, 0, 0, +8.999780E+00, +1.123131E-08, 0.0, 0.0, -0.00283195, 0.0
1707419079.9417536, -3.2, -9.940271e-08, 2.766311e-08, 1.05375e-07, 172.5227, 0, 0, 0, +8.999780E+00, +1.123131E-08, 0.0, 0.0, -0.00283195, 0.0
1707419086.430544, 3.2, -7.746796e-08, 2.766311e-08, 8.009745e-08, 168.272, 0, 0, 0, +8.999780E+00, +1.123131E-08, 0.0, 0.0, -0.00283195, 0.0
1707419092.8891096, -3.2, -1.213375e-07, 2.766311e-08, 1.230329e-07, 161.8555, 0, 0, 0, +8.999780E+00, +1.123131E-08, 0.0, 0.0, -0.00283171, 0.0
1707419115.531601, 3.2, 1.027104e-08, 1.304649e-08, 2.056881e-08, 77.21934, 0, 0, 0, +8.499794E+00, +1.019375E-08, -2.3842e-07, 0.0, -0.00283171, 180.0
1707419122.0340402, -3.2, -2.628688e-08, 2.03548e-08, 3.604258e-08, 158.7785, 0, 0, 0, +8.499794E+00, +1.019375E-08, 2.3842e-07, 0.0, -0.00283171, 0.0
1707419128.511993, 3.2, 2.959457e-09, 2.766311e-08, 2.782096e-08, 69.63052, 0, 0, 0, +8.499794E+00, +1.019375E-08, 0.0, 0.0, -0.00283171, 90.0
1707419134.977535, -3.2, -4.822163e-08, 2.03548e-08, 5.559292e-08, 157.1149, 0, 0, 0, +8.499794E+00, +1.019375E-08, -2.3842e-07, 0.0, -0.00283171, 135.0
1707419141.4486897, 3.2, 2.959457e-09, 2.03548e-08, 1.750008e-08, 119.8136, 0, 0, 0, +8.499794E+00, +1.019375E-08, -2.3842e-07, -2.3842e-07, -0.00283171, -135.0
1707419147.929148, -3.2, -4.822163e-08, 2.766311e-08, 6.204179e-08, 150.1586, 0, 0, 0, +8.499794E+00, +1.019375E-08, 0.0, 0.0, -0.00283195, 0.0
1707419154.3972852, 3.2, -1.897529e-08, 1.304649e-08, 3.816081e-08, 142.2482, 0, 0, 0, +8.499794E+00, +1.019375E-08, 0.0, 0.0, -0.00283171, 0.0
1707419160.882265, -3.2, -7.015637e-08, 2.03548e-08, 7.135914e-08, 181.2821, 0, 0, 0, +8.499794E+00, +1.019375E-08, 0.0, 0.0, -0.00283171, 90.0
1707419167.3443983, 3.2, -2.628688e-08, 5.738173e-09, 4.293999e-08, 162.3122, 0, 0, 0, +8.499794E+00, +1.019375E-08, 0.0, 0.0, -0.00283171, 90.0
1707419173.8200152, -3.2, -6.284479e-08, 2.766311e-08, 7.304954e-08, 165.2782, 0, 0, 0, +8.499794E+00, +1.019375E-08, 0.0, 0.0, -0.00283195, 0.0
1707419196.4658487, 3.2, 1.784375e-07, 1.304649e-08, 1.80569e-07, 8.470649, 0, 0, 0, +7.999767E+00, +9.045763E-09, 0.0, 0.0, -0.00283195, 0.0
1707419202.9344954, -3.2, 1.418795e-07, 3.497142e-08, 1.360987e-07, 11.61645, 0, 0, 0, +7.999767E+00, +9.045763E-09, -2.3842e-07, 0.0, -0.00283171, 180.0
1707419209.4137056, 3.2, 1.85749e-07, 2.766311e-08, 1.86861e-07, 6.507739, 0, 0, 0, +7.999767E+00, +9.045763E-09, 0.0, 0.0, -0.00283171, 45.0
1707419215.8849251, -3.2, 1.34568e-07, 2.03548e-08, 1.351989e-07, 8.601375, 0, 0, 0, +7.999767E+00, +9.045763E-09, 0.0, 0.0, -0.00283171, 90.0
1707419222.3684914, 3.2, 1.638143e-07, 1.304649e-08, 1.65074e-07, 6.783252, 0, 0, 0, +7.999767E+00, +9.045763E-09, 0.0, -2.3842e-07, -0.00283171, -90.0
1707419228.8493664, -3.2, 1.34568e-07, 2.03548e-08, 1.216597e-07, 9.631414, 0, 0, 0, +7.999767E+00, +9.045763E-09, -2.3842e-07, -2.3842e-07, -0.00283171, -135.0
1707419235.3249156, 3.2, 1.565027e-07, 2.03548e-08, 1.589287e-07, 2.099809, 0, 0, 0, +7.999767E+00, +9.045763E-09, 0.0, 0.0, -0.00283195, 0.0
1707419241.7939653, -3.2, 1.199448e-07, 2.766311e-08, 1.072705e-07, 6.607217, 0, 0, 0, +7.999767E+00, +9.045763E-09, 0.0, -2.3842e-07, -0.00283171, -90.0
1707419248.3049402, 3.2, 1.418795e-07, 3.497142e-08, 1.360987e-07, 13.84663, 0, 0, 0, +7.999767E+00, +9.045763E-09, 0.0, 0.0, -0.00283195, 0.0
1707419254.7854998, -3.2, 9.801004e-08, 2.03548e-08, 9.295444e-08, 11.73245, 0, 0, 0, +7.999767E+00, +9.045763E-09, 0.0, 0.0, -0.00283171, 90.0
1707419277.432358, 3.2, -1.166371e-08, 3.497142e-08, 2.081487e-08, 102.0689, 0, 0, 0, +7.499683E+00, +8.031023E-09, -2.3842e-07, 0.0, -0.00283171, 135.0
1707419283.9457648, -3.2, -4.822163e-08, 2.766311e-08, 6.562726e-08, 144.0495, 0, 0, 0, +7.499683E+00, +8.031023E-09, 0.0, -2.3842e-07, -0.00283171, -45.0
1707419290.4341528, 3.2, -4.352126e-09, 2.766311e-08, 3.816081e-08, 132.9912, 0, 0, 0, +7.499683E+00, +8.031023E-09, 0.0, 0.0, -0.00283171, 90.0
1707419296.903661, -3.2, -4.822163e-08, 2.766311e-08, 6.204179e-08, 157.1149, 0, 0, 0, +7.499683E+00, +8.031023E-09, -2.3842e-07, 0.0, -0.00283171, 180.0
1707419303.3748722, 3.2, 2.959457e-09, 2.03548e-08, 2.056881e-08, 63.30806, 0, 0, 0, +7.499683E+00, +8.031023E-09, -2.3842e-07, 0.0, -0.00283171, 180.0
1707419309.8570435, -3.2, -3.359846e-08, 1.304649e-08, 2.782767e-08, 167.686, 0, 0, 0, +7.499683E+00, +8.031023E-09, -2.3842e-07, 0.0, -0.00283171, 135.0
1707419316.3391852, 3.2, 2.489421e-08, 2.766311e-08, 2.689733e-08, 63.30806, 0, 0, 0, +7.499683E+00, +8.031023E-09, 0.0, -2.3842e-07, -0.00283171, -45.0
1707419322.8372617, -3.2, -2.628688e-08, 1.304649e-08, 2.302765e-08, 132.9912, 0, 0, 0, +7.499683E+00, +8.031023E-09, 0.0, -2.3842e-07, -0.00283171, -45.0
1707419329.3266184, 3.2, 1.758262e-08, 2.766311e-08, 4.75417e-08, 39.27121, 0, 0, 0, +7.499683E+00, +8.031023E-09, 0.0, 0.0, -0.00283195, 0.0
1707419335.8058386, -3.2, 3.220579e-08, 3.497142e-08, 3.277798e-08, 51.78788, 0, 0, 0, +7.499683E+00, +8.031023E-09, 0.0, 0.0, -0.00283171, 90.0
1707419358.4608665, 3.2, -4.352126e-09, 1.304649e-08, 4.352131e-08, 140.5338, 0, 0, 0, +7.000000E+00, +7.264533E-09, 0.0, 0.0, -0.00283171, 90.0
1707419364.9299326, -3.2, -9.209113e-08, 3.497142e-08, 8.71888e-08, 161.9288, 0, 0, 0, +7.000000E+00, +7.264533E-09, -2.3842e-07, 0.0, -0.00283171, 135.0
1707419371.417922, 3.2, -2.628688e-08, 2.03548e-08, 4.569408e-08, 170.3081, 0, 0, 0, +7.000000E+00, +7.264533E-09, -2.3842e-07, -2.3842e-07, -0.00283171, -135.0
1707419377.8969305, -3.2, -9.209113e-08, 2.03548e-08, 7.855886e-08, 166.4993, 0, 0, 0, +7.000000E+00, +7.264533E-09, -2.3842e-07, 0.0, -0.00283171, 180.0
1707419384.372778, 3.2, -4.822163e-08, 2.03548e-08, 4.293999e-08, 145.9337, 0, 0, 0, +7.000000E+00, +7.264533E-09, -2.3842e-07, -2.3842e-07, -0.00283171, -135.0
1707419390.866246, -3.2, -9.209113e-08, 2.03548e-08, 8.577751e-08, 165.2782, 0, 0, 0, +7.000000E+00, +7.264533E-09, -2.3842e-07, 0.0, -0.00283171, 180.0
1707419397.350108, 3.2, -2.628688e-08, 1.304649e-08, 3.604258e-08, 148.7914, 0, 0, 0, +7.000000E+00, +7.264533E-09, 0.0, 0.0, -0.00283195, 0.0
1707419403.8017552, -3.2, -7.015637e-08, 1.304649e-08, 8.497351e-08, 166.4993, 0, 0, 0, +7.000000E+00, +7.264533E-09, 0.0, 0.0, -0.00283195, 0.0
1707419410.277498, 3.2, 2.489421e-08, 2.766311e-08, 2.689733e-08, 36.57579, 0, 0, 0, +7.000000E+00, +7.264533E-09, 0.0, 0.0, -0.00283195, 0.0
1707419416.7516775, -3.2, -4.091004e-08, 2.03548e-08, 2.782767e-08, 140.5338, 0, 0, 0, +7.000000E+00, +7.264533E-09, -4.76841e-07, 0.0, -0.00283171, 180.0
1707419439.361275, 3.2, 2.22307e-07, 2.03548e-08, 2.232369e-07, 5.23151, 0, 0, 0, +6.500073E+00, +6.444542E-09, 0.0, -2.3842e-07, -0.00283171, -90.0
1707419445.8075736, -3.2, 1.784375e-07, 1.304649e-08, 1.80569e-07, 11.08868, 0, 0, 0, +6.500073E+00, +6.444542E-09, 0.0, -4.76841e-07, -0.00283171, -90.0
1707419452.3132095, 3.2, 2.149954e-07, 1.304649e-08, 2.226895e-07, 6.869555, 0, 0, 0, +6.500073E+00, +6.444542E-09, -2.3842e-07, 0.0, -0.00283171, 135.0
1707419458.7882767, -3.2, 1.565027e-07, 2.03548e-08, 1.578208e-07, 9.585034, 0, 0, 0, +6.500073E+00, +6.444542E-09, -2.3842e-07, -2.3842e-07, -0.00283171, -135.0
1707419465.2748647, 3.2, 2.003722e-07, 2.03548e-08, 2.080932e-07, 3.725341, 0, 0, 0, +6.500073E+00, +6.444542E-09, 0.0, 0.0, -0.00283195, 0.0
1707419471.75554, -3.2, 1.638143e-07, 2.03548e-08, 1.570455e-07, 7.410311, 0, 0, 0, +6.500073E+00, +6.444542E-09, 0.0, -2.3842e-07, -0.00283171, -90.0
1707419478.2507837, 3.2, 1.930606e-07, 2.03548e-08, 2.007965e-07, 7.860485, 0, 0, 0, +6.500073E+00, +6.444542E-09, 0.0, 0.0, -0.00283171, 90.0
1707419484.692966, -3.2, 1.34568e-07, 2.766311e-08, 1.505733e-07, 8.164248, 0, 0, 0, +6.500073E+00, +6.444542E-09, 0.0, 0.0, -0.00283195, 0.0
1707419491.1416123, 3.2, 2.076838e-07, 2.766311e-08, 1.950325e-07, 6.507739, 0, 0, 0, +6.500073E+00, +6.444542E-09, -2.3842e-07, 0.0, -0.00283171, 180.0
1707419497.627073, -3.2, 1.272564e-07, 3.497142e-08, 1.390379e-07, 14.56773, 0, 0, 0, +6.500073E+00, +6.444542E-09, -2.3842e-07, -2.3842e-07, -0.00283171, -135.0
1707419520.2735639, 3.2, -1.65207e-07, 2.03548e-08, 1.737152e-07, 168.0479, 0, 0, 0, +6.000060E+00, +5.863840E-09, -2.3842e-07, 0.0, -0.00283171, 180.0
1707419526.778421, -3.2, -2.090764e-07, 1.304649e-08, 2.10065e-07, 174.4394, 0, 0, 0, +6.000060E+00, +5.863840E-09, -2.3842e-07, 0.0, -0.00283171, 135.0
1707419533.2873065, 3.2, -1.798301e-07, 2.766311e-08, 1.747223e-07, 172.9761, 0, 0, 0, +6.000060E+00, +5.863840E-09, 0.0, 0.0, -0.00283195, 0.0
1707419539.7887516, -3.2, -2.383228e-07, 2.766311e-08, 2.326616e-07, 172.9505, 0, 0, 0, +6.000060E+00, +5.863840E-09, 0.0, 0.0, -0.00283195, 0.0
1707419546.2749305, 3.2, -1.798301e-07, 2.03548e-08, 1.737152e-07, 178.095, 0, 0, 0, +6.000060E+00, +5.863840E-09, -2.3842e-07, 0.0, -0.00283171, 180.0
1707419552.773538, -3.2, -2.017649e-07, 1.304649e-08, 2.246238e-07, 174.8009, 0, 0, 0, +6.000060E+00, +5.863840E-09, 0.0, -2.3842e-07, -0.00283171, -45.0
1707419559.2404068, 3.2, -1.798301e-07, 2.03548e-08, 1.809784e-07, 173.7925, 0, 0, 0, +6.000060E+00, +5.863840E-09, 0.0, 0.0, -0.00283171, 45.0
1707419565.7378047, -3.2, -2.383228e-07, 2.03548e-08, 2.464763e-07, 173.1714, 0, 0, 0, +6.000060E+00, +5.863840E-09, 0.0, 0.0, -0.00283171, 0.0
1707419572.253881, 3.2, -1.871417e-07, 1.304649e-08, 1.964111e-07, 171.5915, 0, 0, 0, +6.000060E+00, +5.863840E-09, 0.0, 0.0, -0.00283171, 90.0
1707419578.7673938, -3.2, -2.090764e-07, 1.304649e-08, 2.391905e-07, 173.1714, 0, 0, 0, +6.000060E+00, +5.863840E-09, 0.0, 0.0, -0.00283195, 0.0
1707419601.4169853, 3.2, 9.069846e-08, 1.304649e-08, 9.887456e-08, 10.93831, 0, 0, 0, +5.500025E+00, +5.263332E-09, 0.0, 0.0, -0.00283171, 90.0
1707419607.8726184, -3.2, 6.87637e-08, 2.766311e-08, 6.473547e-08, 21.91454, 0, 0, 0, +5.500025E+00, +5.263332E-09, -2.3842e-07, -2.3842e-07, -0.00283171, -135.0
1707419614.347752, 3.2, 9.069846e-08, 2.766311e-08, 9.163199e-08, 11.73245, 0, 0, 0, +5.500025E+00, +5.263332E-09, -2.3842e-07, -2.3842e-07, -0.00283171, -135.0
1707419620.8428807, -3.2, 6.87637e-08, 1.304649e-08, 5.784043e-08, 18.32643, 0, 0, 0, +5.500025E+00, +5.263332E-09, -4.76841e-07, 0.0, -0.00283171, 153.438
1707419627.3254871, 3.2, 9.801004e-08, 2.03548e-08, 9.887456e-08, 16.96175, 0, 0, 0, +5.500025E+00, +5.263332E-09, -4.76841e-07, 0.0, -0.00283171, 180.0
1707419633.8049204, -3.2, 4.682895e-08, 2.03548e-08, 5.56903e-08, 13.54851, 0, 0, 0, +5.500025E+00, +5.263332E-09, -2.3842e-07, 0.0, -0.00283171, 180.0
1707419640.283762, 3.2, 6.87637e-08, 3.497142e-08, 8.094874e-08, 16.96175, 0, 0, 0, +5.500025E+00, +5.263332E-09, -2.3842e-07, 0.0, -0.00283171, 180.0
1707419646.7617524, -3.2, 4.682895e-08, 2.03548e-08, 5.276953e-08, 27.2523, 0, 0, 0, +5.500025E+00, +5.263332E-09, -2.3842e-07, -2.3842e-07, -0.00283171, -135.0
1707419653.260775, 3.2, 8.338687e-08, 1.304649e-08, 7.875131e-08, 16.96175, 0, 0, 0, +5.500025E+00, +5.263332E-09, 0.0, 0.0, -0.00283195, 0.0
1707419659.7593167, -3.2, 2.489421e-08, 2.03548e-08, 3.277798e-08, 18.27041, 0, 0, 0, +5.500025E+00, +5.263332E-09, -2.3842e-07, 0.0, -0.00283171, 180.0
1707419682.411732, 3.2, -5.553321e-08, 2.03548e-08, 6.605896e-08, 153.5204, 0, 0, 0, +5.000003E+00, +4.513872E-09, 0.0, -2.3842e-07, -0.00283171, -90.0
1707419688.8901188, -3.2, -9.209113e-08, 1.304649e-08, 7.768018e-08, 171.9366, 0, 0, 0, +5.000003E+00, +4.513872E-09, 0.0, 0.0, -0.00283195, 0.0
1707419695.3655872, 3.2, -5.553321e-08, 2.766311e-08, 7.135914e-08, 156.2418, 0, 0, 0, +5.000003E+00, +4.513872E-09, 0.0, 2.3842e-07, -0.00283171, 90.0
1707419701.847931, -3.2, -1.140259e-07, 2.03548e-08, 1.086382e-07, 168.4274, 0, 0, 0, +5.000003E+00, +4.513872E-09, -2.3842e-07, 0.0, -0.00283171, 135.0
1707419708.324513, 3.2, -8.477954e-08, 2.766311e-08, 7.54133e-08, 158.4803, 0, 0, 0, +5.000003E+00, +4.513872E-09, 0.0, 0.0, -0.00283171, 0.0
1707419714.805219, -3.2, -1.28649e-07, 1.304649e-08, 1.147698e-07, 169.8787, 0, 0, 0, +5.000003E+00, +4.513872E-09, 0.0, 0.0, -0.00283195, 0.0
1707419721.2746232, 3.2, -9.209113e-08, 1.304649e-08, 8.009745e-08, 170.4404, 0, 0, 0, +5.000003E+00, +4.513872E-09, 0.0, 0.0, -0.00283195, 0.0
1707419727.7788084, -3.2, -1.140259e-07, 4.227973e-08, 1.147698e-07, 162.9494, 0, 0, 0, +5.000003E+00, +4.513872E-09, -2.3842e-07, -2.3842e-07, -0.00283171, -135.0
1707419734.2849646, 3.2, -7.015637e-08, 2.03548e-08, 7.855886e-08, 162.0534, 0, 0, 0, +5.000003E+00, +4.513872E-09, 0.0, 0.0, -0.00283171, 45.0
1707419740.762631, -3.2, -1.140259e-07, 2.03548e-08, 1.102415e-07, 169.8787, 0, 0, 0, +5.000003E+00, +4.513872E-09, 0.0, 0.0, -0.00283171, 45.0
1707419763.4301238, 3.2, -9.940271e-08, 1.304649e-08, 9.43138e-08, 164.4485, 0, 0, 0, +4.499947E+00, +3.927591E-09, -2.3842e-07, 0.0, -0.00283171, 180.0
1707419769.8911874, -3.2, -1.28649e-07, 2.03548e-08, 1.302494e-07, 174.2093, 0, 0, 0, +4.499947E+00, +3.927591E-09, -2.3842e-07, 0.0, -0.00283171, 135.0
1707419776.3641112, 3.2, -9.940271e-08, 2.766311e-08, 9.615624e-08, 168.4274, 0, 0, 0, +4.499947E+00, +3.927591E-09, 0.0, -2.3842e-07, -0.00283171, -45.0
1707419782.8390026, -3.2, -1.432722e-07, 1.304649e-08, 1.447109e-07, 164.7924, 0, 0, 0, +4.499947E+00, +3.927591E-09, 0.0, 0.0, -0.00283195, 0.0
1707419789.31745, 3.2, -9.940271e-08, 2.766311e-08, 1.031802e-07, 165.4673, 0, 0, 0, +4.499947E+00, +3.927591E-09, 0.0, 0.0, -0.00283171, 0.0
1707419795.7937307, -3.2, -1.505838e-07, 2.766311e-08, 1.531036e-07, 172.6543, 0, 0, 0, +4.499947E+00, +3.927591E-09, -2.3842e-07, 0.0, -0.00283171, 180.0
1707419802.2890375, 3.2, -9.940271e-08, 1.304649e-08, 1.102415e-07, 161.8555, 0, 0, 0, +4.499947E+00, +3.927591E-09, -2.3842e-07, -2.3842e-07, -0.00283171, -135.0
1707419808.7849395, -3.2, -1.432722e-07, 1.304649e-08, 1.43865e-07, 174.7969, 0, 0, 0, +4.499947E+00, +3.927591E-09, 0.0, 0.0, -0.00283195, 0.0
1707419815.289096, 3.2, -9.940271e-08, 1.304649e-08, 1.086382e-07, 166.3633, 0, 0, 0, +4.499947E+00, +3.927591E-09, 0.0, 0.0, -0.00283195, 0.0
1707419821.767541, -3.2, -1.578954e-07, 2.766311e-08, 1.511479e-07, 169.5905, 0, 0, 0, +4.499947E+00, +3.927591E-09, 0.0, 0.0, -0.00283195, 0.0
1707419844.3937917, 3.2, 3.027344e-07, 2.766311e-08, 2.967151e-07, 6.9208, 0, 0, 0, +3.999996E+00, +3.359413E-09, -2.3842e-07, 0.0, -0.00283171, 135.0
1707419850.8694797, -3.2, 2.369301e-07, 2.766311e-08, 2.378029e-07, 6.869555, 0, 0, 0, +3.999996E+00, +3.359413E-09, 0.0, -2.3842e-07, -0.00283171, -90.0
1707419857.3404253, 3.2, 2.807996e-07, 1.304649e-08, 2.894362e-07, 1.170683, 0, 0, 0, +3.999996E+00, +3.359413E-09, 0.0, 0.0, -0.00283171, 0.0
1707419863.7989864, -3.2, 2.296185e-07, 1.304649e-08, 2.523755e-07, 3.057622, 0, 0, 0, +3.999996E+00, +3.359413E-09, 0.0, -2.3842e-07, -0.00283171, -90.0
1707419870.281938, 3.2, 2.807996e-07, 2.766311e-08, 2.757149e-07, 4.372958, 0, 0, 0, +3.999996E+00, +3.359413E-09, -2.3842e-07, 0.0, -0.00283171, 180.0
1707419876.7875075, -3.2, 2.149954e-07, 2.766311e-08, 2.240215e-07, 3.358654, 0, 0, 0, +3.999996E+00, +3.359413E-09, 0.0, 0.0, -0.00283171, 90.0
1707419883.269327, 3.2, 2.661765e-07, 2.03548e-08, 2.676101e-07, 4.372958, 0, 0, 0, +3.999996E+00, +3.359413E-09, 0.0, 0.0, -0.00283195, 0.0
1707419889.757859, -3.2, 2.369301e-07, 2.03548e-08, 2.296902e-07, 4.910255, 0, 0, 0, +3.999996E+00, +3.359413E-09, 0.0, -2.3842e-07, -0.00283171, -90.0
1707419896.2637782, 3.2, 2.588649e-07, 2.03548e-08, 2.676101e-07, 4.495972, 0, 0, 0, +3.999996E+00, +3.359413E-09, -2.3842e-07, 0.0, -0.00283171, 135.0
1707419902.762912, -3.2, 2.22307e-07, 5.738173e-09, 2.305189e-07, 5.065807, 0, 0, 0, +3.999996E+00, +3.359413E-09, 0.0, 0.0, -0.00283195, 0.0
1707419925.4078066, 3.2, -2.16388e-07, 2.03548e-08, 2.246238e-07, 169.6285, 0, 0, 0, +3.499962E+00, +2.975565E-09, -2.3842e-07, -2.3842e-07, -0.00283171, -135.0
1707419931.913655, -3.2, -2.675691e-07, 5.738173e-09, 2.537636e-07, 178.7004, 0, 0, 0, +3.499962E+00, +2.975565E-09, 0.0, 0.0, -0.00283195, 0.0
1707419938.3746645, 3.2, -2.383228e-07, 2.03548e-08, 2.240798e-07, 174.8009, 0, 0, 0, +3.499962E+00, +2.975565E-09, -2.3842e-07, 0.0, -0.00283171, 180.0
1707419944.844169, -3.2, -2.748807e-07, 2.03548e-08, 2.829255e-07, 175.8743, 0, 0, 0, +3.499962E+00, +2.975565E-09, 0.0, -2.3842e-07, -0.00283171, -45.0
1707419951.319116, 3.2, -2.310112e-07, 2.03548e-08, 2.313793e-07, 176.8666, 0, 0, 0, +3.499962E+00, +2.975565E-09, -2.3842e-07, -2.3842e-07, -0.00283171, -135.0
1707419957.7817085, -3.2, -2.748807e-07, 5.738173e-09, 2.824937e-07, 177.4197, 0, 0, 0, +3.499962E+00, +2.975565E-09, 0.0, 0.0, -0.00283195, 0.0
1707419964.2795315, 3.2, -2.52946e-07, -8.878449e-09, 2.607604e-07, 186.5672, 0, 0, 0, +3.499962E+00, +2.975565E-09, -2.3842e-07, 0.0, -0.00283171, 180.0
1707419970.7656553, -3.2, -3.04127e-07, -3.080338e-08, 3.050332e-07, 181.6722, 0, 0, 0, +3.499962E+00, +2.975565E-09, 0.0, 0.0, -0.00283171, 90.0
1707419977.2646878, 3.2, -2.602575e-07, -3.080338e-08, 2.620741e-07, 185.0182, 0, 0, 0, +3.499962E+00, +2.975565E-09, 0.0, -2.3842e-07, -0.00283171, -45.0
1707419983.7637806, -3.2, -3.260618e-07, -1.618676e-08, 3.264634e-07, 182.9071, 0, 0, 0, +3.499962E+00, +2.975565E-09, -2.3842e-07, 0.0, -0.00283171, 135.0
1707420006.4381154, 3.2, -2.675691e-07, -8.878449e-09, 2.607604e-07, 181.9005, 0, 0, 0, +2.999895E+00, +2.378770E-09, -2.3842e-07, 2.3842e-07, -0.00283171, 116.562
1707420012.907146, -3.2, -3.114386e-07, -1.618676e-08, 3.115651e-07, 180.2958, 0, 0, 0, +2.999895E+00, +2.378770E-09, -2.3842e-07, 0.0, -0.00283171, 135.0
1707420019.4129355, 3.2, -2.602575e-07, -2.349507e-08, 2.534634e-07, 185.1585, 0, 0, 0, +2.999895E+00, +2.378770E-09, 0.0, -2.3842e-07, -0.00283171, -90.0
1707420025.9019766, -3.2, -3.114386e-07, -8.878449e-09, 2.969482e-07, 180.3108, 0, 0, 0, +2.999895E+00, +2.378770E-09, -2.3842e-07, 0.0, -0.00283171, 180.0
1707420032.3838115, 3.2, -2.52946e-07, -1.618676e-08, 2.311818e-07, 183.7702, 0, 0, 0, +2.999895E+00, +2.378770E-09, 0.0, 0.0, -0.00283195, 0.0
1707420038.8597662, -3.2, -2.821923e-07, -2.349507e-08, 2.89956e-07, 183.2829, 0, 0, 0, +2.999895E+00, +2.378770E-09, 0.0, 0.0, -0.00283171, 0.0
1707420045.3280258, 3.2, -2.456344e-07, -8.878449e-09, 2.604089e-07, 181.9539, 0, 0, 0, +2.999895E+00, +2.378770E-09, -2.3842e-07, 0.0, -0.00283171, 180.0
1707420051.8002186, -3.2, -3.04127e-07, -1.618676e-08, 3.129582e-07, 183.0466, 0, 0, 0, +2.999895E+00, +2.378770E-09, 0.0, 0.0, -0.00283195, 0.0
1707420058.2852662, 3.2, -2.52946e-07, -1.618676e-08, 2.680583e-07, 183.4619, 0, 0, 0, +2.999895E+00, +2.378770E-09, 0.0, 0.0, -0.00283171, 45.0
1707420064.7846313, -3.2, -3.114386e-07, -2.349507e-08, 3.123236e-07, 183.0466, 0, 0, 0, +2.999895E+00, +2.378770E-09, 0.0, 0.0, -0.00283171, 90.0
1707420087.4358006, 3.2, -2.383228e-07, -2.349507e-08, 2.461671e-07, 183.7702, 0, 0, 0, +2.499892E+00, +1.864694E-09, 0.0, 0.0, -0.00283171, 0.0
1707420093.9086828, -3.2, -2.748807e-07, -1.618676e-08, 2.904557e-07, 184.7594, 0, 0, 0, +2.499892E+00, +1.864694E-09, -2.3842e-07, -2.3842e-07, -0.00283171, -135.0
1707420100.3773549, 3.2, -2.310112e-07, -1.618676e-08, 2.534634e-07, 183.8856, 0, 0, 0, +2.499892E+00, +1.864694E-09, 0.0, 0.0, -0.00283195, 0.0
1707420106.8439116, -3.2, -3.04127e-07, -8.878449e-09, 2.972565e-07, 183.2002, 0, 0, 0, +2.499892E+00, +1.864694E-09, 0.0, 0.0, -0.00283171, 0.0
1707420113.3081334, 3.2, -2.52946e-07, -8.878449e-09, 2.315776e-07, 183.8856, 0, 0, 0, +2.499892E+00, +1.864694E-09, -2.3842e-07, 0.0, -0.00283171, 180.0
1707420119.7907507, -3.2, -2.968154e-07, -1.618676e-08, 2.826561e-07, 181.7566, 0, 0, 0, +2.499892E+00, +1.864694E-09, 0.0, -2.3842e-07, -0.00283171, -90.0
1707420126.288974, 3.2, -2.456344e-07, -1.618676e-08, 2.388718e-07, 182.1335, 0, 0, 0, +2.499892E+00, +1.864694E-09, 0.0, 0.0, -0.00283171, 90.0
1707420132.7879698, -3.2, -2.675691e-07, -3.080338e-08, 2.75883e-07, 183.3701, 0, 0, 0, +2.499892E+00, +1.864694E-09, 0.0, 0.0, -0.00283195, 0.0
1707420139.2822287, 3.2, -2.383228e-07, -2.349507e-08, 2.457948e-07, 183.7702, 0, 0, 0, +2.499892E+00, +1.864694E-09, 0.0, 0.0, -0.00283195, 0.0
1707420145.7718182, -3.2, -2.968154e-07, -2.349507e-08, 2.984096e-07, 184.526, 0, 0, 0, +2.499892E+00, +1.864694E-09, 0.0, 0.0, -0.00283195, 0.0
1707420168.4107628, 3.2, 9.069846e-08, -1.618676e-08, 1.150576e-07, 355.4929, 0, 0, 0, +1.999962E+00, +1.385413E-09, 0.0, -4.76841e-07, -0.00283171, -63.438
1707420174.8800871, -3.2, 7.60753e-08, -8.878449e-09, 7.064317e-08, 346.7539, 0, 0, 0, +1.999962E+00, +1.385413E-09, 0.0, 0.0, -0.00283171, 0.0
1707420181.3384728, 3.2, 1.053216e-07, -2.349507e-08, 1.056952e-07, 355.1815, 0, 0, 0, +1.999962E+00, +1.385413E-09, -2.3842e-07, 0.0, -0.00283171, 180.0
1707420187.8072226, -3.2, 2.489421e-08, -2.349507e-08, 2.969399e-08, 326.9672, 0, 0, 0, +1.999962E+00, +1.385413E-09, 0.0, 0.0, -0.00283171, 45.0
1707420194.316687, 3.2, 7.60753e-08, -1.618676e-08, 7.777829e-08, 346.7539, 0, 0, 0, +1.999962E+00, +1.385413E-09, 0.0, 0.0, -0.00283171, 45.0
1707420200.788076, -3.2, 1.758262e-08, -1.618676e-08, 3.423069e-08, 356.391, 0, 0, 0, +1.999962E+00, +1.385413E-09, 0.0, -2.3842e-07, -0.00283171, -90.0
1707420207.2801168, 3.2, 7.60753e-08, -1.618676e-08, 7.777829e-08, 342.8372, 0, 0, 0, +1.999962E+00, +1.385413E-09, 0.0, 0.0, -0.00283195, 0.0
1707420213.7677958, -3.2, 2.959457e-09, -8.878449e-09, 2.969399e-08, 337.7254, 0, 0, 0, +1.999962E+00, +1.385413E-09, 0.0, 0.0, -0.00283195, 0.0
1707420220.232351, 3.2, 6.87637e-08, -1.618676e-08, 6.354821e-08, 353.3434, 0, 0, 0, +1.999962E+00, +1.385413E-09, 0.0, 0.0, -0.00283195, 0.0
1707420226.7310066, -3.2, 3.220579e-08, -8.878449e-09, 1.917043e-08, 333.2083, 0, 0, 0, +1.999962E+00, +1.385413E-09, -2.3842e-07, 0.0, -0.00283171, 180.0
1707420249.4480362, 3.2, 3.220579e-08, -1.618676e-08, 4.954758e-08, 333.3561, 0, 0, 0, +1.499956E+00, +8.537877E-10, 0.0, 0.0, -0.00283171, 90.0
1707420255.941493, -3.2, -4.352126e-09, -2.349507e-08, 1.645508e-08, 254.9508, 0, 0, 0, +1.499956E+00, +8.537877E-10, 0.0, -2.3842e-07, -0.00283171, -90.0
1707420262.4431345, 3.2, 5.414054e-08, -1.618676e-08, 4.270403e-08, 340.9319, 0, 0, 0, +1.499956E+00, +8.537877E-10, 0.0, 0.0, -0.00283195, 0.0
1707420268.9419875, -3.2, -3.359846e-08, -1.618676e-08, 1.995127e-08, 220.4657, 0, 0, 0, +1.499956E+00, +8.537877E-10, 0.0, 0.0, -0.00283171, 90.0
1707420275.4411535, 3.2, 4.682895e-08, -2.349507e-08, 4.954758e-08, 329.2664, 0, 0, 0, +1.499956E+00, +8.537877E-10, 0.0, 2.3842e-07, -0.00283171, 63.438
1707420281.927231, -3.2, -4.352126e-09, -8.878449e-09, 1.995127e-08, 217.2785, 0, 0, 0, +1.499956E+00, +8.537877E-10, -2.3842e-07, 0.0, -0.00283171, 180.0
1707420288.4315326, 3.2, 3.951737e-08, -1.618676e-08, 2.643007e-08, 333.3157, 0, 0, 0, +1.499956E+00, +8.537877E-10, 0.0, 0.0, -0.00283171, 0.0
1707420294.9205112, -3.2, -1.166371e-08, -2.349507e-08, 3.525646e-08, 211.6237, 0, 0, 0, +1.499956E+00, +8.537877E-10, 0.0, 0.0, -0.00283171, 0.0
1707420301.4192874, 3.2, 2.489421e-08, -3.080338e-08, 3.423069e-08, 316.6562, 0, 0, 0, +1.499956E+00, +8.537877E-10, 0.0, 0.0, -0.00283195, 0.0
1707420307.917619, -3.2, -4.091004e-08, -1.618676e-08, 3.525646e-08, 198.6625, 0, 0, 0, +1.499956E+00, +8.537877E-10, -2.3842e-07, 0.0, -0.00283171, 135.0
1707420330.6086385, 3.2, 1.85749e-07, -1.618676e-08, 1.718897e-07, 354.8167, 0, 0, 0, +9.999849E-01, +2.744964E-10, -2.3842e-07, 0.0, -0.00283171, 180.0
1707420337.102653, -3.2, 1.199448e-07, -8.878449e-09, 1.348605e-07, 352.751, 0, 0, 0, +9.999849E-01, +2.744964E-10, -2.3842e-07, -2.3842e-07, -0.00283171, -135.0
1707420343.6047692, 3.2, 1.930606e-07, -1.618676e-08, 1.718897e-07, 354.8167, 0, 0, 0, +9.999849E-01, +2.744964E-10, 0.0, -2.3842e-07, -0.00283171, -90.0
1707420350.1127143, -3.2, 1.199448e-07, -3.080338e-08, 1.23837e-07, 349.5394, 0, 0, 0, +9.999849E-01, +2.744964E-10, 0.0, 0.0, -0.00283195, 0.0
1707420356.6083622, 3.2, 1.711259e-07, -1.618676e-08, 1.646121e-07, 354.5965, 0, 0, 0, +9.999849E-01, +2.744964E-10, 0.0, 0.0, -0.00283171, 45.0
1707420363.1097887, -3.2, 8.338687e-08, -2.349507e-08, 1.202729e-07, 359.2013, 0, 0, 0, +9.999849E-01, +2.744964E-10, 0.0, -2.3842e-07, -0.00283171, -45.0
1707420369.6065779, 3.2, 1.784375e-07, -3.080338e-08, 1.799776e-07, 348.8652, 0, 0, 0, +9.999849E-01, +2.744964E-10, 0.0, 0.0, -0.00283171, 90.0
1707420376.1049402, -3.2, 1.126332e-07, -2.349507e-08, 1.137904e-07, 351.8219, 0, 0, 0, +9.999849E-01, +2.744964E-10, -2.3842e-07, 0.0, -0.00283171, 180.0
1707420382.6041818, 3.2, 1.711259e-07, -2.349507e-08, 1.810767e-07, 354.3568, 0, 0, 0, +9.999849E-01, +2.744964E-10, 0.0, 0.0, -0.00283171, 45.0
1707420389.1025133, -3.2, 1.126332e-07, -1.618676e-08, 1.210321e-07, 355.7666, 0, 0, 0, +9.999849E-01, +2.744964E-10, 0.0, 0.0, -0.00283195, 0.0
1707420411.7793915, 3.2, 3.027344e-07, -1.618676e-08, 3.031668e-07, 358.2786, 0, 0, 0, +4.999919E-01, -3.954577E-10, -2.3842e-07, 0.0, -0.00283171, 180.0
1707420418.2707732, -3.2, 2.661765e-07, -1.618676e-08, 2.736321e-07, 358.0896, 0, 0, 0, +4.999919E-01, -3.954577E-10, 0.0, 0.0, -0.00283195, 0.0
1707420424.7620997, 3.2, 2.954228e-07, -1.618676e-08, 3.031668e-07, 355.4528, 0, 0, 0, +4.999919E-01, -3.954577E-10, 0.0, 0.0, -0.00283171, 90.0
1707420431.2611945, -3.2, 2.588649e-07, -3.080338e-08, 2.672114e-07, 358.0896, 0, 0, 0, +4.999919E-01, -3.954577E-10, 0.0, 0.0, -0.00283171, 90.0
1707420437.759507, 3.2, 3.027344e-07, -8.878449e-09, 2.963556e-07, 354.1901, 0, 0, 0, +4.999919E-01, -3.954577E-10, 0.0, 0.0, -0.00283195, 0.0
1707420444.2576833, -3.2, 2.515533e-07, -2.349507e-08, 2.447775e-07, 353.0187, 0, 0, 0, +4.999919E-01, -3.954577E-10, 0.0, 0.0, -0.00283171, 90.0
1707420450.7566972, 3.2, 2.807996e-07, -1.618676e-08, 2.817809e-07, 355.3379, 0, 0, 0, +4.999919E-01, -3.954577E-10, 0.0, 0.0, -0.00283195, 0.0
1707420457.2560956, -3.2, 2.515533e-07, -1.618676e-08, 2.520736e-07, 359.6203, 0, 0, 0, +4.999919E-01, -3.954577E-10, 0.0, 0.0, -0.00283171, 45.0
1707420463.758151, 3.2, 2.661765e-07, -3.080338e-08, 2.666682e-07, 356.52, 0, 0, 0, +4.999919E-01, -3.954577E-10, 0.0, 0.0, -0.00283171, 0.0
1707420470.2624269, -3.2, 2.22307e-07, -8.878449e-09, 2.078735e-07, 357.713, 0, 0, 0, +4.999919E-01, -3.954577E-10, -2.3842e-07, -2.3842e-07, -0.00283171, -135.0
1707420492.9406526, 3.2, 1.272564e-07, -1.618676e-08, 1.451849e-07, 352.751, 0, 0, 0, +1.078178E-05, -1.113335E-09, 0.0, 0.0, -0.00283171, 90.0
1707420499.4283361, -3.2, 6.145213e-08, -2.349507e-08, 9.213154e-08, 349.8811, 0, 0, 0, +1.078178E-05, -1.113335E-09, 0.0, -2.3842e-07, -0.00283171, -45.0
1707420505.930909, 3.2, 1.272564e-07, -2.349507e-08, 1.309314e-07, 350.0962, 0, 0, 0, +1.078178E-05, -1.113335E-09, 0.0, -2.3842e-07, -0.00283171, -45.0
1707420512.4392867, -3.2, 1.053216e-07, -1.618676e-08, 9.578653e-08, 344.2643, 0, 0, 0, +1.078178E-05, -1.113335E-09, -2.3842e-07, 0.0, -0.00283171, 180.0
1707420518.9449706, 3.2, 1.34568e-07, -1.570137e-09, 1.282817e-07, 359.3659, 0, 0, 0, +1.078178E-05, -1.113335E-09, 0.0, 0.0, -0.00283171, 90.0
1707420525.443206, -3.2, 9.069846e-08, -2.349507e-08, 9.213154e-08, 350.622, 0, 0, 0, +1.078178E-05, -1.113335E-09, 0.0, 0.0, -0.00283195, 0.0
1707420531.941259, 3.2, 1.272564e-07, -3.080338e-08, 1.210321e-07, 355.7666, 0, 0, 0, +1.078178E-05, -1.113335E-09, 0.0, -2.3842e-07, -0.00283171, -45.0
1707420538.4406145, -3.2, 9.801004e-08, -2.349507e-08, 9.213154e-08, 345.477, 0, 0, 0, +1.078178E-05, -1.113335E-09, 0.0, 0.0, -0.00283171, 90.0
1707420544.9402237, 3.2, 1.272564e-07, -1.618676e-08, 1.202729e-07, 355.7666, 0, 0, 0, +1.078178E-05, -1.113335E-09, 0.0, 0.0, -0.00283195, 0.0
1707420551.4383764, -3.2, 7.60753e-08, -1.618676e-08, 9.213154e-08, 358.9213, 0, 0, 0, +1.078178E-05, -1.113335E-09, 0.0, -2.3842e-07, -0.00283171, -90.0
