t,i,x,y,r,theta,xK,tc,therm,trueGateDC,trueGateI,x2,y2,r2,theta2
1713547044.2675064, 3.2, -1.008824e-06, 3.575649e-07, 1.070317e-06, 157.9349, 0, 0, 0, +2.919819E-05, -6.088378E-11, 0.0, 0.0, -0.00283171, 90.0
1713547050.736046, -3.2, -7.894769e-07, 3.210233e-07, 8.666755e-07, 160.1837, 0, 0, 0, +2.919819E-05, -6.088378E-11, 0.0, 0.0, -0.00283171, 0.0
1713547057.2213578, 3.2, -9.722664e-07, 3.941064e-07, 1.049105e-06, 159.8083, 0, 0, 0, +2.919819E-05, -6.088378E-11, -2.3842e-07, -2.3842e-07, -0.00283171, -135.0
1713547063.696735, -3.2, -8.625927e-07, 3.210233e-07, 8.736494e-07, 156.5937, 0, 0, 0, +2.919819E-05, -6.088378E-11, 0.0, 0.0, -0.00283171, 0.0
1713547086.3463495, 3.2, -9.357085e-07, 3.941064e-07, 1.070317e-06, 159.0865, 0, 0, 0, +1.000004E+00, +1.750846E-11, 0.0, 0.0, -0.00283195, 0.0
1713547092.801546, -3.2, -8.625927e-07, 3.575649e-07, 8.86222e-07, 161.7475, 0, 0, 0, +1.000004E+00, +1.750846E-11, 0.0, 0.0, -0.00283195, 0.0
1713547099.280806, 3.2, -1.008824e-06, 3.575649e-07, 1.083073e-06, 159.8083, 0, 0, 0, +1.000004E+00, +1.750846E-11, 0.0, 0.0, -0.00283171, 0.0
1713547105.758929, -3.2, -8.625927e-07, 2.844818e-07, 9.337659e-07, 158.7623, 0, 0, 0, +1.000004E+00, +1.750846E-11, -2.3842e-07, 0.0, -0.00283171, 180.0
1713547128.4310308, 3.2, -1.008824e-06, 3.941064e-07, 1.070317e-06, 157.9349, 0, 0, 0, +1.999973E+00, +9.267835E-11, 0.0, 0.0, -0.00283171, 90.0
1713547134.8931544, -3.2, -7.894769e-07, 3.210233e-07, 9.001033e-07, 159.5867, 0, 0, 0, +1.999973E+00, +9.267835E-11, 0.0, 0.0, -0.00283195, 0.0
1713547141.379243, 3.2, -1.008824e-06, 3.941064e-07, 1.070317e-06, 159.8083, 0, 0, 0, +1.999973E+00, +9.267835E-11, 0.0, 2.3842e-07, -0.00283171, 90.0
1713547147.8640149, -3.2, -8.625927e-07, 3.575649e-07, 8.86222e-07, 158.3138, 0, 0, 0, +1.999973E+00, +9.267835E-11, 0.0, 0.0, -0.00283195, 0.0
1713547170.493074, 3.2, -9.722664e-07, 3.941064e-07, 1.093563e-06, 159.8083, 0, 0, 0, +3.000082E+00, +1.317969E-10, 0.0, -2.3842e-07, -0.00283171, -90.0
1713547176.9682581, -3.2, -8.260347e-07, 2.844818e-07, 8.86222e-07, 158.3138, 0, 0, 0, +3.000082E+00, +1.317969E-10, 0.0, 0.0, -0.00283195, 0.0
1713547183.423653, 3.2, -1.045382e-06, 3.941064e-07, 1.070317e-06, 158.6614, 0, 0, 0, +3.000082E+00, +1.317969E-10, 0.0, 0.0, -0.00283195, 0.0
1713547189.9025207, -3.2, -8.625927e-07, 3.210233e-07, 9.203924e-07, 157.4848, 0, 0, 0, +3.000082E+00, +1.317969E-10, 0.0, 0.0, -0.00283195, 0.0
1713547212.5381706, 3.2, -1.045382e-06, 3.575649e-07, 1.083073e-06, 158.6614, 0, 0, 0, +4.000182E+00, +2.203412E-10, 0.0, -2.3842e-07, -0.00283171, -90.0
1713547219.0235462, -3.2, -8.260347e-07, 3.210233e-07, 9.337659e-07, 157.4848, 0, 0, 0, +4.000182E+00, +2.203412E-10, 0.0, 0.0, -0.00283171, 0.0
1713547225.515595, 3.2, -1.008824e-06, 3.575649e-07, 1.070317e-06, 161.1171, 0, 0, 0, +4.000182E+00, +2.203412E-10, 0.0, 0.0, -0.00283171, 90.0
1713547231.9913106, -3.2, -8.625927e-07, 3.210233e-07, 9.15234e-07, 158.7623, 0, 0, 0, +4.000182E+00, +2.203412E-10, -4.76841e-07, 0.0, -0.00283171, 180.0
1713547254.6241333, 3.2, -9.357085e-07, 3.575649e-07, 1.023894e-06, 160.3519, 0, 0, 0, +5.000171E+00, +2.720804E-10, -2.3842e-07, 0.0, -0.00283171, 180.0
1713547261.0946069, -3.2, -8.991506e-07, 3.941064e-07, 8.522497e-07, 155.6336, 0, 0, 0, +5.000171E+00, +2.720804E-10, -2.3842e-07, -2.3842e-07, -0.00283171, -135.0
1713547267.5707831, 3.2, -8.991506e-07, 3.941064e-07, 9.676386e-07, 159.5867, 0, 0, 0, +5.000171E+00, +2.720804E-10, -2.3842e-07, 0.0, -0.00283171, 180.0
1713547274.0663717, -3.2, -8.260347e-07, 3.575649e-07, 8.823795e-07, 154.5967, 0, 0, 0, +5.000171E+00, +2.720804E-10, 0.0, 0.0, -0.00283171, 90.0
1713547296.6952865, 3.2, -1.045382e-06, 4.30648e-07, 1.096897e-06, 158.6614, 0, 0, 0, +6.000263E+00, +3.190932E-10, 0.0, -2.3842e-07, -0.00283171, -45.0
1713547303.1608057, -3.2, -8.991506e-07, 3.210233e-07, 9.203924e-07, 159.5867, 0, 0, 0, +6.000263E+00, +3.190932E-10, 0.0, 0.0, -0.00283195, 0.0
1713547309.6559856, 3.2, -2.580815e-06, -2.271e-07, 1.27676e-06, 163.4738, 0, 0, 0, +6.000263E+00, +3.190932E-10, 0.0, 0.0, -0.00283171, 0.0
1713547316.1379557, -3.2, -8.260347e-07, 2.844818e-07, 9.547397e-07, 157.4848, 0, 0, 0, +6.000263E+00, +3.190932E-10, -2.3842e-07, 0.0, -0.00283171, 135.0
1713547338.8102102, 3.2, -1.008824e-06, 4.30648e-07, 1.070317e-06, 156.8833, 0, 0, 0, +7.000179E+00, +3.780224E-10, -2.3842e-07, 0.0, -0.00283171, 180.0
1713547345.312323, -3.2, -8.625927e-07, 2.844818e-07, 9.676386e-07, 159.5867, 0, 0, 0, +7.000179E+00, +3.780224E-10, 0.0, 0.0, -0.00283171, 90.0
1713547351.787748, 3.2, -9.722664e-07, 3.575649e-07, 1.023894e-06, 157.1599, 0, 0, 0, +7.000179E+00, +3.780224E-10, 0.0, 0.0, -0.00283195, 0.0
1713547358.2633214, -3.2, -7.163611e-07, 4.30648e-07, 7.370981e-07, 143.5497, 0, 0, 0, +7.000179E+00, +3.780224E-10, 2.3842e-07, 0.0, -0.00283171, 0.0
1713547380.92213, 3.2, -1.045382e-06, 3.941064e-07, 1.070317e-06, 158.6614, 0, 0, 0, +7.999944E+00, +4.192027E-10, 0.0, 0.0, -0.00283171, 0.0
1713547387.4176686, -3.2, -8.625927e-07, 3.210233e-07, 9.082929e-07, 157.4848, 0, 0, 0, +7.999944E+00, +4.192027E-10, -4.76841e-07, 0.0, -0.00283171, 180.0
1713547393.942973, 3.2, -1.045382e-06, 3.575649e-07, 1.130611e-06, 160.4838, 0, 0, 0, +7.999944E+00, +4.192027E-10, 0.0, 0.0, -0.00283195, 0.0
1713547400.4252913, -3.2, -8.991506e-07, 3.210233e-07, 9.547397e-07, 159.5867, 0, 0, 0, +7.999944E+00, +4.192027E-10, 0.0, 0.0, -0.00283171, 90.0
1713547423.1070888, 3.2, -1.08194e-06, 3.941064e-07, 1.151484e-06, 161.7121, 0, 0, 0, +8.999955E+00, +4.479129E-10, -2.3842e-07, -2.3842e-07, -0.00283171, -135.0
1713547429.5693817, -3.2, -8.991506e-07, 3.210233e-07, 9.337659e-07, 160.3519, 0, 0, 0, +8.999955E+00, +4.479129E-10, 0.0, 0.0, -0.00283195, 0.0
1713547436.0650518, 3.2, -9.357085e-07, 3.210233e-07, 1.035932e-06, 157.1599, 0, 0, 0, +8.999955E+00, +4.479129E-10, 0.0, 0.0, -0.00283171, 90.0
1713547442.5307968, -3.2, -8.260347e-07, 3.941064e-07, 8.67378e-07, 153.4716, 0, 0, 0, +8.999955E+00, +4.479129E-10, 0.0, 0.0, -0.00283171, 45.0
1713547465.1494422, 3.2, -1.045382e-06, 3.941064e-07, 1.139494e-06, 156.8833, 0, 0, 0, +9.999984E+00, +5.020651E-10, 0.0, 0.0, -0.00283171, 90.0
1713547471.5947537, -3.2, -8.991506e-07, 2.844818e-07, 8.86222e-07, 160.3519, 0, 0, 0, +9.999984E+00, +5.020651E-10, 0.0, 0.0, -0.00283195, 0.0
1713547478.0799646, 3.2, -1.08194e-06, 3.941064e-07, 1.104842e-06, 159.3437, 0, 0, 0, +9.999984E+00, +5.020651E-10, 0.0, 2.3842e-07, -0.00283171, 90.0
1713547484.5859945, -3.2, -8.625927e-07, 3.210233e-07, 9.547397e-07, 160.3519, 0, 0, 0, +9.999984E+00, +5.020651E-10, 0.0, 0.0, -0.00283195, 0.0
1713547507.2342386, 3.2, -1.045382e-06, 3.941064e-07, 1.117204e-06, 158.2958, 0, 0, 0, +1.100002E+01, +6.478296E-10, 0.0, -2.3842e-07, -0.00283171, -45.0
1713547513.699476, -3.2, -9.357085e-07, 3.575649e-07, 9.430809e-07, 159.5867, 0, 0, 0, +1.100002E+01, +6.478296E-10, 0.0, 0.0, -0.00283171, 90.0
1713547520.2017403, 3.2, -1.045382e-06, 3.941064e-07, 1.104842e-06, 162.2718, 0, 0, 0, +1.100002E+01, +6.478296E-10, 0.0, 0.0, -0.00283195, 0.0
1713547526.6875992, -3.2, -8.625927e-07, 3.210233e-07, 9.483596e-07, 158.3138, 0, 0, 0, +1.100002E+01, +6.478296E-10, 0.0, 0.0, -0.00283195, 0.0
1713547549.3323507, 3.2, -1.008824e-06, 3.210233e-07, 1.139494e-06, 161.1171, 0, 0, 0, +1.200011E+01, +6.221864E-10, 0.0, -2.3842e-07, -0.00283171, -90.0
1713547555.8080986, -3.2, -8.991506e-07, 3.210233e-07, 9.547397e-07, 157.4848, 0, 0, 0, +1.200011E+01, +6.221864E-10, 0.0, -2.3842e-07, -0.00283171, -90.0
1713547562.307057, 3.2, -1.08194e-06, 3.941064e-07, 1.130611e-06, 158.2958, 0, 0, 0, +1.200011E+01, +6.221864E-10, 0.0, -2.3842e-07, -0.00283171, -90.0
1713547568.8024042, -3.2, -8.991506e-07, 3.210233e-07, 9.430809e-07, 157.4848, 0, 0, 0, +1.200011E+01, +6.221864E-10, -2.3842e-07, 0.0, -0.00283171, 180.0
1713547591.458094, 3.2, -1.008824e-06, 3.941064e-07, 1.117204e-06, 159.3437, 0, 0, 0, +1.299976E+01, +8.045554E-10, 0.0, 0.0, -0.00283171, 0.0
1713547597.9266293, -3.2, -8.625927e-07, 2.844818e-07, 9.430809e-07, 160.3519, 0, 0, 0, +1.299976E+01, +8.045554E-10, 0.0, -2.3842e-07, -0.00283171, -45.0
1713547604.412308, 3.2, -1.118498e-06, 4.30648e-07, 1.117204e-06, 159.3437, 0, 0, 0, +1.299976E+01, +8.045554E-10, 0.0, 0.0, -0.00283195, 0.0
1713547610.8741632, -3.2, -9.357085e-07, 3.210233e-07, 9.676386e-07, 158.3138, 0, 0, 0, +1.299976E+01, +8.045554E-10, 0.0, 0.0, -0.00283171, 0.0
1713547633.5465202, 3.2, -1.045382e-06, 3.575649e-07, 1.104842e-06, 159.3437, 0, 0, 0, +1.399974E+01, +8.136563E-10, -2.3842e-07, 0.0, -0.00283171, 180.0
1713547640.0352829, -3.2, -8.991506e-07, 3.210233e-07, 9.203924e-07, 160.3519, 0, 0, 0, +1.399974E+01, +8.136563E-10, -2.3842e-07, 0.0, -0.00283171, 180.0
1713547646.5140615, 3.2, -1.045382e-06, 3.941064e-07, 1.083073e-06, 161.1171, 0, 0, 0, +1.399974E+01, +8.136563E-10, -2.3842e-07, -2.3842e-07, -0.00283171, -135.0
1713547652.9995866, -3.2, -9.357085e-07, 2.844818e-07, 9.547397e-07, 160.3519, 0, 0, 0, +1.399974E+01, +8.136563E-10, -2.3842e-07, -2.3842e-07, -0.00283171, -135.0
1713547675.6252682, 3.2, -1.045382e-06, 3.210233e-07, 1.104842e-06, 157.6106, 0, 0, 0, +1.499980E+01, +9.511737E-10, 0.0, 0.0, -0.00283195, 0.0
1713547682.123842, -3.2, -8.991506e-07, 3.575649e-07, 8.975191e-07, 165.159, 0, 0, 0, +1.499980E+01, +9.511737E-10, 0.0, 0.0, -0.00283195, 0.0
1713547688.5791972, 3.2, -1.045382e-06, 3.941064e-07, 1.139494e-06, 159.9854, 0, 0, 0, +1.499980E+01, +9.511737E-10, 0.0, 0.0, -0.00283171, 90.0
1713547695.056346, -3.2, -8.625927e-07, 3.210233e-07, 9.337659e-07, 163.0892, 0, 0, 0, +1.499980E+01, +9.511737E-10, 0.0, -2.3842e-07, -0.00283171, -90.0
1713547717.7134702, 3.2, -1.08194e-06, 3.941064e-07, 1.151484e-06, 162.9289, 0, 0, 0, +1.599982E+01, +1.035497E-09, -2.3842e-07, 0.0, -0.00283171, 180.0
1713547724.1894615, -3.2, -8.991506e-07, 2.844818e-07, 9.547397e-07, 160.3519, 0, 0, 0, +1.599982E+01, +1.035497E-09, 0.0, 0.0, -0.00283195, 0.0
1713547730.6609678, 3.2, -1.08194e-06, 3.575649e-07, 1.139494e-06, 161.1171, 0, 0, 0, +1.599982E+01, +1.035497E-09, 0.0, 0.0, -0.00283195, 0.0
1713547737.116339, -3.2, -8.625927e-07, 3.210233e-07, 9.676386e-07, 157.4848, 0, 0, 0, +1.599982E+01, +1.035497E-09, 0.0, 0.0, -0.00283171, 45.0
1713547759.7819552, 3.2, -8.991506e-07, 3.941064e-07, 1.093563e-06, 160.4838, 0, 0, 0, +1.699990E+01, +1.153304E-09, 0.0, 2.3842e-07, -0.00283171, 90.0
1713547766.2607465, -3.2, -8.991506e-07, 3.210233e-07, 9.676386e-07, 162.4432, 0, 0, 0, +1.699990E+01, +1.153304E-09, 0.0, 0.0, -0.00283195, 0.0
1713547772.7461267, 3.2, -9.722664e-07, 3.575649e-07, 1.05867e-06, 159.8083, 0, 0, 0, +1.699990E+01, +1.153304E-09, 0.0, 0.0, -0.00283195, 0.0
1713547779.2414606, -3.2, -7.894769e-07, 3.941064e-07, 8.176143e-07, 149.8976, 0, 0, 0, +1.699990E+01, +1.153304E-09, -2.3842e-07, 0.0, -0.00283171, 135.0
1713547801.900481, 3.2, -1.008824e-06, 3.575649e-07, 1.117204e-06, 159.9854, 0, 0, 0, +1.799993E+01, +1.246526E-09, 0.0, 0.0, -0.00283195, 0.0
1713547808.3561578, -3.2, -8.991506e-07, 3.210233e-07, 9.337659e-07, 162.4432, 0, 0, 0, +1.799993E+01, +1.246526E-09, 0.0, 0.0, -0.00283171, 90.0
1713547814.8344083, 3.2, -1.045382e-06, 3.941064e-07, 1.117204e-06, 159.9854, 0, 0, 0, +1.799993E+01, +1.246526E-09, 0.0, -2.3842e-07, -0.00283171, -90.0
1713547821.3333547, -3.2, -9.357085e-07, 2.844818e-07, 9.203924e-07, 159.5867, 0, 0, 0, +1.799993E+01, +1.246526E-09, 0.0, 0.0, -0.00283195, 0.0
1713547843.9982393, 3.2, -9.357085e-07, 3.941064e-07, 1.151484e-06, 163.4738, 0, 0, 0, +1.899975E+01, +1.340500E-09, -2.3842e-07, 0.0, -0.00283171, 180.0
1713547850.4743767, -3.2, -8.991506e-07, 3.210233e-07, 9.892453e-07, 160.3519, 0, 0, 0, +1.899975E+01, +1.340500E-09, 0.0, 0.0, -0.00283195, 0.0
1713547856.953214, 3.2, -1.008824e-06, 3.210233e-07, 1.05867e-06, 161.7278, 0, 0, 0, +1.899975E+01, +1.340500E-09, 0.0, 0.0, -0.00283171, 90.0
1713547863.4292424, -3.2, -8.625927e-07, 3.575649e-07, 9.001033e-07, 157.4848, 0, 0, 0, +1.899975E+01, +1.340500E-09, 0.0, 0.0, -0.00283171, 0.0
1713547886.054328, 3.2, -1.008824e-06, 3.941064e-07, 1.104842e-06, 160.4838, 0, 0, 0, +1.999967E+01, +1.493102E-09, 0.0, 0.0, -0.00283195, 0.0
1713547892.512946, -3.2, -9.357085e-07, 2.844818e-07, 9.676386e-07, 159.5867, 0, 0, 0, +1.999967E+01, +1.493102E-09, 0.0, 0.0, -0.00283195, 0.0
1713547898.9683437, 3.2, -1.045382e-06, 9.787713e-07, 1.226095e-06, 157.6106, 0, 0, 0, +1.999967E+01, +1.493102E-09, 0.0, 2.3842e-07, -0.00283171, 63.438
1713547905.4903197, -3.2, -8.260347e-07, 3.941064e-07, 9.082929e-07, 160.3519, 0, 0, 0, +1.999967E+01, +1.493102E-09, 0.0, 0.0, -0.00283171, 90.0
1713547928.1026917, 3.2, -9.722664e-07, 3.210233e-07, 1.035932e-06, 157.1599, 0, 0, 0, +2.099981E+01, +1.685730E-09, 0.0, 0.0, -0.00283171, 90.0
1713547934.5778947, -3.2, -8.991506e-07, 3.210233e-07, 8.86222e-07, 153.4716, 0, 0, 0, +2.099981E+01, +1.685730E-09, -2.3842e-07, 2.3842e-07, -0.00283171, 116.562
1713547941.0500197, 3.2, -1.08194e-06, 3.941064e-07, 1.117204e-06, 158.2958, 0, 0, 0, +2.099981E+01, +1.685730E-09, 0.0, 0.0, -0.00283171, 0.0
1713547947.5160978, -3.2, -8.991506e-07, 2.844818e-07, 9.001033e-07, 158.7623, 0, 0, 0, +2.099981E+01, +1.685730E-09, 0.0, 0.0, -0.00283171, 0.0
1713547970.1610904, 3.2, -1.045382e-06, 3.941064e-07, 1.151484e-06, 157.6106, 0, 0, 0, +2.200417E+01, +1.901283E-09, -2.3842e-07, 0.0, -0.00283171, 135.0
1713547976.6665673, -3.2, -9.357085e-07, 3.210233e-07, 9.082929e-07, 159.0865, 0, 0, 0, +2.200417E+01, +1.901283E-09, 0.0, 0.0, -0.00283171, 90.0
1713547983.1657732, 3.2, -1.118498e-06, 3.941064e-07, 1.198539e-06, 159.9854, 0, 0, 0, +2.200417E+01, +1.901283E-09, 0.0, 0.0, -0.00283195, 0.0
1713547989.6307993, -3.2, -8.625927e-07, 2.479402e-07, 9.082929e-07, 162.4432, 0, 0, 0, +2.200417E+01, +1.901283E-09, 0.0, 0.0, -0.00283171, 0.0
1713548012.2696443, 3.2, -1.008824e-06, 3.575649e-07, 1.023894e-06, 162.3481, 0, 0, 0, +2.300206E+01, +2.008534E-09, 0.0, 0.0, -0.00283171, 90.0
1713548018.725617, -3.2, -7.529189e-07, 3.941064e-07, 8.176143e-07, 146.198, 0, 0, 0, +2.300206E+01, +2.008534E-09, 0.0, -4.76841e-07, -0.00283171, -90.0
1713548025.2302046, 3.2, -7.894769e-07, 3.941064e-07, 9.641182e-07, 155.445, 0, 0, 0, +2.300206E+01, +2.008534E-09, 0.0, 0.0, -0.00283195, 0.0
1713548031.6925836, -3.2, -7.163611e-07, 3.941064e-07, 7.857813e-07, 147.6462, 0, 0, 0, +2.300206E+01, +2.008534E-09, 0.0, 0.0, -0.00283195, 0.0
1713548054.3658853, 3.2, -1.08194e-06, 3.575649e-07, 1.104842e-06, 161.1171, 0, 0, 0, +2.400088E+01, +2.203572E-09, 0.0, 0.0, -0.00283171, 0.0
1713548060.8536086, -3.2, -8.991506e-07, 3.210233e-07, 8.86222e-07, 162.4432, 0, 0, 0, +2.400088E+01, +2.203572E-09, 0.0, -2.3842e-07, -0.00283171, -45.0
1713548067.342294, 3.2, -1.045382e-06, 3.575649e-07, 1.151484e-06, 161.1171, 0, 0, 0, +2.400088E+01, +2.203572E-09, 0.0, -2.3842e-07, -0.00283171, -90.0
1713548073.8278031, -3.2, -8.991506e-07, 2.844818e-07, 9.680004e-07, 160.3519, 0, 0, 0, +2.400088E+01, +2.203572E-09, 0.0, -2.3842e-07, -0.00283171, -90.0
1713548096.483442, 3.2, -1.155056e-06, 3.941064e-07, 1.093563e-06, 159.9854, 0, 0, 0, +2.500276E+01, +2.363665E-09, 0.0, 0.0, -0.00283195, 0.0
1713548102.9386163, -3.2, -8.991506e-07, 3.210233e-07, 9.547397e-07, 160.3519, 0, 0, 0, +2.500276E+01, +2.363665E-09, 0.0, -2.3842e-07, -0.00283171, -90.0
1713548109.4277883, 3.2, -1.08194e-06, 3.575649e-07, 1.104842e-06, 161.7121, 0, 0, 0, +2.500276E+01, +2.363665E-09, 0.0, 0.0, -0.00283171, 45.0
1713548115.899509, -3.2, -8.991506e-07, 3.210233e-07, 9.430809e-07, 159.5867, 0, 0, 0, +2.500276E+01, +2.363665E-09, 0.0, 0.0, -0.00283195, 0.0
1713548138.5289242, 3.2, -1.08194e-06, 3.575649e-07, 1.104842e-06, 161.7121, 0, 0, 0, +2.600124E+01, +2.618087E-09, 0.0, 0.0, -0.00283171, 90.0
1713548145.020494, -3.2, -8.625927e-07, 2.844818e-07, 8.736494e-07, 158.3138, 0, 0, 0, +2.600124E+01, +2.618087E-09, -2.3842e-07, 0.0, -0.00283171, 135.0
1713548151.5263934, 3.2, -1.118498e-06, 4.30648e-07, 1.139494e-06, 161.1171, 0, 0, 0, +2.600124E+01, +2.618087E-09, 0.0, 0.0, -0.00283195, 0.0
1713548157.9949114, -3.2, -8.991506e-07, 3.575649e-07, 9.676386e-07, 160.3519, 0, 0, 0, +2.600124E+01, +2.618087E-09, -2.3842e-07, 0.0, -0.00283171, 135.0
1713548180.6702862, 3.2, -1.045382e-06, 3.575649e-07, 1.083073e-06, 159.9854, 0, 0, 0, +2.700280E+01, +2.866524E-09, 0.0, 0.0, -0.00283171, 45.0
1713548187.1263528, -3.2, -8.991506e-07, 2.844818e-07, 9.32709e-07, 159.5867, 0, 0, 0, +2.700280E+01, +2.866524E-09, 0.0, 0.0, -0.00283195, 0.0
1713548193.5847511, 3.2, -1.008824e-06, 2.844818e-07, 1.05867e-06, 163.6907, 0, 0, 0, +2.700280E+01, +2.866524E-09, 0.0, 0.0, -0.00283195, 0.0
1713548200.059983, -3.2, -7.529189e-07, 3.575649e-07, 8.498276e-07, 149.8976, 0, 0, 0, +2.700280E+01, +2.866524E-09, 0.0, 0.0, -0.00283171, 0.0
1713548222.7255886, 3.2, -9.722664e-07, 3.210233e-07, 1.023894e-06, 254.1014, 0, 0, 0, +2.800179E+01, +2.983682E-09, 0.0, 0.0, -0.00283171, 90.0
1713548229.2139452, -3.2, -8.991506e-07, 3.210233e-07, 9.082929e-07, 156.5937, 0, 0, 0, +2.800179E+01, +2.983682E-09, 0.0, 0.0, -0.00283195, 0.0
1713548235.6721554, 3.2, -9.357085e-07, 2.844818e-07, 1.023894e-06, 162.3481, 0, 0, 0, +2.800179E+01, +2.983682E-09, -2.3842e-07, 0.0, -0.00283171, 180.0
1713548242.1584296, -3.2, -6.798031e-07, 3.941064e-07, 7.234565e-07, 147.6462, 0, 0, 0, +2.800179E+01, +2.983682E-09, 0.0, -2.3842e-07, -0.00283171, -90.0
1713548264.8268611, 3.2, -1.08194e-06, 3.941064e-07, 1.117204e-06, 157.6106, 0, 0, 0, +2.900042E+01, +3.276914E-09, -2.3842e-07, 0.0, -0.00283171, 180.0
1713548271.303083, -3.2, -8.625927e-07, 3.210233e-07, 9.430809e-07, 161.7475, 0, 0, 0, +2.900042E+01, +3.276914E-09, -2.3842e-07, 0.0, -0.00283171, 180.0
1713548277.801942, 3.2, -1.045382e-06, 3.941064e-07, 1.083073e-06, 161.1171, 0, 0, 0, +2.900042E+01, +3.276914E-09, 0.0, 0.0, -0.00283195, 0.0
1713548284.2570248, -3.2, -8.625927e-07, 3.210233e-07, 9.337659e-07, 159.0865, 0, 0, 0, +2.900042E+01, +3.276914E-09, 0.0, 0.0, -0.00283195, 0.0
1713548306.9524038, 3.2, -9.357085e-07, 3.575649e-07, 9.892453e-07, 163.6907, 0, 0, 0, +3.000207E+01, +3.434801E-09, 0.0, 0.0, -0.00283171, 90.0
1713548313.4312193, -3.2, -7.894769e-07, 3.575649e-07, 7.707808e-07, 154.5967, 0, 0, 0, +3.000207E+01, +3.434801E-09, 0.0, 0.0, -0.00283171, 90.0
1713548319.9062088, 3.2, -1.008824e-06, 3.941064e-07, 1.049105e-06, 158.6614, 0, 0, 0, +3.000207E+01, +3.434801E-09, 0.0, -2.3842e-07, -0.00283171, -90.0
1713548326.40543, -3.2, -8.260347e-07, 3.575649e-07, 9.082929e-07, 159.5867, 0, 0, 0, +3.000207E+01, +3.434801E-09, 0.0, -2.3842e-07, -0.00283171, -90.0
1713548349.0618148, 3.2, -1.08194e-06, 3.575649e-07, 1.093563e-06, 163.4738, 0, 0, 0, +3.100057E+01, +3.715114E-09, 0.0, 0.0, -0.00283195, 0.0
1713548355.5297368, -3.2, -8.991506e-07, 2.844818e-07, 9.547397e-07, 161.7475, 0, 0, 0, +3.100057E+01, +3.715114E-09, 0.0, 0.0, -0.00283195, 0.0
1713548362.0250723, 3.2, -1.045382e-06, 3.575649e-07, 1.117204e-06, 161.7121, 0, 0, 0, +3.100057E+01, +3.715114E-09, -2.3842e-07, -2.3842e-07, -0.00283171, -135.0
1713548368.494104, -3.2, -9.722664e-07, 3.210233e-07, 9.779981e-07, 157.4848, 0, 0, 0, +3.100057E+01, +3.715114E-09, -2.3842e-07, 0.0, -0.00283171, 180.0
1713548391.1695228, 3.2, -1.045382e-06, 3.575649e-07, 1.104842e-06, 161.1171, 0, 0, 0, +3.200272E+01, +3.899497E-09, -2.3842e-07, 0.0, -0.00283171, 180.0
1713548397.6650574, -3.2, -8.625927e-07, 2.844818e-07, 9.082929e-07, 159.5867, 0, 0, 0, +3.200272E+01, +3.899497E-09, 0.0, 0.0, -0.00283171, 45.0
1713548404.1540878, 3.2, -1.045382e-06, 3.575649e-07, 1.139494e-06, 160.4838, 0, 0, 0, +3.200272E+01, +3.899497E-09, 0.0, 0.0, -0.00283195, 0.0
1713548410.6524184, -3.2, -9.357085e-07, 2.844818e-07, 9.082929e-07, 159.5867, 0, 0, 0, +3.200272E+01, +3.899497E-09, 0.0, 0.0, -0.00283195, 0.0
1713548433.3249035, 3.2, -1.08194e-06, 3.941064e-07, 1.128561e-06, 161.7121, 0, 0, 0, +3.300169E+01, +4.151956E-09, 0.0, 0.0, -0.00283195, 0.0
1713548439.8167849, -3.2, -8.991506e-07, 2.844818e-07, 9.203924e-07, 157.8719, 0, 0, 0, +3.300169E+01, +4.151956E-09, 0.0, 0.0, -0.00283171, 0.0
1713548446.3121421, 3.2, -1.008824e-06, 3.941064e-07, 1.083073e-06, 158.6614, 0, 0, 0, +3.300169E+01, +4.151956E-09, 0.0, 0.0, -0.00283171, 90.0
1713548452.7974036, -3.2, -7.894769e-07, 2.844818e-07, 9.779981e-07, 162.4432, 0, 0, 0, +3.300169E+01, +4.151956E-09, -2.3842e-07, -2.3842e-07, -0.00283171, -135.0
1713548475.4363904, 3.2, -1.228172e-06, 5.402727e-07, 1.178499e-06, 159.9854, 0, 0, 0, +3.400061E+01, +4.423376E-09, -2.3842e-07, 0.0, -0.00283171, 135.0
1713548481.9226654, -3.2, -8.991506e-07, 2.844818e-07, 9.203924e-07, 160.9966, 0, 0, 0, +3.400061E+01, +4.423376E-09, 0.0, 0.0, -0.00283195, 0.0
1713548488.3805065, 3.2, -1.045382e-06, 3.210233e-07, 1.1859e-06, 159.9854, 0, 0, 0, +3.400061E+01, +4.423376E-09, 0.0, 0.0, -0.00283195, 0.0
1713548494.8592799, -3.2, -8.260347e-07, 2.479402e-07, 8.736494e-07, 160.3519, 0, 0, 0, +3.400061E+01, +4.423376E-09, 0.0, 0.0, -0.00283195, 0.0
1713548517.5017745, 3.2, -1.008824e-06, 4.30648e-07, 1.117204e-06, 159.9854, 0, 0, 0, +3.500254E+01, +4.644055E-09, 0.0, 0.0, -0.00283195, 0.0
1713548523.970196, -3.2, -8.991506e-07, 2.844818e-07, 9.082929e-07, 158.7623, 0, 0, 0, +3.500254E+01, +4.644055E-09, 0.0, 0.0, -0.00283195, 0.0
1713548530.4491167, 3.2, -1.08194e-06, 4.30648e-07, 1.093563e-06, 159.8083, 0, 0, 0, +3.500254E+01, +4.644055E-09, 0.0, 0.0, -0.00283171, 0.0
1713548536.9046075, -3.2, -7.894769e-07, 2.844818e-07, 8.86222e-07, 160.3519, 0, 0, 0, +3.500254E+01, +4.644055E-09, 0.0, 0.0, -0.00283195, 0.0
1713548559.5638244, 3.2, -1.008824e-06, 3.575649e-07, 1.145028e-06, 160.5899, 0, 0, 0, +3.600095E+01, +4.911904E-09, 0.0, 0.0, -0.00283171, 0.0
1713548566.0388708, -3.2, -8.991506e-07, 2.844818e-07, 9.203924e-07, 159.5867, 0, 0, 0, +3.600095E+01, +4.911904E-09, 0.0, 0.0, -0.00283171, 90.0
1713548572.5143387, 3.2, -1.118498e-06, 2.844818e-07, 1.128561e-06, 161.7121, 0, 0, 0, +3.600095E+01, +4.911904E-09, 0.0, 0.0, -0.00283171, 90.0
1713548579.023071, -3.2, -8.625927e-07, 3.210233e-07, 9.203924e-07, 159.5867, 0, 0, 0, +3.600095E+01, +4.911904E-09, -2.3842e-07, 0.0, -0.00283171, 135.0
1713548601.6989465, 3.2, -1.08194e-06, 3.210233e-07, 1.151484e-06, 164.2519, 0, 0, 0, +3.700284E+01, +5.029252E-09, 0.0, 0.0, -0.00283195, 0.0
1713548608.193788, -3.2, -8.260347e-07, 2.844818e-07, 9.082929e-07, 161.7475, 0, 0, 0, +3.700284E+01, +5.029252E-09, -2.3842e-07, -2.3842e-07, -0.00283171, -135.0
1713548614.6660085, 3.2, -1.045382e-06, 3.941064e-07, 1.139494e-06, 161.1171, 0, 0, 0, +3.700284E+01, +5.029252E-09, -2.3842e-07, -2.3842e-07, -0.00283171, -135.0
1713548621.1415274, -3.2, -8.260347e-07, 3.210233e-07, 8.86222e-07, 159.5867, 0, 0, 0, +3.700284E+01, +5.029252E-09, -2.3842e-07, 0.0, -0.00283171, 180.0
1713548643.8004599, 3.2, -1.045382e-06, 3.575649e-07, 1.151484e-06, 161.7121, 0, 0, 0, +3.800142E+01, +5.326619E-09, 0.0, 0.0, -0.00283195, 0.0
1713548650.2859015, -3.2, -8.991506e-07, 2.844818e-07, 9.082929e-07, 159.5867, 0, 0, 0, +3.800142E+01, +5.326619E-09, 0.0, 0.0, -0.00283195, 0.0
1713548656.7613032, 3.2, -1.045382e-06, 3.575649e-07, 1.151484e-06, 161.1171, 0, 0, 0, +3.800142E+01, +5.326619E-09, 0.0, -2.3842e-07, -0.00283171, -90.0
1713548663.2468317, -3.2, -8.260347e-07, 2.844818e-07, 9.082929e-07, 164.5838, 0, 0, 0, +3.800142E+01, +5.326619E-09, 0.0, -2.3842e-07, -0.00283171, -45.0
1713548685.9358826, 3.2, -1.08194e-06, 3.941064e-07, 1.104842e-06, 162.9289, 0, 0, 0, +3.900023E+01, +5.481278E-09, 0.0, -2.3842e-07, -0.00283171, -45.0
1713548692.4110281, -3.2, -8.625927e-07, 2.844818e-07, 9.547397e-07, 159.5867, 0, 0, 0, +3.900023E+01, +5.481278E-09, 0.0, -2.3842e-07, -0.00283171, -90.0
1713548698.9093258, 3.2, -1.08194e-06, 3.575649e-07, 1.139494e-06, 161.1171, 0, 0, 0, +3.900023E+01, +5.481278E-09, 0.0, 0.0, -0.00283195, 0.0
1713548705.3686218, -3.2, -8.260347e-07, 2.479402e-07, 9.203924e-07, 161.7475, 0, 0, 0, +3.900023E+01, +5.481278E-09, 0.0, 0.0, -0.00283195, 0.0
1713548728.0239909, 3.2, -1.045382e-06, 3.210233e-07, 1.117204e-06, 161.1171, 0, 0, 0, +4.000239E+01, +5.838024E-09, 0.0, 0.0, -0.00283171, 0.0
1713548734.5095026, -3.2, -8.991506e-07, 2.844818e-07, 9.082929e-07, 163.2925, 0, 0, 0, +4.000239E+01, +5.838024E-09, -2.3842e-07, 0.0, -0.00283171, 180.0
1713548741.0083032, 3.2, -1.008824e-06, 3.941064e-07, 1.139494e-06, 162.3481, 0, 0, 0, +4.000239E+01, +5.838024E-09, -4.76841e-07, 0.0, -0.00283171, 180.0
1713548747.4941194, -3.2, -8.991506e-07, 3.210233e-07, 9.430809e-07, 163.9634, 0, 0, 0, +4.000239E+01, +5.838024E-09, -2.3842e-07, 0.0, -0.00283171, 180.0
1713548770.1426966, 3.2, -1.08194e-06, 3.575649e-07, 1.139494e-06, 159.9854, 0, 0, 0, +4.100023E+01, +6.033714E-09, -2.3842e-07, 0.0, -0.00283171, 135.0
1713548776.6179688, -3.2, -8.260347e-07, 2.844818e-07, 9.082929e-07, 160.3519, 0, 0, 0, +4.100023E+01, +6.033714E-09, 0.0, -2.3842e-07, -0.00283171, -90.0
1713548783.103553, 3.2, -1.045382e-06, 3.941064e-07, 1.174262e-06, 161.1171, 0, 0, 0, +4.100023E+01, +6.033714E-09, 0.0, 0.0, -0.00283195, 0.0
1713548789.5656035, -3.2, -7.894769e-07, 2.844818e-07, 9.203924e-07, 161.7475, 0, 0, 0, +4.100023E+01, +6.033714E-09, 0.0, 0.0, -0.00283195, 0.0
1713548812.2278426, 3.2, -1.045382e-06, 3.575649e-07, 1.05867e-06, 162.3481, 0, 0, 0, +4.200256E+01, +6.395385E-09, 0.0, 0.0, -0.00283171, 45.0
1713548818.7099028, -3.2, -8.260347e-07, 2.844818e-07, 9.203924e-07, 157.4848, 0, 0, 0, +4.200256E+01, +6.395385E-09, 0.0, 0.0, -0.00283195, 0.0
1713548825.195277, 3.2, -1.08194e-06, 3.575649e-07, 1.093563e-06, 161.1171, 0, 0, 0, +4.200256E+01, +6.395385E-09, -2.3842e-07, 0.0, -0.00283171, 180.0
1713548831.681163, -3.2, -8.625927e-07, 3.210233e-07, 8.624429e-07, 162.5648, 0, 0, 0, +4.200256E+01, +6.395385E-09, 0.0, 0.0, -0.00283195, 0.0
1713548854.3562253, 3.2, -1.008824e-06, 3.575649e-07, 1.070317e-06, 161.1171, 0, 0, 0, +4.300095E+01, +6.639949E-09, 0.0, 0.0, -0.00283171, 0.0
1713548860.8156621, -3.2, -8.625927e-07, 2.844818e-07, 9.082929e-07, 161.7475, 0, 0, 0, +4.300095E+01, +6.639949E-09, 0.0, 0.0, -0.00283171, 0.0
1713548867.2905354, 3.2, -9.357085e-07, 3.575649e-07, 1.013031e-06, 161.0639, 0, 0, 0, +4.300095E+01, +6.639949E-09, -2.3842e-07, 0.0, -0.00283171, 180.0
1713548873.7919993, -3.2, -7.894769e-07, 3.575649e-07, 8.185004e-07, 154.5967, 0, 0, 0, +4.300095E+01, +6.639949E-09, 0.0, -2.3842e-07, -0.00283171, -90.0
1713548896.4451637, 3.2, -1.008824e-06, 3.210233e-07, 1.070317e-06, 158.6614, 0, 0, 0, +4.399952E+01, +6.871190E-09, 0.0, 0.0, -0.00283171, 90.0
1713548902.923907, -3.2, -8.260347e-07, 2.844818e-07, 9.082929e-07, 159.5867, 0, 0, 0, +4.399952E+01, +6.871190E-09, 0.0, 0.0, -0.00283195, 0.0
1713548909.4023454, 3.2, -1.045382e-06, 3.575649e-07, 1.104842e-06, 162.9289, 0, 0, 0, +4.399952E+01, +6.871190E-09, -2.3842e-07, 0.0, -0.00283171, 180.0
1713548915.8879633, -3.2, -8.625927e-07, 2.479402e-07, 9.082929e-07, 158.7623, 0, 0, 0, +4.399952E+01, +6.871190E-09, 0.0, 0.0, -0.00283195, 0.0
1713548938.5533767, 3.2, -1.045382e-06, 3.575649e-07, 1.117204e-06, 162.9289, 0, 0, 0, +4.500135E+01, +7.172670E-09, 0.0, 0.0, -0.00283195, 0.0
1713548945.0320868, -3.2, -8.260347e-07, 2.844818e-07, 8.736494e-07, 160.9966, 0, 0, 0, +4.500135E+01, +7.172670E-09, -2.3842e-07, 0.0, -0.00283171, 180.0
1713548951.487526, 3.2, -1.08194e-06, 3.575649e-07, 1.104842e-06, 162.9289, 0, 0, 0, +4.500135E+01, +7.172670E-09, 0.0, 0.0, -0.00283171, 0.0
1713548957.9528987, -3.2, -8.991506e-07, 2.479402e-07, 9.082929e-07, 163.2925, 0, 0, 0, +4.500135E+01, +7.172670E-09, 0.0, 0.0, -0.00283195, 0.0
1713548980.5918913, 3.2, -1.045382e-06, 3.575649e-07, 1.104842e-06, 162.9289, 0, 0, 0, +4.600056E+01, +7.368664E-09, 0.0, 0.0, -0.00283171, 45.0
1713548987.077084, -3.2, -7.894769e-07, 2.479402e-07, 8.736494e-07, 160.9966, 0, 0, 0, +4.600056E+01, +7.368664E-09, 0.0, 0.0, -0.00283171, 45.0
1713548993.5792923, 3.2, -1.08194e-06, 3.575649e-07, 1.083073e-06, 162.9289, 0, 0, 0, +4.600056E+01, +7.368664E-09, 0.0, 0.0, -0.00283171, 90.0
1713549000.0747218, -3.2, -8.625927e-07, 2.844818e-07, 9.001033e-07, 159.5867, 0, 0, 0, +4.600056E+01, +7.368664E-09, -2.3842e-07, 0.0, -0.00283171, 135.0
1713549022.729869, 3.2, -1.08194e-06, 3.941064e-07, 1.070317e-06, 164.2519, 0, 0, 0, +4.700260E+01, +7.705793E-09, -2.3842e-07, -2.3842e-07, -0.00283171, -135.0
1713549029.2059774, -3.2, -7.529189e-07, 2.479402e-07, 8.86222e-07, 160.9966, 0, 0, 0, +4.700260E+01, +7.705793E-09, -2.3842e-07, 0.0, -0.00283171, 180.0
1713549035.684682, 3.2, -1.08194e-06, 3.575649e-07, 1.104842e-06, 160.4838, 0, 0, 0, +4.700260E+01, +7.705793E-09, 0.0, 0.0, -0.00283195, 0.0
1713549042.1805947, -3.2, -8.625927e-07, 3.210233e-07, 9.082929e-07, 163.9634, 0, 0, 0, +4.700260E+01, +7.705793E-09, 0.0, 0.0, -0.00283195, 0.0
1713549064.8355365, 3.2, -1.045382e-06, 3.575649e-07, 1.070317e-06, 160.4838, 0, 0, 0, +4.800121E+01, +8.038811E-09, 0.0, 0.0, -0.00283171, 0.0
1713549071.3048954, -3.2, -8.625927e-07, 2.844818e-07, 8.86222e-07, 160.9966, 0, 0, 0, +4.800121E+01, +8.038811E-09, -2.3842e-07, 0.0, -0.00283171, 180.0
1713549077.8098066, 3.2, -1.08194e-06, 3.210233e-07, 1.151484e-06, 162.3481, 0, 0, 0, +4.800121E+01, +8.038811E-09, 0.0, -2.3842e-07, -0.00283171, -90.0
1713549084.3086247, -3.2, -8.625927e-07, 2.844818e-07, 8.736494e-07, 161.7475, 0, 0, 0, +4.800121E+01, +8.038811E-09, -2.3842e-07, 0.0, -0.00283171, 180.0
1713549106.9671795, 3.2, -1.008824e-06, 3.575649e-07, 1.070317e-06, 164.2519, 0, 0, 0, +4.900274E+01, +8.231583E-09, 0.0, 0.0, -0.00283195, 0.0
1713549113.4727235, -3.2, -7.894769e-07, 3.210233e-07, 9.082929e-07, 158.7623, 0, 0, 0, +4.900274E+01, +8.231583E-09, 0.0, 0.0, -0.00283171, 0.0
1713549119.9518454, 3.2, -1.045382e-06, 2.844818e-07, 1.093563e-06, 162.3481, 0, 0, 0, +4.900274E+01, +8.231583E-09, 0.0, 0.0, -0.00283171, 0.0
1713549126.4169075, -3.2, -8.991506e-07, 2.844818e-07, 9.082929e-07, 159.5867, 0, 0, 0, +4.900274E+01, +8.231583E-09, -2.3842e-07, 0.0, -0.00283171, 180.0
1713549149.072465, 3.2, -9.722664e-07, 3.941064e-07, 1.070317e-06, 160.4838, 0, 0, 0, +5.000163E+01, +8.506166E-09, -2.3842e-07, 0.0, -0.00283171, 135.0
1713549155.5579205, -3.2, -8.260347e-07, 2.844818e-07, 8.624429e-07, 156.5937, 0, 0, 0, +5.000163E+01, +8.506166E-09, 0.0, 0.0, -0.00283171, 90.0
1713549162.0267427, 3.2, -1.045382e-06, 2.844818e-07, 1.083399e-06, 164.2519, 0, 0, 0, +5.000163E+01, +8.506166E-09, -2.3842e-07, 0.0, -0.00283171, 180.0
1713549168.5153673, -3.2, -8.260347e-07, 2.844818e-07, 8.522497e-07, 161.7475, 0, 0, 0, +5.000163E+01, +8.506166E-09, -2.3842e-07, -2.3842e-07, -0.00283171, -135.0
1713549191.1875648, 3.2, -1.08194e-06, 3.210233e-07, 1.083399e-06, 161.1171, 0, 0, 0, +5.100018E+01, +8.857731E-09, 0.0, 0.0, -0.00283171, 45.0
1713549197.6597989, -3.2, -8.625927e-07, 3.210233e-07, 8.624429e-07, 158.7623, 0, 0, 0, +5.100018E+01, +8.857731E-09, -2.3842e-07, 0.0, -0.00283171, 180.0
1713549204.1352527, 3.2, -1.045382e-06, 3.575649e-07, 1.174262e-06, 161.1171, 0, 0, 0, +5.100018E+01, +8.857731E-09, 2.3842e-07, 0.0, -0.00283171, 0.0
1713549210.61052, -3.2, -8.260347e-07, 2.479402e-07, 8.391684e-07, 160.1837, 0, 0, 0, +5.100018E+01, +8.857731E-09, 0.0, 0.0, -0.00283195, 0.0
1713549233.2899077, 3.2, -1.008824e-06, 3.575649e-07, 1.104842e-06, 162.9289, 0, 0, 0, +5.200235E+01, +9.085661E-09, -4.76841e-07, 0.0, -0.00283171, 153.438
1713549239.765093, -3.2, -7.894769e-07, 2.844818e-07, 8.86222e-07, 163.9634, 0, 0, 0, +5.200235E+01, +9.085661E-09, 0.0, 0.0, -0.00283171, 90.0
1713549246.2440877, 3.2, -1.045382e-06, 3.575649e-07, 1.070317e-06, 160.4838, 0, 0, 0, +5.200235E+01, +9.085661E-09, 0.0, 0.0, -0.00283171, 0.0
1713549252.7405925, -3.2, -7.529189e-07, 2.844818e-07, 8.736494e-07, 158.7623, 0, 0, 0, +5.200235E+01, +9.085661E-09, 0.0, -2.3842e-07, -0.00283171, -45.0
1713549275.3847792, 3.2, -1.008824e-06, 3.575649e-07, 1.070317e-06, 162.9289, 0, 0, 0, +5.300109E+01, +9.390345E-09, -2.3842e-07, -2.3842e-07, -0.00283171, -135.0
1713549281.86724, -3.2, -7.894769e-07, 2.479402e-07, 9.082929e-07, 158.7623, 0, 0, 0, +5.300109E+01, +9.390345E-09, 0.0, -2.3842e-07, -0.00283171, -90.0
1713549288.352032, 3.2, -9.722664e-07, 3.210233e-07, 1.083399e-06, 159.8083, 0, 0, 0, +5.300109E+01, +9.390345E-09, -2.3842e-07, 0.0, -0.00283171, 180.0
1713549294.827302, -3.2, -7.894769e-07, 2.844818e-07, 8.736494e-07, 160.9966, 0, 0, 0, +5.300109E+01, +9.390345E-09, -2.3842e-07, 2.3842e-07, -0.00283171, 116.562
1713549317.4564526, 3.2, -1.008824e-06, 3.575649e-07, 1.05867e-06, 159.8083, 0, 0, 0, +5.400299E+01, +9.712300E-09, -2.3842e-07, 0.0, -0.00283171, 135.0
1713549323.9317284, -3.2, -8.260347e-07, 2.479402e-07, 8.391684e-07, 160.1837, 0, 0, 0, +5.400299E+01, +9.712300E-09, -2.3842e-07, -2.3842e-07, -0.00283171, -135.0
1713549330.4074223, 3.2, -1.008824e-06, 3.210233e-07, 1.083399e-06, 162.9289, 0, 0, 0, +5.400299E+01, +9.712300E-09, 0.0, 0.0, -0.00283195, 0.0
1713549336.88615, -3.2, -8.260347e-07, 2.479402e-07, 8.185004e-07, 161.7475, 0, 0, 0, +5.400299E+01, +9.712300E-09, 0.0, 0.0, -0.00283171, 0.0
1713549359.5416832, 3.2, -9.722664e-07, 3.575649e-07, 1.048168e-06, 157.9349, 0, 0, 0, +5.500115E+01, +9.994315E-09, 0.0, 0.0, -0.00283171, 90.0
1713549366.0003235, -3.2, -7.529189e-07, 2.844818e-07, 8.736494e-07, 162.5648, 0, 0, 0, +5.500115E+01, +9.994315E-09, -2.3842e-07, 0.0, -0.00283171, 180.0
1713549372.4992568, 3.2, -1.045382e-06, 3.575649e-07, 1.049105e-06, 163.4738, 0, 0, 0, +5.500115E+01, +9.994315E-09, -2.3842e-07, 0.0, -0.00283171, 180.0
1713549378.984759, -3.2, -7.894769e-07, 2.844818e-07, 8.391684e-07, 161.7475, 0, 0, 0, +5.500115E+01, +9.994315E-09, 0.0, 0.0, -0.00283171, 0.0
1713549401.6302428, 3.2, -1.045382e-06, 3.210233e-07, 1.05867e-06, 162.9289, 0, 0, 0, +5.599944E+01, +1.025825E-08, 0.0, 0.0, -0.00283171, 90.0
1713549408.0788767, -3.2, -8.260347e-07, 3.210233e-07, 9.082929e-07, 162.5648, 0, 0, 0, +5.599944E+01, +1.025825E-08, 0.0, 0.0, -0.00283171, 90.0
1713549414.5546396, 3.2, -9.357085e-07, 3.210233e-07, 1.003382e-06, 161.1171, 0, 0, 0, +5.599944E+01, +1.025825E-08, 0.0, 0.0, -0.00283195, 0.0
1713549421.0130558, -3.2, -8.260347e-07, 2.844818e-07, 8.624429e-07, 160.9966, 0, 0, 0, +5.599944E+01, +1.025825E-08, 0.0, 0.0, -0.00283171, 0.0
1713549443.6886513, 3.2, -9.722664e-07, 3.210233e-07, 1.048168e-06, 164.2519, 0, 0, 0, +5.700152E+01, +1.066482E-08, 0.0, 0.0, -0.00283171, 90.0
1713549450.1541095, -3.2, -7.894769e-07, 2.844818e-07, 8.522497e-07, 162.5648, 0, 0, 0, +5.700152E+01, +1.066482E-08, -2.3842e-07, 0.0, -0.00283171, 135.0
1713549456.6131315, 3.2, -9.722664e-07, 3.575649e-07, 1.013031e-06, 162.9289, 0, 0, 0, +5.700152E+01, +1.066482E-08, 0.0, 0.0, -0.00283195, 0.0
1713549463.0784683, -3.2, -7.894769e-07, 3.210233e-07, 7.926924e-07, 160.1837, 0, 0, 0, +5.700152E+01, +1.066482E-08, 0.0, -2.3842e-07, -0.00283171, -90.0
1713549485.7238514, 3.2, -9.722664e-07, 3.210233e-07, 1.023894e-06, 159.8083, 0, 0, 0, +5.800015E+01, +1.083542E-08, 0.0, 0.0, -0.00283195, 0.0
1713549492.21297, -3.2, -7.894769e-07, 2.479402e-07, 8.391684e-07, 162.5648, 0, 0, 0, +5.800015E+01, +1.083542E-08, 0.0, -2.3842e-07, -0.00283171, -90.0
1713549498.6707895, 3.2, -1.008824e-06, 3.575649e-07, 1.063372e-06, 155.2863, 0, 0, 0, +5.800015E+01, +1.083542E-08, 0.0, 0.0, -0.00283171, 90.0
1713549505.1600158, -3.2, -7.529189e-07, 2.844818e-07, 8.624429e-07, 161.7475, 0, 0, 0, +5.800015E+01, +1.083542E-08, 0.0, 0.0, -0.00283171, 90.0
1713549527.8459053, 3.2, -1.008824e-06, 3.575649e-07, 1.070317e-06, 162.3481, 0, 0, 0, +5.900257E+01, +1.113726E-08, 0.0, -2.3842e-07, -0.00283171, -90.0
1713549534.3410344, -3.2, -7.894769e-07, 2.844818e-07, 8.391684e-07, 161.773, 0, 0, 0, +5.900257E+01, +1.113726E-08, 0.0, -2.3842e-07, -0.00283171, -45.0
1713549540.8106081, 3.2, -9.722664e-07, 3.210233e-07, 1.083399e-06, 161.7278, 0, 0, 0, +5.900257E+01, +1.113726E-08, 0.0, 0.0, -0.00283195, 0.0
1713549547.2752852, -3.2, -7.163611e-07, 2.479402e-07, 7.926924e-07, 162.5648, 0, 0, 0, +5.900257E+01, +1.113726E-08, 0.0, 0.0, -0.00283171, 0.0
1713549569.92076, 3.2, -9.722664e-07, 3.575649e-07, 9.779981e-07, 161.7278, 0, 0, 0, +6.000149E+01, +1.145353E-08, 0.0, 0.0, -0.00283171, 90.0
1713549576.3860157, -3.2, -7.894769e-07, 2.479402e-07, 8.27495e-07, 159.3015, 0, 0, 0, +6.000149E+01, +1.145353E-08, 0.0, 0.0, -0.00283195, 0.0
1713549582.8657885, 3.2, -9.357085e-07, 3.210233e-07, 1.05867e-06, 162.3481, 0, 0, 0, +6.000149E+01, +1.145353E-08, 0.0, 0.0, -0.00283171, 0.0
1713549589.3335059, -3.2, -7.529189e-07, 2.844818e-07, 7.926924e-07, 159.3015, 0, 0, 0, +6.000149E+01, +1.145353E-08, 0.0, 0.0, -0.00283171, 45.0
1713549612.0057797, 3.2, -9.722664e-07, 3.210233e-07, 1.05867e-06, 159.8083, 0, 0, 0, +6.099964E+01, +1.177181E-08, 0.0, -2.3842e-07, -0.00283171, -90.0
1713549618.4780004, -3.2, -7.894769e-07, 2.479402e-07, 8.048707e-07, 160.1837, 0, 0, 0, +6.099964E+01, +1.177181E-08, 0.0, 0.0, -0.00283195, 0.0
1713549624.9735224, 3.2, -9.357085e-07, 3.575649e-07, 9.892453e-07, 159.8083, 0, 0, 0, +6.099964E+01, +1.177181E-08, -4.76841e-07, 0.0, -0.00283171, 180.0
1713549631.438888, -3.2, -8.260347e-07, 2.844818e-07, 9.082929e-07, 161.773, 0, 0, 0, +6.099964E+01, +1.177181E-08, 0.0, 0.0, -0.00283195, 0.0
1713549654.0681612, 3.2, -9.722664e-07, 2.844818e-07, 1.023894e-06, 161.7278, 0, 0, 0, +6.200152E+01, +1.211594E-08, 0.0, 0.0, -0.00283195, 0.0
1713549660.5233083, -3.2, -7.894769e-07, 2.844818e-07, 8.048707e-07, 160.9087, 0, 0, 0, +6.200152E+01, +1.211594E-08, 0.0, 0.0, -0.00283195, 0.0
1713549666.9820647, 3.2, -9.722664e-07, 2.844818e-07, 1.083073e-06, 161.7278, 0, 0, 0, +6.200152E+01, +1.211594E-08, 0.0, 0.0, -0.00283171, 0.0
1713549673.447745, -3.2, -7.894769e-07, 2.844818e-07, 8.391684e-07, 162.5648, 0, 0, 0, +6.200152E+01, +1.211594E-08, 0.0, -2.3842e-07, -0.00283171, -90.0
1713549696.0830076, 3.2, -1.008824e-06, 3.210233e-07, 1.035932e-06, 162.3481, 0, 0, 0, +6.300018E+01, +1.232882E-08, 0.0, 0.0, -0.00283171, 0.0
1713549702.568216, -3.2, -8.260347e-07, 2.844818e-07, 8.172901e-07, 158.3409, 0, 0, 0, +6.300018E+01, +1.232882E-08, -2.3842e-07, -2.3842e-07, -0.00283171, -135.0
1713549709.0374653, 3.2, -9.722664e-07, 3.575649e-07, 1.05867e-06, 163.6907, 0, 0, 0, +6.300018E+01, +1.232882E-08, 0.0, 0.0, -0.00283195, 0.0
1713549715.4959598, -3.2, -7.529189e-07, 2.844818e-07, 8.048707e-07, 159.3015, 0, 0, 0, +6.300018E+01, +1.232882E-08, 0.0, -2.3842e-07, -0.00283171, -45.0
1713549738.141566, 3.2, -1.008824e-06, 3.210233e-07, 1.023894e-06, 159.8083, 0, 0, 0, +6.400257E+01, +1.282273E-08, -2.3842e-07, 0.0, -0.00283171, 180.0
1713549744.6101837, -3.2, -7.529189e-07, 2.844818e-07, 7.707808e-07, 159.3015, 0, 0, 0, +6.400257E+01, +1.282273E-08, 0.0, 0.0, -0.00283171, 45.0
1713549751.0963264, 3.2, -9.722664e-07, 3.210233e-07, 1.035932e-06, 160.4838, 0, 0, 0, +6.400257E+01, +1.282273E-08, 0.0, 0.0, -0.00283195, 0.0
1713549757.5647075, -3.2, -7.894769e-07, 2.479402e-07, 7.926924e-07, 161.773, 0, 0, 0, +6.400257E+01, +1.282273E-08, 0.0, 0.0, -0.00283195, 0.0
1713549780.1998725, 3.2, -1.008824e-06, 3.210233e-07, 9.892453e-07, 159.8083, 0, 0, 0, +6.500098E+01, +1.310883E-08, 0.0, -2.3842e-07, -0.00283171, -45.0
1713549786.6856747, -3.2, -7.163611e-07, 2.844818e-07, 7.580551e-07, 159.3015, 0, 0, 0, +6.500098E+01, +1.310883E-08, 0.0, -2.3842e-07, -0.00283171, -45.0
1713549793.1708758, 3.2, -9.722664e-07, 3.210233e-07, 1.013031e-06, 165.159, 0, 0, 0, +6.500098E+01, +1.310883E-08, 0.0, 0.0, -0.00283195, 0.0
1713549799.629538, -3.2, -7.529189e-07, 2.844818e-07, 8.27495e-07, 163.5586, 0, 0, 0, +6.500098E+01, +1.310883E-08, 0.0, 0.0, -0.00283195, 0.0
1713549822.2888844, 3.2, -9.357085e-07, 2.844818e-07, 9.892453e-07, 162.3481, 0, 0, 0, +6.599954E+01, +1.333367E-08, 0.0, 0.0, -0.00283195, 0.0
1713549828.7639499, -3.2, -7.529189e-07, 2.113987e-07, 7.469019e-07, 161.773, 0, 0, 0, +6.599954E+01, +1.333367E-08, 0.0, 0.0, -0.00283171, 90.0
1713549835.2424538, 3.2, -9.722664e-07, 3.210233e-07, 9.779981e-07, 163.0892, 0, 0, 0, +6.599954E+01, +1.333367E-08, 0.0, 0.0, -0.00283171, 90.0
1713549841.7014732, -3.2, -7.529189e-07, 2.479402e-07, 7.707808e-07, 159.3015, 0, 0, 0, +6.599954E+01, +1.333367E-08, -2.3842e-07, 0.0, -0.00283171, 180.0
1713549864.3605444, 3.2, -9.357085e-07, 3.210233e-07, 9.892453e-07, 163.6907, 0, 0, 0, +6.700177E+01, +1.369590E-08, 0.0, 0.0, -0.00283195, 0.0
1713549870.8224142, -3.2, -7.163611e-07, 2.113987e-07, 8.27495e-07, 164.3167, 0, 0, 0, +6.700177E+01, +1.369590E-08, 0.0, 0.0, -0.00283171, 45.0
1713549877.3012066, 3.2, -9.357085e-07, 2.844818e-07, 9.892453e-07, 163.6907, 0, 0, 0, +6.700177E+01, +1.369590E-08, 0.0, 0.0, -0.00283195, 0.0
1713549883.7766829, -3.2, -7.529189e-07, 2.844818e-07, 7.580551e-07, 161.773, 0, 0, 0, +6.700177E+01, +1.369590E-08, 0.0, 0.0, -0.00283195, 0.0
1713549906.4522245, 3.2, -9.722664e-07, 3.941064e-07, 1.035932e-06, 159.8083, 0, 0, 0, +6.800020E+01, +1.396866E-08, -2.3842e-07, 0.0, -0.00283171, 135.0
1713549912.9184196, -3.2, -7.163611e-07, 2.479402e-07, 7.119141e-07, 158.3409, 0, 0, 0, +6.800020E+01, +1.396866E-08, -2.3842e-07, 0.0, -0.00283171, 180.0
1713549919.4062028, 3.2, -9.722664e-07, 3.210233e-07, 1.023894e-06, 157.1599, 0, 0, 0, +6.800020E+01, +1.396866E-08, 0.0, 0.0, -0.00283171, 90.0
1713549925.8653514, -3.2, -7.529189e-07, 2.844818e-07, 7.236066e-07, 161.773, 0, 0, 0, +6.800020E+01, +1.396866E-08, 0.0, 0.0, -0.00283195, 0.0
1713549948.5074677, 3.2, -9.722664e-07, 3.210233e-07, 9.680004e-07, 161.0639, 0, 0, 0, +6.900156E+01, +1.432916E-08, 0.0, 0.0, -0.00283195, 0.0
1713549954.9866323, -3.2, -7.529189e-07, 2.844818e-07, 6.893756e-07, 159.9619, 0, 0, 0, +6.900156E+01, +1.432916E-08, 0.0, -2.3842e-07, -0.00283171, -90.0
1713549961.4648538, 3.2, -9.357085e-07, 3.575649e-07, 9.892453e-07, 161.7278, 0, 0, 0, +6.900156E+01, +1.432916E-08, -2.3842e-07, -2.3842e-07, -0.00283171, -135.0
1713549967.9406753, -3.2, -7.529189e-07, 2.479402e-07, 7.926924e-07, 158.3409, 0, 0, 0, +6.900156E+01, +1.432916E-08, 0.0, -2.3842e-07, -0.00283171, -45.0
1713549990.6095376, 3.2, -9.357085e-07, 3.210233e-07, 9.779981e-07, 162.4432, 0, 0, 0, +6.999996E+01, +1.455523E-08, 0.0, 0.0, -0.00283195, 0.0
1713549997.0848186, -3.2, -6.066873e-07, 3.210233e-07, 7.369275e-07, 159.9619, 0, 0, 0, +6.999996E+01, +1.455523E-08, 0.0, 0.0, -0.00283171, 90.0
1713550003.5500898, 3.2, -9.722664e-07, 2.479402e-07, 1.093563e-06, 159.8083, 0, 0, 0, +6.999996E+01, +1.455523E-08, 0.0, 0.0, -0.00283171, 0.0
1713550010.0394647, -3.2, -7.163611e-07, 2.844818e-07, 7.469019e-07, 163.5586, 0, 0, 0, +6.999996E+01, +1.455523E-08, 0.0, 0.0, -0.00283195, 0.0
1713550032.7047222, 3.2, -9.357085e-07, 2.844818e-07, 1.013031e-06, 163.0892, 0, 0, 0, +7.099879E+01, +1.486490E-08, 0.0, -2.3842e-07, -0.00283171, -45.0
1713550039.1931574, -3.2, -7.529189e-07, 2.844818e-07, 7.580551e-07, 164.3167, 0, 0, 0, +7.099879E+01, +1.486490E-08, 0.0, 0.0, -0.00283171, 90.0
1713550045.69188, 3.2, -9.357085e-07, 2.844818e-07, 1.013031e-06, 163.6907, 0, 0, 0, +7.099879E+01, +1.486490E-08, 0.0, 2.3842e-07, -0.00283171, 90.0
1713550052.1506734, -3.2, -7.163611e-07, 2.113987e-07, 7.236066e-07, 159.9619, 0, 0, 0, +7.099879E+01, +1.486490E-08, 0.0, -2.3842e-07, -0.00283171, -90.0
1713550074.806201, 3.2, -9.722664e-07, 3.210233e-07, 9.892453e-07, 161.7278, 0, 0, 0, +7.200095E+01, +1.513603E-08, 0.0, 0.0, -0.00283171, 90.0
1713550081.2816355, -3.2, -6.798031e-07, 1.383155e-07, 7.580551e-07, 148.9874, 0, 0, 0, +7.200095E+01, +1.513603E-08, -2.3842e-07, 0.0, -0.00283171, 180.0
1713550087.7475777, 3.2, -8.991506e-07, 3.575649e-07, 9.892453e-07, 159.0865, 0, 0, 0, +7.200095E+01, +1.513603E-08, 0.0, 0.0, -0.00283171, 90.0
1713550094.2465415, -3.2, -7.529189e-07, 2.479402e-07, 7.707808e-07, 160.9087, 0, 0, 0, +7.200095E+01, +1.513603E-08, 0.0, 0.0, -0.00283171, 90.0
1713550116.8914309, 3.2, -9.357085e-07, 2.844818e-07, 9.32709e-07, 165.159, 0, 0, 0, +7.299982E+01, +1.534882E-08, 0.0, 0.0, -0.00283195, 0.0
1713550123.350049, -3.2, -7.163611e-07, 2.479402e-07, 7.580551e-07, 157.2918, 0, 0, 0, +7.299982E+01, +1.534882E-08, 0.0, 2.3842e-07, -0.00283171, 63.438
1713550129.8257167, 3.2, -8.991506e-07, 2.844818e-07, 9.430809e-07, 165.159, 0, 0, 0, +7.299982E+01, +1.534882E-08, 0.0, 0.0, -0.00283195, 0.0
1713550136.3041399, -3.2, -7.163611e-07, 2.844818e-07, 7.580551e-07, 160.9087, 0, 0, 0, +7.299982E+01, +1.534882E-08, 0.0, 0.0, -0.00283171, 0.0
1713550158.9267013, 3.2, -9.357085e-07, 3.210233e-07, 9.680004e-07, 158.3138, 0, 0, 0, +7.400178E+01, +1.564835E-08, 0.0, 0.0, -0.00283195, 0.0
1713550165.4185953, -3.2, -6.798031e-07, 2.113987e-07, 7.119141e-07, 160.9087, 0, 0, 0, +7.400178E+01, +1.564835E-08, 0.0, -2.3842e-07, -0.00283171, -90.0
1713550171.9040382, 3.2, -8.991506e-07, 3.210233e-07, 9.892453e-07, 160.3519, 0, 0, 0, +7.400178E+01, +1.564835E-08, -2.3842e-07, 0.0, -0.00283171, 180.0
1713550178.362813, -3.2, -7.163611e-07, 2.113987e-07, 7.580551e-07, 159.9619, 0, 0, 0, +7.400178E+01, +1.564835E-08, 0.0, -2.3842e-07, -0.00283171, -90.0
1713550201.008379, 3.2, -8.625927e-07, 3.210233e-07, 9.547397e-07, 158.3138, 0, 0, 0, +7.499948E+01, +1.582983E-08, -2.3842e-07, 0.0, -0.00283171, 180.0
1713550207.4731205, -3.2, -6.798031e-07, 2.113987e-07, 7.236066e-07, 157.2918, 0, 0, 0, +7.499948E+01, +1.582983E-08, 0.0, 0.0, -0.00283171, 90.0
1713550213.963021, 3.2, -8.991506e-07, 2.844818e-07, 9.779981e-07, 160.3519, 0, 0, 0, +7.499948E+01, +1.582983E-08, 0.0, 0.0, -0.00283195, 0.0
1713550220.4479795, -3.2, -6.798031e-07, 2.844818e-07, 7.580551e-07, 159.9619, 0, 0, 0, +7.499948E+01, +1.582983E-08, 0.0, 0.0, -0.00283171, 45.0
1713550243.0940185, 3.2, -8.625927e-07, 2.844818e-07, 9.430809e-07, 162.4432, 0, 0, 0, +7.599864E+01, +1.621981E-08, -2.3842e-07, -2.3842e-07, -0.00283171, -135.0
1713550249.5889313, -3.2, -6.798031e-07, 2.479402e-07, 7.119141e-07, 158.9207, 0, 0, 0, +7.599864E+01, +1.621981E-08, -2.3842e-07, 0.0, -0.00283171, 180.0
1713550256.0610359, 3.2, -8.991506e-07, 2.844818e-07, 9.892453e-07, 161.0639, 0, 0, 0, +7.599864E+01, +1.621981E-08, 0.0, 0.0, -0.00283195, 0.0
1713550262.5296993, -3.2, -6.798031e-07, 2.113987e-07, 6.770921e-07, 161.8072, 0, 0, 0, +7.599864E+01, +1.621981E-08, 0.0, -2.3842e-07, -0.00283171, -45.0
1713550285.170618, 3.2, -8.625927e-07, 3.210233e-07, 9.779981e-07, 157.4848, 0, 0, 0, +7.700067E+01, +1.645881E-08, 0.0, 0.0, -0.00283171, 0.0
1713550291.6608617, -3.2, -7.163611e-07, 2.113987e-07, 7.236066e-07, 160.9087, 0, 0, 0, +7.700067E+01, +1.645881E-08, 0.0, 0.0, -0.00283195, 0.0
1713550298.1495821, 3.2, -9.357085e-07, 2.844818e-07, 9.082929e-07, 159.5867, 0, 0, 0, +7.700067E+01, +1.645881E-08, 0.0, 0.0, -0.00283195, 0.0
1713550304.6352553, -3.2, -6.432452e-07, 2.479402e-07, 7.119141e-07, 158.9207, 0, 0, 0, +7.700067E+01, +1.645881E-08, 0.0, 2.3842e-07, -0.00283171, 90.0
1713550327.300718, 3.2, -8.991506e-07, 2.844818e-07, 9.430809e-07, 160.3519, 0, 0, 0, +7.799966E+01, +1.674364E-08, 0.0, 0.0, -0.00283171, 90.0
1713550333.7600157, -3.2, -6.066873e-07, 2.113987e-07, 7.236066e-07, 158.9207, 0, 0, 0, +7.799966E+01, +1.674364E-08, 0.0, 0.0, -0.00283195, 0.0
1713550340.2248406, 3.2, -9.357085e-07, 3.210233e-07, 9.082929e-07, 159.8083, 0, 0, 0, +7.799966E+01, +1.674364E-08, -2.3842e-07, 0.0, -0.00283171, 135.0
1713550346.7333136, -3.2, -7.163611e-07, 2.479402e-07, 7.469019e-07, 162.7258, 0, 0, 0, +7.799966E+01, +1.674364E-08, -2.3842e-07, 0.0, -0.00283171, 135.0
1713550369.3994732, 3.2, -8.991506e-07, 2.844818e-07, 9.779981e-07, 160.3519, 0, 0, 0, +7.900168E+01, +1.701519E-08, 0.0, 0.0, -0.00283171, 90.0
1713550375.85784, -3.2, -7.163611e-07, 2.113987e-07, 6.770921e-07, 157.7712, 0, 0, 0, +7.900168E+01, +1.701519E-08, 0.0, -2.3842e-07, -0.00283171, -90.0
1713550382.343253, 3.2, -8.991506e-07, 2.479402e-07, 9.817289e-07, 162.4432, 0, 0, 0, +7.900168E+01, +1.701519E-08, 0.0, 0.0, -0.00283195, 0.0
1713550388.7920694, -3.2, -6.066873e-07, 2.113987e-07, 7.469019e-07, 157.2918, 0, 0, 0, +7.900168E+01, +1.701519E-08, -4.76841e-07, 0.0, -0.00283171, 153.438
1713550411.447575, 3.2, -8.625927e-07, 2.844818e-07, 9.547397e-07, 162.4432, 0, 0, 0, +8.000021E+01, +1.732554E-08, 0.0, 0.0, -0.00283171, 90.0
1713550417.932999, -3.2, -6.798031e-07, 2.113987e-07, 6.770921e-07, 158.9207, 0, 0, 0, +8.000021E+01, +1.732554E-08, -2.3842e-07, 0.0, -0.00283171, 180.0
1713550424.3984199, 3.2, -9.357085e-07, 2.479402e-07, 9.430809e-07, 162.4432, 0, 0, 0, +8.000021E+01, +1.732554E-08, 0.0, 0.0, -0.00283171, 0.0
1713550430.8772113, -3.2, -6.432452e-07, 2.479402e-07, 6.665879e-07, 158.9207, 0, 0, 0, +8.000021E+01, +1.732554E-08, 0.0, 0.0, -0.00283171, 90.0
1713550453.5226457, 3.2, -8.991506e-07, 2.844818e-07, 9.32709e-07, 162.4432, 0, 0, 0, +8.099879E+01, +1.756453E-08, -2.3842e-07, 0.0, -0.00283171, 135.0
1713550460.0015204, -3.2, -6.798031e-07, 2.113987e-07, 6.770921e-07, 159.6557, 0, 0, 0, +8.099879E+01, +1.756453E-08, 0.0, 0.0, -0.00283171, 90.0
1713550466.480174, 3.2, -8.991506e-07, 3.210233e-07, 9.547397e-07, 162.4432, 0, 0, 0, +8.099879E+01, +1.756453E-08, -2.3842e-07, 0.0, -0.00283171, 180.0
1713550472.9558828, -3.2, -6.432452e-07, 1.748571e-07, 7.119141e-07, 162.7258, 0, 0, 0, +8.099879E+01, +1.756453E-08, -2.3842e-07, 0.0, -0.00283171, 180.0
1713550495.6452012, 3.2, -8.625927e-07, 2.844818e-07, 9.203924e-07, 161.7475, 0, 0, 0, +8.200005E+01, +1.800032E-08, 0.0, 0.0, -0.00283195, 0.0
1713550502.1103573, -3.2, -6.432452e-07, 1.383155e-07, 7.236066e-07, 159.6557, 0, 0, 0, +8.200005E+01, +1.800032E-08, 0.0, 0.0, -0.00283195, 0.0
1713550508.555513, 3.2, -8.625927e-07, 2.479402e-07, 8.522497e-07, 160.9966, 0, 0, 0, +8.200005E+01, +1.800032E-08, 0.0, 0.0, -0.00283171, 90.0
1713550515.0308216, -3.2, -6.798031e-07, 2.113987e-07, 6.217088e-07, 158.9207, 0, 0, 0, +8.200005E+01, +1.800032E-08, 0.0, 0.0, -0.00283171, 0.0
1713550537.6904793, 3.2, -8.625927e-07, 2.844818e-07, 8.736494e-07, 161.7475, 0, 0, 0, +8.299873E+01, +1.819218E-08, -2.3842e-07, 0.0, -0.00283171, 180.0
1713550544.1652713, -3.2, -6.432452e-07, 2.113987e-07, 6.770921e-07, 164.7924, 0, 0, 0, +8.299873E+01, +1.819218E-08, -2.3842e-07, 0.0, -0.00283171, 135.0
1713550550.6606908, 3.2, -8.625927e-07, 3.210233e-07, 9.082929e-07, 161.7475, 0, 0, 0, +8.299873E+01, +1.819218E-08, -4.76841e-07, 0.0, -0.00283171, 180.0
1713550557.1433747, -3.2, -6.432452e-07, 2.479402e-07, 6.770921e-07, 154.8776, 0, 0, 0, +8.299873E+01, +1.819218E-08, 0.0, -2.3842e-07, -0.00283171, -45.0
1713550579.785211, 3.2, -7.894769e-07, 3.210233e-07, 9.430809e-07, 162.4432, 0, 0, 0, +8.400102E+01, +1.864669E-08, 0.0, 0.0, -0.00283171, 0.0
1713550586.2468078, -3.2, -6.066873e-07, 1.748571e-07, 6.424631e-07, 157.7712, 0, 0, 0, +8.400102E+01, +1.864669E-08, 0.0, 0.0, -0.00283171, 90.0
1713550592.7225308, 3.2, -8.991506e-07, 2.844818e-07, 8.86222e-07, 161.7475, 0, 0, 0, +8.400102E+01, +1.864669E-08, -2.3842e-07, -2.3842e-07, -0.00283171, -135.0
1713550599.217846, -3.2, -6.432452e-07, 2.113987e-07, 6.424631e-07, 161.8072, 0, 0, 0, +8.400102E+01, +1.864669E-08, 0.0, 0.0, -0.00283171, 90.0
1713550621.8467538, 3.2, -8.991506e-07, 2.844818e-07, 9.082929e-07, 164.5838, 0, 0, 0, +8.500002E+01, +1.886187E-08, -2.3842e-07, 0.0, -0.00283171, 135.0
1713550628.3224213, -3.2, -6.432452e-07, 1.748571e-07, 6.424631e-07, 159.6557, 0, 0, 0, +8.500002E+01, +1.886187E-08, 0.0, 0.0, -0.00283195, 0.0
1713550634.7676506, 3.2, -8.260347e-07, 3.575649e-07, 8.86222e-07, 162.5648, 0, 0, 0, +8.500002E+01, +1.886187E-08, 0.0, 0.0, -0.00283195, 0.0
1713550641.2363436, -3.2, -6.432452e-07, 2.113987e-07, 6.665879e-07, 161.8072, 0, 0, 0, +8.500002E+01, +1.886187E-08, 0.0, -2.3842e-07, -0.00283171, -90.0
1713550663.871882, 3.2, -8.260347e-07, 2.479402e-07, 8.624429e-07, 160.9966, 0, 0, 0, +8.599857E+01, +1.920002E-08, 0.0, 0.0, -0.00283195, 0.0
1713550670.337982, -3.2, -6.432452e-07, 2.479402e-07, 6.553959e-07, 156.4965, 0, 0, 0, +8.599857E+01, +1.920002E-08, 0.0, -2.3842e-07, -0.00283171, -90.0
1713550676.8261154, 3.2, -8.625927e-07, 2.479402e-07, 9.082929e-07, 160.1837, 0, 0, 0, +8.599857E+01, +1.920002E-08, -2.3842e-07, -2.3842e-07, -0.00283171, -135.0
1713550683.295073, -3.2, -6.432452e-07, 2.113987e-07, 6.31383e-07, 154.8776, 0, 0, 0, +8.599857E+01, +1.920002E-08, 0.0, 0.0, -0.00283171, 45.0
1713550705.9511063, 3.2, -8.260347e-07, 3.210233e-07, 9.203924e-07, 160.9966, 0, 0, 0, +8.700031E+01, +1.949951E-08, -2.3842e-07, 2.3842e-07, -0.00283171, 116.562
1713550712.4190052, -3.2, -5.335715e-07, 2.113987e-07, 6.0806e-07, 161.8072, 0, 0, 0, +8.700031E+01, +1.949951E-08, 0.0, 0.0, -0.00283195, 0.0
1713550718.8848267, 3.2, -8.260347e-07, 3.210233e-07, 8.86222e-07, 158.7623, 0, 0, 0, +8.700031E+01, +1.949951E-08, -2.3842e-07, -2.3842e-07, -0.00283171, -135.0
1713550725.3428864, -3.2, -6.066873e-07, 1.748571e-07, 6.665879e-07, 157.7712, 0, 0, 0, +8.700031E+01, +1.949951E-08, 0.0, 0.0, -0.00283195, 0.0
1713550748.0089684, 3.2, -8.260347e-07, 3.210233e-07, 8.736494e-07, 158.7623, 0, 0, 0, +8.799878E+01, +1.961679E-08, 0.0, 0.0, -0.00283195, 0.0
1713550754.4746745, -3.2, -5.701294e-07, 1.748571e-07, 6.700741e-07, 162.7258, 0, 0, 0, +8.799878E+01, +1.961679E-08, 0.0, 0.0, -0.00283195, 0.0
1713550760.9432, 3.2, -8.625927e-07, 2.844818e-07, 8.736494e-07, 161.7475, 0, 0, 0, +8.799878E+01, +1.961679E-08, 0.0, -2.3842e-07, -0.00283171, -45.0
1713550767.4085715, -3.2, -6.066873e-07, 2.479402e-07, 6.217088e-07, 157.7712, 0, 0, 0, +8.799878E+01, +1.961679E-08, 0.0, 0.0, -0.00283195, 0.0
1713550790.0642686, 3.2, -8.991506e-07, 2.844818e-07, 8.27495e-07, 163.0892, 0, 0, 0, +8.900056E+01, +1.990751E-08, 0.0, 0.0, -0.00283195, 0.0
1713550796.5827997, -3.2, -5.701294e-07, 2.479402e-07, 6.424631e-07, 156.4965, 0, 0, 0, +8.900056E+01, +1.990751E-08, 0.0, 0.0, -0.00283195, 0.0
1713550803.0416229, 3.2, -8.260347e-07, 2.844818e-07, 8.736494e-07, 158.7623, 0, 0, 0, +8.900056E+01, +1.990751E-08, 0.0, 0.0, -0.00283195, 0.0
1713550809.537142, -3.2, -5.701294e-07, 2.113987e-07, 6.770921e-07, 163.9221, 0, 0, 0, +8.900056E+01, +1.990751E-08, 0.0, 0.0, -0.00283171, 90.0
1713550832.1959395, 3.2, -8.260347e-07, 2.844818e-07, 8.391684e-07, 163.2925, 0, 0, 0, +8.999937E+01, +2.010947E-08, 0.0, 0.0, -0.00283171, 45.0
1713550838.662142, -3.2, -6.432452e-07, 2.479402e-07, 5.614922e-07, 159.6557, 0, 0, 0, +8.999937E+01, +2.010947E-08, 0.0, 0.0, -0.00283171, 0.0
1713550845.166791, 3.2, -8.260347e-07, 2.844818e-07, 9.082929e-07, 163.2925, 0, 0, 0, +8.999937E+01, +2.010947E-08, 0.0, 0.0, -0.00283195, 0.0
1713550851.6656694, -3.2, -5.701294e-07, 2.113987e-07, 6.31383e-07, 162.9494, 0, 0, 0, +8.999937E+01, +2.010947E-08, 2.3842e-07, 0.0, -0.00283171, 0.0
1713550874.3011594, 3.2, -8.991506e-07, 2.844818e-07, 8.736494e-07, 161.7475, 0, 0, 0, +9.099850E+01, +2.045440E-08, 0.0, -2.3842e-07, -0.00283171, -90.0
1713550880.7994597, -3.2, -6.066873e-07, 2.113987e-07, 5.739233e-07, 159.6557, 0, 0, 0, +9.099850E+01, +2.045440E-08, 0.0, 0.0, -0.00283195, 0.0
1713550887.2785587, 3.2, -7.529189e-07, 2.479402e-07, 9.082929e-07, 163.2925, 0, 0, 0, +9.099850E+01, +2.045440E-08, 0.0, 0.0, -0.00283171, 45.0
1713550893.7239847, -3.2, -5.701294e-07, 2.113987e-07, 6.424631e-07, 156.9581, 0, 0, 0, +9.099850E+01, +2.045440E-08, 0.0, 0.0, -0.00283171, 90.0
1713550916.3797574, 3.2, -8.260347e-07, 2.844818e-07, 8.391684e-07, 163.2925, 0, 0, 0, +9.200056E+01, +2.075370E-08, 0.0, 0.0, -0.00283195, 0.0
1713550922.8683577, -3.2, -6.066873e-07, 1.01774e-07, 5.96341e-07, 162.9494, 0, 0, 0, +9.200056E+01, +2.075370E-08, 0.0, 0.0, -0.00283195, 0.0
1713550929.3536654, 3.2, -8.260347e-07, 2.113987e-07, 8.27495e-07, 160.1837, 0, 0, 0, +9.200056E+01, +2.075370E-08, 0.0, 0.0, -0.00283195, 0.0
1713550935.8592556, -3.2, -6.066873e-07, 2.113987e-07, 6.0806e-07, 159.6557, 0, 0, 0, +9.200056E+01, +2.075370E-08, 0.0, 0.0, -0.00283171, 0.0
1713550958.5081487, 3.2, -7.529189e-07, 2.844818e-07, 8.881191e-07, 158.7623, 0, 0, 0, +9.299890E+01, +2.089829E-08, 0.0, 0.0, -0.00283171, 90.0
1713550964.993422, -3.2, -5.335715e-07, 1.748571e-07, 5.883646e-07, 161.8555, 0, 0, 0, +9.299890E+01, +2.089829E-08, 0.0, -2.3842e-07, -0.00283171, -90.0
1713550971.4829264, 3.2, -6.798031e-07, 2.479402e-07, 8.624429e-07, 163.2925, 0, 0, 0, +9.299890E+01, +2.089829E-08, 0.0, 0.0, -0.00283195, 0.0
1713550977.9710398, -3.2, -5.701294e-07, 2.479402e-07, 6.0806e-07, 162.9494, 0, 0, 0, +9.299890E+01, +2.089829E-08, 0.0, -4.76841e-07, -0.00283171, -90.0
1713551000.6233652, 3.2, -8.260347e-07, 2.844818e-07, 8.048707e-07, 163.2925, 0, 0, 0, +9.400095E+01, +2.111594E-08, -2.3842e-07, 0.0, -0.00283171, 180.0
1713551007.1153467, -3.2, -5.335715e-07, 2.113987e-07, 4.585458e-07, 166.3633, 0, 0, 0, +9.400095E+01, +2.111594E-08, 0.0, 0.0, -0.00283195, 0.0
1713551013.6009114, 3.2, -7.894769e-07, 2.479402e-07, 8.86222e-07, 159.3015, 0, 0, 0, +9.400095E+01, +2.111594E-08, 0.0, 0.0, -0.00283171, 90.0
1713551020.0695114, -3.2, -5.335715e-07, 1.748571e-07, 5.614922e-07, 158.3867, 0, 0, 0, +9.400095E+01, +2.111594E-08, 0.0, 0.0, -0.00283171, 0.0
1713551042.725773, 3.2, -7.894769e-07, 2.844818e-07, 8.391684e-07, 160.9966, 0, 0, 0, +9.499919E+01, +2.144146E-08, 0.0, 0.0, -0.00283195, 0.0
1713551049.191118, -3.2, -4.970136e-07, 1.383155e-07, 5.614922e-07, 166.3633, 0, 0, 0, +9.499919E+01, +2.144146E-08, -2.3842e-07, 0.0, -0.00283171, 135.0
1713551055.6760774, 3.2, -7.529189e-07, 2.479402e-07, 8.624429e-07, 159.3015, 0, 0, 0, +9.499919E+01, +2.144146E-08, 0.0, 0.0, -0.00283171, 45.0
1713551062.1542337, -3.2, -5.335715e-07, 1.748571e-07, 6.0806e-07, 159.6557, 0, 0, 0, +9.499919E+01, +2.144146E-08, 0.0, 0.0, -0.00283195, 0.0
1713551084.780421, 3.2, -7.894769e-07, 2.113987e-07, 8.27495e-07, 160.9966, 0, 0, 0, +9.599779E+01, +2.158975E-08, 0.0, 0.0, -0.00283195, 0.0
1713551091.2558737, -3.2, -4.604557e-07, 2.113987e-07, 5.883646e-07, 161.8555, 0, 0, 0, +9.599779E+01, +2.158975E-08, 0.0, -2.3842e-07, -0.00283171, -45.0
1713551097.747732, 3.2, -7.529189e-07, 2.844818e-07, 8.27495e-07, 158.3409, 0, 0, 0, +9.599779E+01, +2.158975E-08, 0.0, 0.0, -0.00283195, 0.0
1713551104.2132244, -3.2, -4.970136e-07, 2.113987e-07, 6.0806e-07, 161.8555, 0, 0, 0, +9.599779E+01, +2.158975E-08, 0.0, 0.0, -0.00283171, 90.0
1713551126.8720746, 3.2, -7.894769e-07, 2.479402e-07, 8.391684e-07, 163.2925, 0, 0, 0, +9.699958E+01, +2.190417E-08, 0.0, 0.0, -0.00283195, 0.0
1713551133.3576515, -3.2, -5.335715e-07, 1.748571e-07, 5.96341e-07, 162.9494, 0, 0, 0, +9.699958E+01, +2.190417E-08, 0.0, 0.0, -0.00283171, 0.0
1713551139.8129945, 3.2, -7.163611e-07, 2.844818e-07, 8.391684e-07, 160.1837, 0, 0, 0, +9.699958E+01, +2.190417E-08, 0.0, 0.0, -0.00283195, 0.0
1713551146.2617428, -3.2, -5.335715e-07, 2.113987e-07, 5.739233e-07, 160.6173, 0, 0, 0, +9.699958E+01, +2.190417E-08, 0.0, 0.0, -0.00283195, 0.0
1713551168.8973677, 3.2, -7.894769e-07, 2.479402e-07, 8.391684e-07, 161.773, 0, 0, 0, +9.799850E+01, +2.220307E-08, 0.0, 0.0, -0.00283171, 0.0
1713551175.3733766, -3.2, -5.701294e-07, 1.748571e-07, 5.268752e-07, 158.3867, 0, 0, 0, +9.799850E+01, +2.220307E-08, 0.0, -2.3842e-07, -0.00283171, -90.0
1713551181.8717434, 3.2, -7.894769e-07, 2.844818e-07, 7.926924e-07, 162.5648, 0, 0, 0, +9.799850E+01, +2.220307E-08, 0.0, 0.0, -0.00283195, 0.0
1713551188.3501532, -3.2, -5.335715e-07, 2.113987e-07, 5.614922e-07, 158.3867, 0, 0, 0, +9.799850E+01, +2.220307E-08, 0.0, 0.0, -0.00283171, 0.0
1713551211.0325418, 3.2, -7.163611e-07, 2.113987e-07, 7.926924e-07, 161.773, 0, 0, 0, +9.900074E+01, +2.236087E-08, 0.0, 0.0, -0.00283171, 45.0
1713551217.5412488, -3.2, -4.970136e-07, 2.479402e-07, 5.739233e-07, 158.3867, 0, 0, 0, +9.900074E+01, +2.236087E-08, -2.3842e-07, 2.3842e-07, -0.00283171, 116.562
1713551224.020082, 3.2, -7.163611e-07, 2.479402e-07, 8.172901e-07, 161.773, 0, 0, 0, +9.900074E+01, +2.236087E-08, 0.0, 0.0, -0.00283171, 90.0
1713551230.4858825, -3.2, -6.066873e-07, 2.113987e-07, 5.739233e-07, 158.3867, 0, 0, 0, +9.900074E+01, +2.236087E-08, -2.3842e-07, 0.0, -0.00283171, 180.0
1713551253.1239412, 3.2, -7.894769e-07, 2.479402e-07, 8.048707e-07, 159.3015, 0, 0, 0, +9.999901E+01, +2.260459E-08, -2.3842e-07, 0.0, -0.00283171, 180.0
1713551259.6197176, -3.2, -4.970136e-07, 2.113987e-07, 6.0806e-07, 158.3867, 0, 0, 0, +9.999901E+01, +2.260459E-08, 0.0, 0.0, -0.00283171, 0.0
1713551266.1052902, 3.2, -7.529189e-07, 2.844818e-07, 8.736494e-07, 157.8719, 0, 0, 0, +9.999901E+01, +2.260459E-08, 0.0, 0.0, -0.00283195, 0.0
1713551272.6069894, -3.2, -6.066873e-07, 2.113987e-07, 5.614922e-07, 161.8555, 0, 0, 0, +9.999901E+01, +2.260459E-08, -2.3842e-07, -2.3842e-07, -0.00283171, -135.0
1713551295.2295372, 3.2, -7.529189e-07, 2.844818e-07, 7.926924e-07, 161.773, 0, 0, 0, +1.010005E+02, +2.281761E-08, 0.0, 0.0, -0.00283195, 0.0
1713551301.698138, -3.2, -5.701294e-07, 1.748571e-07, 5.268752e-07, 162.9494, 0, 0, 0, +1.010005E+02, +2.281761E-08, -2.3842e-07, 0.0, -0.00283171, 180.0
1713551308.1770003, 3.2, -7.529189e-07, 2.479402e-07, 8.27495e-07, 160.9087, 0, 0, 0, +1.010005E+02, +2.281761E-08, 0.0, 0.0, -0.00283171, 0.0
1713551314.6324022, -3.2, -4.970136e-07, 2.113987e-07, 5.614922e-07, 158.3867, 0, 0, 0, +1.010005E+02, +2.281761E-08, -2.3842e-07, 0.0, -0.00283171, 180.0
1713551337.2913544, 3.2, -7.163611e-07, 2.844818e-07, 7.926924e-07, 165.0095, 0, 0, 0, +1.019992E+02, +2.306348E-08, 0.0, 0.0, -0.00283195, 0.0
1713551343.7565908, -3.2, -4.970136e-07, 1.748571e-07, 5.401036e-07, 158.3867, 0, 0, 0, +1.019992E+02, +2.306348E-08, 0.0, 0.0, -0.00283195, 0.0
1713551350.252579, 3.2, -7.894769e-07, 2.479402e-07, 8.391684e-07, 160.1837, 0, 0, 0, +1.019992E+02, +2.306348E-08, 0.0, 0.0, -0.00283171, 90.0
1713551356.7376258, -3.2, -4.970136e-07, 1.748571e-07, 5.614922e-07, 160.6173, 0, 0, 0, +1.019992E+02, +2.306348E-08, -2.3842e-07, 0.0, -0.00283171, 180.0
1713551379.3867166, 3.2, -7.163611e-07, 2.479402e-07, 7.926924e-07, 159.9619, 0, 0, 0, +1.029981E+02, +2.332444E-08, 0.0, 0.0, -0.00283171, 45.0
1713551385.881838, -3.2, -6.066873e-07, 1.748571e-07, 5.268752e-07, 155.3398, 0, 0, 0, +1.029981E+02, +2.332444E-08, 0.0, 0.0, -0.00283171, 90.0
1713551392.363998, 3.2, -7.529189e-07, 2.844818e-07, 7.236066e-07, 157.7712, 0, 0, 0, +1.029981E+02, +2.332444E-08, 0.0, 0.0, -0.00283195, 0.0
1713551398.8493812, -3.2, -5.335715e-07, 1.748571e-07, 5.268752e-07, 156.9581, 0, 0, 0, +1.029981E+02, +2.332444E-08, -2.3842e-07, 0.0, -0.00283171, 180.0
1713551421.5145488, 3.2, -8.260347e-07, 2.844818e-07, 8.624429e-07, 162.5648, 0, 0, 0, +1.040003E+02, +2.355568E-08, -2.3842e-07, 0.0, -0.00283171, 135.0
1713551428.0035353, -3.2, -4.604557e-07, 1.383155e-07, 5.159008e-07, 158.3867, 0, 0, 0, +1.040003E+02, +2.355568E-08, -4.76841e-07, 0.0, -0.00283171, 153.438
1713551434.489157, 3.2, -7.529189e-07, 2.113987e-07, 7.926924e-07, 162.7258, 0, 0, 0, +1.040003E+02, +2.355568E-08, 0.0, 0.0, -0.00283171, 0.0
1713551440.974485, -3.2, -4.604557e-07, 1.748571e-07, 5.268752e-07, 160.6173, 0, 0, 0, +1.040003E+02, +2.355568E-08, 0.0, 0.0, -0.00283195, 0.0
1713551463.6434767, 3.2, -7.163611e-07, 2.844818e-07, 7.926924e-07, 156.908, 0, 0, 0, +1.049991E+02, +2.380044E-08, 0.0, 0.0, -0.00283195, 0.0
1713551470.1087058, -3.2, -4.970136e-07, 1.748571e-07, 5.614922e-07, 159.2058, 0, 0, 0, +1.049991E+02, +2.380044E-08, 0.0, -2.3842e-07, -0.00283171, -90.0
1713551476.6179178, 3.2, -7.529189e-07, 2.479402e-07, 7.580551e-07, 161.773, 0, 0, 0, +1.049991E+02, +2.380044E-08, -2.3842e-07, 0.0, -0.00283171, 180.0
1713551483.0863698, -3.2, -4.970136e-07, 2.113987e-07, 4.925387e-07, 155.3398, 0, 0, 0, +1.049991E+02, +2.380044E-08, -2.3842e-07, 0.0, -0.00283171, 135.0
1713551505.7386956, 3.2, -7.529189e-07, 2.479402e-07, 8.172901e-07, 165.645, 0, 0, 0, +1.060008E+02, +2.397200E-08, 0.0, 0.0, -0.00283195, 0.0
1713551512.2110817, -3.2, -4.970136e-07, 1.383155e-07, 5.512074e-07, 161.9288, 0, 0, 0, +1.060008E+02, +2.397200E-08, 0.0, -2.3842e-07, -0.00283171, -90.0
1713551518.6762207, 3.2, -6.798031e-07, 2.479402e-07, 8.172901e-07, 166.9254, 0, 0, 0, +1.060008E+02, +2.397200E-08, 0.0, 0.0, -0.00283195, 0.0
1713551525.1315858, -3.2, -5.335715e-07, 2.113987e-07, 5.268752e-07, 159.2058, 0, 0, 0, +1.060008E+02, +2.397200E-08, 0.0, 0.0, -0.00283195, 0.0
1713551547.7769558, 3.2, -7.163611e-07, 2.113987e-07, 7.707808e-07, 161.773, 0, 0, 0, +1.069995E+02, +2.426604E-08, -2.3842e-07, 0.0, -0.00283171, 135.0
1713551554.256654, -3.2, -4.604557e-07, 1.748571e-07, 5.512074e-07, 159.2058, 0, 0, 0, +1.069995E+02, +2.426604E-08, -2.3842e-07, 0.0, -0.00283171, 180.0
1713551560.761368, 3.2, -7.529189e-07, 2.113987e-07, 7.369275e-07, 161.773, 0, 0, 0, +1.069995E+02, +2.426604E-08, 0.0, 0.0, -0.00283171, 0.0
1713551567.251255, -3.2, -4.238977e-07, 1.748571e-07, 4.925387e-07, 160.6173, 0, 0, 0, +1.069995E+02, +2.426604E-08, 0.0, 0.0, -0.00283195, 0.0
1713551589.905678, 3.2, -6.798031e-07, 2.479402e-07, 6.893756e-07, 157.2918, 0, 0, 0, +1.079976E+02, +2.441516E-08, 0.0, 0.0, -0.00283195, 0.0
1713551596.4035873, -3.2, -4.238977e-07, 1.748571e-07, 4.925387e-07, 153.4945, 0, 0, 0, +1.079976E+02, +2.441516E-08, -2.3842e-07, 0.0, -0.00283171, 135.0
1713551602.8630328, 3.2, -6.798031e-07, 3.210233e-07, 7.820335e-07, 160.9087, 0, 0, 0, +1.079976E+02, +2.441516E-08, 0.0, 0.0, -0.00283195, 0.0
1713551609.348638, -3.2, -5.335715e-07, 1.748571e-07, 5.268752e-07, 164.4485, 0, 0, 0, +1.079976E+02, +2.441516E-08, 2.3842e-07, -2.3842e-07, -0.00283171, -26.562
1713551632.004069, 3.2, -7.529189e-07, 2.113987e-07, 7.119141e-07, 163.5586, 0, 0, 0, +1.089997E+02, +2.460153E-08, -2.3842e-07, -2.3842e-07, -0.00283171, -135.0
1713551638.4726872, -3.2, -4.238977e-07, 1.383155e-07, 4.925387e-07, 155.3398, 0, 0, 0, +1.089997E+02, +2.460153E-08, -2.3842e-07, -2.3842e-07, -0.00283171, -135.0
1713551644.9483466, 3.2, -6.798031e-07, 2.113987e-07, 7.707808e-07, 159.9619, 0, 0, 0, +1.089997E+02, +2.460153E-08, 0.0, 0.0, -0.00283171, 0.0
1713551651.4238453, -3.2, -4.604557e-07, 2.113987e-07, 4.736862e-07, 164.4485, 0, 0, 0, +1.089997E+02, +2.460153E-08, 0.0, 0.0, -0.00283171, 45.0
1713551674.0827172, 3.2, -7.163611e-07, 2.844818e-07, 6.770921e-07, 158.3409, 0, 0, 0, +1.099984E+02, +2.482877E-08, -2.3842e-07, 0.0, -0.00283171, 180.0
1713551680.5780747, -3.2, -4.238977e-07, 1.383155e-07, 4.925387e-07, 159.2058, 0, 0, 0, +1.099984E+02, +2.482877E-08, -2.3842e-07, 0.0, -0.00283171, 180.0
1713551687.0401506, 3.2, -6.798031e-07, 2.479402e-07, 7.119141e-07, 159.9619, 0, 0, 0, +1.099984E+02, +2.482877E-08, 0.0, 0.0, -0.00283171, 90.0
1713551693.5055325, -3.2, -4.604557e-07, 1.748571e-07, 5.066644e-07, 168.4274, 0, 0, 0, +1.099984E+02, +2.482877E-08, -2.3842e-07, 0.0, -0.00283171, 180.0
1713551716.1774023, 3.2, -6.798031e-07, 1.748571e-07, 7.469019e-07, 159.9619, 0, 0, 0, +1.110007E+02, +2.499009E-08, 0.0, 0.0, -0.00283195, 0.0
1713551722.6598735, -3.2, -4.238977e-07, 1.383155e-07, 4.585458e-07, 163.2803, 0, 0, 0, +1.110007E+02, +2.499009E-08, 0.0, 0.0, -0.00283171, 0.0
1713551729.1257648, 3.2, -6.798031e-07, 2.479402e-07, 6.893756e-07, 159.9619, 0, 0, 0, +1.110007E+02, +2.499009E-08, 0.0, 0.0, -0.00283171, 90.0
1713551735.58075, -3.2, -4.604557e-07, 2.113987e-07, 4.585458e-07, 155.3398, 0, 0, 0, +1.110007E+02, +2.499009E-08, -2.3842e-07, 0.0, -0.00283171, 180.0
1713551758.2162812, 3.2, -6.066873e-07, 2.844818e-07, 7.469019e-07, 157.2918, 0, 0, 0, +1.119997E+02, +2.515450E-08, 0.0, 0.0, -0.00283195, 0.0
1713551764.6752715, -3.2, -4.238977e-07, 1.748571e-07, 4.807812e-07, 159.2058, 0, 0, 0, +1.119997E+02, +2.515450E-08, 0.0, 0.0, -0.00283171, 90.0
1713551771.120498, 3.2, -6.798031e-07, 2.113987e-07, 7.369275e-07, 157.2918, 0, 0, 0, +1.119997E+02, +2.515450E-08, 2.3842e-07, 0.0, -0.00283171, 26.562
1713551777.61672, -3.2, -4.604557e-07, 1.383155e-07, 4.585458e-07, 159.2058, 0, 0, 0, +1.119997E+02, +2.515450E-08, 0.0, 0.0, -0.00283195, 0.0
1713551800.2951396, 3.2, -6.798031e-07, 2.479402e-07, 7.119141e-07, 159.9619, 0, 0, 0, +1.129978E+02, +2.535408E-08, 0.0, 0.0, -0.00283171, 90.0
1713551806.7804658, -3.2, -4.604557e-07, 1.383155e-07, 5.159008e-07, 159.2058, 0, 0, 0, +1.129978E+02, +2.535408E-08, 0.0, 0.0, -0.00283195, 0.0
1713551813.2523444, 3.2, -7.163611e-07, 2.113987e-07, 7.236066e-07, 160.9087, 0, 0, 0, +1.129978E+02, +2.535408E-08, 0.0, 0.0, -0.00283171, 90.0
1713551819.7275374, -3.2, -4.604557e-07, 1.748571e-07, 4.585458e-07, 159.2058, 0, 0, 0, +1.129978E+02, +2.535408E-08, -2.3842e-07, -2.3842e-07, -0.00283171, -135.0
1713551842.373719, 3.2, -6.798031e-07, 2.113987e-07, 7.236066e-07, 158.9207, 0, 0, 0, +1.139993E+02, +2.553639E-08, 0.0, 0.0, -0.00283195, 0.0
1713551848.842346, -3.2, -4.970136e-07, 1.748571e-07, 4.736862e-07, 157.5839, 0, 0, 0, +1.139993E+02, +2.553639E-08, 0.0, 0.0, -0.00283171, 90.0
1713551855.3175368, 3.2, -6.798031e-07, 2.479402e-07, 7.580551e-07, 165.5752, 0, 0, 0, +1.139993E+02, +2.553639E-08, 0.0, -2.3842e-07, -0.00283171, -90.0
1713551861.7929375, -3.2, -4.604557e-07, 1.748571e-07, 4.736862e-07, 157.5839, 0, 0, 0, +1.139993E+02, +2.553639E-08, 0.0, 0.0, -0.00283195, 0.0
1713551884.471862, 3.2, -6.798031e-07, 2.113987e-07, 7.236066e-07, 157.2918, 0, 0, 0, +1.149977E+02, +2.571750E-08, 0.0, 0.0, -0.00283195, 0.0
1713551890.9171948, -3.2, -4.238977e-07, 1.383155e-07, 4.585458e-07, 161.9288, 0, 0, 0, +1.149977E+02, +2.571750E-08, 0.0, -2.3842e-07, -0.00283171, -90.0
1713551897.3827486, 3.2, -6.432452e-07, 2.113987e-07, 7.236066e-07, 158.3409, 0, 0, 0, +1.149977E+02, +2.571750E-08, 0.0, 0.0, -0.00283195, 0.0
1713551903.8549905, -3.2, -4.604557e-07, 1.748571e-07, 4.925387e-07, 160.3488, 0, 0, 0, +1.149977E+02, +2.571750E-08, 0.0, -2.3842e-07, -0.00283171, -90.0
1713551926.4970992, 3.2, -6.432452e-07, 2.479402e-07, 7.469019e-07, 162.7258, 0, 0, 0, +1.160001E+02, +2.604351E-08, 0.0, 0.0, -0.00283195, 0.0
1713551932.9654818, -3.2, -4.604557e-07, 1.383155e-07, 4.585458e-07, 166.4993, 0, 0, 0, +1.160001E+02, +2.604351E-08, 0.0, 2.3842e-07, -0.00283171, 63.438
1713551939.414589, 3.2, -6.432452e-07, 2.479402e-07, 7.119141e-07, 162.7258, 0, 0, 0, +1.160001E+02, +2.604351E-08, 0.0, 0.0, -0.00283171, 90.0
1713551945.8699055, -3.2, -4.238977e-07, 1.383155e-07, 5.066644e-07, 157.5839, 0, 0, 0, +1.160001E+02, +2.604351E-08, 0.0, 0.0, -0.00283171, 90.0
1713551968.5356386, 3.2, -6.798031e-07, 2.113987e-07, 6.893756e-07, 157.7712, 0, 0, 0, +1.169991E+02, +2.627307E-08, -2.3842e-07, 0.0, -0.00283171, 180.0
1713551975.0341644, -3.2, -4.238977e-07, 1.01774e-07, 4.004872e-07, 160.3488, 0, 0, 0, +1.169991E+02, +2.627307E-08, -2.3842e-07, -2.3842e-07, -0.00283171, -135.0
1713551981.5097399, 3.2, -6.432452e-07, 2.113987e-07, 6.553959e-07, 158.9207, 0, 0, 0, +1.169991E+02, +2.627307E-08, 0.0, -2.3842e-07, -0.00283171, -90.0
1713551987.9853284, -3.2, -4.238977e-07, 2.113987e-07, 4.807812e-07, 163.2803, 0, 0, 0, +1.169991E+02, +2.627307E-08, 0.0, -2.3842e-07, -0.00283171, -90.0
1713552010.6240182, 3.2, -6.432452e-07, 1.748571e-07, 6.424631e-07, 161.8072, 0, 0, 0, +1.179973E+02, +2.641799E-08, 0.0, 0.0, -0.00283195, 0.0
1713552017.099109, -3.2, -4.238977e-07, 1.748571e-07, 4.458929e-07, 157.5839, 0, 0, 0, +1.179973E+02, +2.641799E-08, 0.0, 0.0, -0.00283171, 90.0
1713552023.5915165, 3.2, -6.432452e-07, 2.479402e-07, 7.236066e-07, 165.5752, 0, 0, 0, +1.179973E+02, +2.641799E-08, -2.3842e-07, 0.0, -0.00283171, 135.0
1713552030.0768852, -3.2, -3.507819e-07, 1.748571e-07, 4.807812e-07, 155.7041, 0, 0, 0, +1.179973E+02, +2.641799E-08, 0.0, 0.0, -0.00283171, 90.0
1713552052.7288327, 3.2, -6.432452e-07, 2.113987e-07, 7.019311e-07, 161.8072, 0, 0, 0, +1.189995E+02, +2.662996E-08, 0.0, 0.0, -0.00283195, 0.0
1713552059.191413, -3.2, -4.238977e-07, 1.748571e-07, 4.458929e-07, 157.5839, 0, 0, 0, +1.189995E+02, +2.662996E-08, 0.0, -2.3842e-07, -0.00283171, -45.0
1713552065.6567056, 3.2, -6.432452e-07, 2.113987e-07, 6.893756e-07, 158.9207, 0, 0, 0, +1.189995E+02, +2.662996E-08, -2.3842e-07, 0.0, -0.00283171, 135.0
1713552072.1228893, -3.2, -4.238977e-07, 1.748571e-07, 4.585458e-07, 161.9288, 0, 0, 0, +1.189995E+02, +2.662996E-08, 0.0, 2.3842e-07, -0.00283171, 90.0
1713552094.8015306, 3.2, -7.163611e-07, 2.113987e-07, 7.033451e-07, 159.9619, 0, 0, 0, +1.199983E+02, +2.684446E-08, 0.0, 0.0, -0.00283195, 0.0
1713552101.2765949, -3.2, -4.238977e-07, 1.748571e-07, 4.112947e-07, 161.9288, 0, 0, 0, +1.199983E+02, +2.684446E-08, -2.3842e-07, 0.0, -0.00283171, 180.0
1713552107.7716427, 3.2, -7.163611e-07, 2.113987e-07, 7.119141e-07, 156.1421, 0, 0, 0, +1.199983E+02, +2.684446E-08, 0.0, 0.0, -0.00283195, 0.0
1713552114.273907, -3.2, -4.238977e-07, 1.383155e-07, 4.585458e-07, 167.5363, 0, 0, 0, +1.199983E+02, +2.684446E-08, 0.0, 0.0, -0.00283171, 0.0
1713552136.9363322, 3.2, -6.432452e-07, 3.210233e-07, 7.033451e-07, 160.7892, 0, 0, 0, +1.209997E+02, +2.685570E-08, 0.0, 0.0, -0.00283195, 0.0
1713552143.4051921, -3.2, -4.238977e-07, 1.748571e-07, 4.112947e-07, 155.7041, 0, 0, 0, +1.209997E+02, +2.685570E-08, 0.0, 0.0, -0.00283171, 90.0
1713552149.8938186, 3.2, -5.701294e-07, 2.113987e-07, 7.469019e-07, 166.2828, 0, 0, 0, +1.209997E+02, +2.685570E-08, 0.0, 0.0, -0.00283171, 90.0
1713552156.358953, -3.2, -4.238977e-07, 1.748571e-07, 4.458929e-07, 157.5839, 0, 0, 0, +1.209997E+02, +2.685570E-08, 0.0, 0.0, -0.00283195, 0.0
1713552178.974976, 3.2, -6.066873e-07, 2.113987e-07, 6.424631e-07, 160.7892, 0, 0, 0, +1.219982E+02, +2.708318E-08, 0.0, 0.0, -0.00283171, 90.0
1713552185.443584, -3.2, -4.604557e-07, 1.01774e-07, 4.24979e-07, 161.9288, 0, 0, 0, +1.219982E+02, +2.708318E-08, 0.0, 0.0, -0.00283171, 90.0
1713552191.9088483, 3.2, -6.798031e-07, 1.748571e-07, 6.893756e-07, 158.9207, 0, 0, 0, +1.219982E+02, +2.708318E-08, 0.0, 0.0, -0.00283171, 0.0
1713552198.3942864, -3.2, -3.873398e-07, 1.01774e-07, 4.458929e-07, 159.2058, 0, 0, 0, +1.219982E+02, +2.708318E-08, 0.0, 0.0, -0.00283171, 90.0
1713552221.0435956, 3.2, -6.432452e-07, 2.113987e-07, 6.217088e-07, 157.7712, 0, 0, 0, +1.229975E+02, +2.723903E-08, 0.0, 0.0, -0.00283195, 0.0
1713552227.4985285, -3.2, -4.238977e-07, 1.748571e-07, 4.112947e-07, 157.5839, 0, 0, 0, +1.229975E+02, +2.723903E-08, -2.3842e-07, 0.0, -0.00283171, 135.0
1713552234.0069547, 3.2, -5.701294e-07, 1.748571e-07, 6.217088e-07, 156.4965, 0, 0, 0, +1.229975E+02, +2.723903E-08, 0.0, 0.0, -0.00283171, 45.0
1713552240.4962955, -3.2, -4.238977e-07, 1.383155e-07, 4.24979e-07, 160.3488, 0, 0, 0, +1.229975E+02, +2.723903E-08, 0.0, 0.0, -0.00283171, 0.0
1713552263.1716137, 3.2, -6.798031e-07, 2.844818e-07, 7.236066e-07, 161.8072, 0, 0, 0, +1.239995E+02, +2.735907E-08, 0.0, 0.0, -0.00283171, 90.0
1713552269.6372073, -3.2, -3.873398e-07, 1.748571e-07, 4.24979e-07, 161.9288, 0, 0, 0, +1.239995E+02, +2.735907E-08, 0.0, 0.0, -0.00283171, 0.0
1713552276.085886, 3.2, -6.432452e-07, 2.113987e-07, 6.770921e-07, 165.5752, 0, 0, 0, +1.239995E+02, +2.735907E-08, 0.0, 0.0, -0.00283171, 90.0
1713552282.541424, -3.2, -3.873398e-07, 1.748571e-07, 4.112947e-07, 158.4803, 0, 0, 0, +1.239995E+02, +2.735907E-08, 0.0, 0.0, -0.00283171, 0.0
1713552305.1802404, 3.2, -6.432452e-07, 2.113987e-07, 6.665879e-07, 160.7892, 0, 0, 0, +1.249979E+02, +2.754481E-08, 0.0, 0.0, -0.00283171, 0.0
1713552311.6563692, -3.2, -4.238977e-07, 1.383155e-07, 4.458929e-07, 160.3488, 0, 0, 0, +1.249979E+02, +2.754481E-08, 0.0, 0.0, -0.00283195, 0.0
1713552318.1109407, 3.2, -6.066873e-07, 2.844818e-07, 6.0806e-07, 167.8646, 0, 0, 0, +1.249979E+02, +2.754481E-08, -2.3842e-07, 0.0, -0.00283171, 135.0
1713552324.576605, -3.2, -3.873398e-07, 1.383155e-07, 4.112947e-07, 166.4993, 0, 0, 0, +1.249979E+02, +2.754481E-08, 0.0, -2.3842e-07, -0.00283171, -90.0
1713552347.1955214, 3.2, -6.066873e-07, 2.113987e-07, 6.770921e-07, 157.7712, 0, 0, 0, +1.259997E+02, +2.765903E-08, 0.0, 0.0, -0.00283171, 90.0
1713552353.6404386, -3.2, -3.873398e-07, 1.383155e-07, 4.004872e-07, 160.3488, 0, 0, 0, +1.259997E+02, +2.765903E-08, -2.3842e-07, 0.0, -0.00283171, 180.0
1713552360.1490483, 3.2, -6.432452e-07, 2.113987e-07, 6.424631e-07, 154.8776, 0, 0, 0, +1.259997E+02, +2.765903E-08, 0.0, 0.0, -0.00283195, 0.0
1713552366.608154, -3.2, -4.238977e-07, 1.383155e-07, 4.24979e-07, 158.4803, 0, 0, 0, +1.259997E+02, +2.765903E-08, 0.0, 0.0, -0.00283171, 0.0
1713552389.2406967, 3.2, -6.066873e-07, 1.748571e-07, 6.424631e-07, 164.7924, 0, 0, 0, +1.269980E+02, +2.779470E-08, 0.0, -2.3842e-07, -0.00283171, -45.0
1713552395.7333808, -3.2, -4.238977e-07, 1.748571e-07, 4.650534e-07, 165.2782, 0, 0, 0, +1.269980E+02, +2.779470E-08, -2.3842e-07, 0.0, -0.00283171, 180.0
1713552402.1881135, 3.2, -5.701294e-07, 1.748571e-07, 7.019311e-07, 159.6557, 0, 0, 0, +1.269980E+02, +2.779470E-08, 0.0, 0.0, -0.00283195, 0.0
1713552408.6535637, -3.2, -3.873398e-07, 1.01774e-07, 4.458929e-07, 171.2515, 0, 0, 0, +1.269980E+02, +2.779470E-08, 0.0, 0.0, -0.00283195, 0.0
1713552431.2924128, 3.2, -6.432452e-07, 2.479402e-07, 6.553959e-07, 161.8072, 0, 0, 0, +1.279964E+02, +2.788722E-08, -2.3842e-07, 0.0, -0.00283171, 135.0
1713552437.7376919, -3.2, -3.873398e-07, 1.748571e-07, 4.24979e-07, 151.3756, 0, 0, 0, +1.279964E+02, +2.788722E-08, -2.3842e-07, 0.0, -0.00283171, 135.0
1713552444.2335818, 3.2, -6.798031e-07, 2.479402e-07, 6.770921e-07, 161.8072, 0, 0, 0, +1.279964E+02, +2.788722E-08, 0.0, 0.0, -0.00283171, 90.0
1713552450.6917815, -3.2, -4.604557e-07, 1.383155e-07, 3.770665e-07, 161.9288, 0, 0, 0, +1.279964E+02, +2.788722E-08, 0.0, 0.0, -0.00283171, 90.0
1713552473.307643, 3.2, -6.066873e-07, 2.113987e-07, 6.046722e-07, 155.0766, 0, 0, 0, +1.289982E+02, +2.811248E-08, 0.0, -2.3842e-07, -0.00283171, -90.0
1713552479.80331, -3.2, -3.873398e-07, 1.748571e-07, 3.770665e-07, 165.2782, 0, 0, 0, +1.289982E+02, +2.811248E-08, -2.3842e-07, 0.0, -0.00283171, 180.0
1713552486.2852736, 3.2, -6.432452e-07, 1.748571e-07, 6.770921e-07, 158.9207, 0, 0, 0, +1.289982E+02, +2.811248E-08, 0.0, -2.3842e-07, -0.00283171, -90.0
1713552492.760525, -3.2, -4.238977e-07, 1.383155e-07, 3.919476e-07, 163.8207, 0, 0, 0, +1.289982E+02, +2.811248E-08, 0.0, 0.0, -0.00283195, 0.0
1713552515.4293115, 3.2, -6.066873e-07, 2.479402e-07, 6.424631e-07, 160.7892, 0, 0, 0, +1.299976E+02, +2.818987E-08, 0.0, 0.0, -0.00283195, 0.0
1713552521.9051156, -3.2, -3.507819e-07, 1.748571e-07, 4.112947e-07, 160.3488, 0, 0, 0, +1.299976E+02, +2.818987E-08, 0.0, 0.0, -0.00283171, 90.0
1713552528.3505397, 3.2, -6.066873e-07, 1.748571e-07, 6.665879e-07, 159.6557, 0, 0, 0, +1.299976E+02, +2.818987E-08, 0.0, 0.0, -0.00283195, 0.0
1713552534.825784, -3.2, -3.873398e-07, 1.383155e-07, 4.24979e-07, 157.5839, 0, 0, 0, +1.299976E+02, +2.818987E-08, 0.0, 0.0, -0.00283171, 0.0
1713552557.4749005, 3.2, -5.701294e-07, 2.113987e-07, 6.31383e-07, 159.6557, 0, 0, 0, +1.309999E+02, +2.836195E-08, 0.0, -2.3842e-07, -0.00283171, -90.0
1713552563.9372156, -3.2, -3.873398e-07, 1.383155e-07, 3.652477e-07, 165.2782, 0, 0, 0, +1.309999E+02, +2.836195E-08, 0.0, 0.0, -0.00283195, 0.0
1713552570.4194446, 3.2, -6.066873e-07, 1.748571e-07, 6.424631e-07, 159.6557, 0, 0, 0, +1.309999E+02, +2.836195E-08, 0.0, 0.0, -0.00283195, 0.0
1713552576.9075413, -3.2, -4.238977e-07, 1.748571e-07, 4.585458e-07, 160.3488, 0, 0, 0, +1.309999E+02, +2.836195E-08, 0.0, 0.0, -0.00283195, 0.0
1713552599.610087, 3.2, -5.335715e-07, 1.748571e-07, 5.739233e-07, 162.9494, 0, 0, 0, +1.319981E+02, +2.850455E-08, -2.3842e-07, 0.0, -0.00283171, 180.0
1713552606.0822842, -3.2, -3.507819e-07, 1.383155e-07, 4.112947e-07, 160.3488, 0, 0, 0, +1.319981E+02, +2.850455E-08, 0.0, 0.0, -0.00283195, 0.0
1713552612.5672598, 3.2, -6.066873e-07, 2.113987e-07, 6.0806e-07, 159.6557, 0, 0, 0, +1.319981E+02, +2.850455E-08, 0.0, 0.0, -0.00283171, 90.0
1713552619.042686, -3.2, -3.873398e-07, 1.383155e-07, 4.458929e-07, 157.5839, 0, 0, 0, +1.319981E+02, +2.850455E-08, 0.0, 0.0, -0.00283195, 0.0
1713552641.711605, 3.2, -5.701294e-07, 2.113987e-07, 5.883646e-07, 159.6557, 0, 0, 0, +1.329969E+02, +2.868236E-08, -2.3842e-07, 0.0, -0.00283171, 135.0
1713552648.2170596, -3.2, -3.507819e-07, 1.01774e-07, 4.004872e-07, 158.4803, 0, 0, 0, +1.329969E+02, +2.868236E-08, 0.0, 0.0, -0.00283171, 90.0
1713552654.7024932, 3.2, -5.701294e-07, 1.748571e-07, 6.424631e-07, 159.6557, 0, 0, 0, +1.329969E+02, +2.868236E-08, 0.0, -2.3842e-07, -0.00283171, -90.0
1713552661.2047005, -3.2, -3.507819e-07, 1.383155e-07, 4.458929e-07, 160.3488, 0, 0, 0, +1.329969E+02, +2.868236E-08, 0.0, 0.0, -0.00283195, 0.0
1713552683.8900454, 3.2, -5.701294e-07, 1.748571e-07, 5.883646e-07, 156.4965, 0, 0, 0, +1.339985E+02, +2.881664E-08, -2.3842e-07, 0.0, -0.00283171, 180.0
1713552690.3755958, -3.2, -3.142239e-07, 1.383155e-07, 4.112947e-07, 160.3488, 0, 0, 0, +1.339985E+02, +2.881664E-08, 0.0, -2.3842e-07, -0.00283171, -90.0
1713552696.8542254, 3.2, -5.701294e-07, 2.113987e-07, 6.700741e-07, 159.6557, 0, 0, 0, +1.339985E+02, +2.881664E-08, 0.0, 0.0, -0.00283171, 90.0
1713552703.3297646, -3.2, -3.507819e-07, 1.383155e-07, 3.770665e-07, 161.9288, 0, 0, 0, +1.339985E+02, +2.881664E-08, 0.0, -2.3842e-07, -0.00283171, -90.0
1713552725.9653285, 3.2, -5.701294e-07, 1.748571e-07, 6.424631e-07, 159.6557, 0, 0, 0, +1.349968E+02, +2.894435E-08, 0.0, 0.0, -0.00283195, 0.0
1713552732.4238212, -3.2, -3.873398e-07, 1.383155e-07, 4.112947e-07, 158.4803, 0, 0, 0, +1.349968E+02, +2.894435E-08, 0.0, 0.0, -0.00283171, 0.0
1713552738.8998582, 3.2, -5.701294e-07, 2.113987e-07, 5.866674e-07, 163.9221, 0, 0, 0, +1.349968E+02, +2.894435E-08, 0.0, 0.0, -0.00283195, 0.0
1713552745.385458, -3.2, -3.507819e-07, 1.383155e-07, 3.770665e-07, 158.4803, 0, 0, 0, +1.349968E+02, +2.894435E-08, 0.0, 0.0, -0.00283195, 0.0
1713552768.0404506, 3.2, -6.066873e-07, 1.748571e-07, 6.424631e-07, 158.3867, 0, 0, 0, +1.359989E+02, +2.902663E-08, 0.0, 0.0, -0.00283195, 0.0
1713552774.5223777, -3.2, -3.507819e-07, 1.383155e-07, 3.433189e-07, 158.4803, 0, 0, 0, +1.359989E+02, +2.902663E-08, 0.0, 0.0, -0.00283171, 45.0
1713552781.017733, 3.2, -5.701294e-07, 2.113987e-07, 6.0806e-07, 157.7712, 0, 0, 0, +1.359989E+02, +2.902663E-08, -2.3842e-07, -2.3842e-07, -0.00283171, -135.0
1713552787.4963963, -3.2, -3.873398e-07, 1.383155e-07, 3.770665e-07, 153.5047, 0, 0, 0, +1.359989E+02, +2.902663E-08, 0.0, 0.0, -0.00283171, 45.0
1713552810.122282, 3.2, -5.335715e-07, 2.113987e-07, 5.96341e-07, 157.7712, 0, 0, 0, +1.369979E+02, +2.916738E-08, 0.0, -2.3842e-07, -0.00283171, -45.0
1713552816.6179602, -3.2, -3.873398e-07, 1.383155e-07, 3.770665e-07, 163.8207, 0, 0, 0, +1.369979E+02, +2.916738E-08, -2.3842e-07, -2.3842e-07, -0.00283171, -135.0
1713552823.0764756, 3.2, -5.335715e-07, 2.113987e-07, 6.553959e-07, 159.6557, 0, 0, 0, +1.369979E+02, +2.916738E-08, 0.0, 0.0, -0.00283195, 0.0
1713552829.551909, -3.2, -3.507819e-07, 1.383155e-07, 4.458929e-07, 165.2782, 0, 0, 0, +1.369979E+02, +2.916738E-08, 0.0, 0.0, -0.00283195, 0.0
1713552852.2012103, 3.2, -6.066873e-07, 1.748571e-07, 5.96341e-07, 162.9494, 0, 0, 0, +1.379966E+02, +2.916779E-08, 0.0, -2.3842e-07, -0.00283171, -90.0
1713552858.6761165, -3.2, -3.873398e-07, 1.01774e-07, 3.302948e-07, 158.4803, 0, 0, 0, +1.379966E+02, +2.916779E-08, 0.0, 0.0, -0.00283171, 45.0
1713552865.1555665, 3.2, -5.701294e-07, 2.479402e-07, 6.770921e-07, 160.7892, 0, 0, 0, +1.379966E+02, +2.916779E-08, 0.0, 0.0, -0.00283195, 0.0
1713552871.6136637, -3.2, -4.604557e-07, 1.383155e-07, 3.770665e-07, 163.8207, 0, 0, 0, +1.379966E+02, +2.916779E-08, 0.0, 0.0, -0.00283171, 90.0
1713552894.272626, 3.2, -6.066873e-07, 2.113987e-07, 6.553959e-07, 163.9221, 0, 0, 0, +1.389980E+02, +2.949774E-08, -2.3842e-07, 0.0, -0.00283171, 135.0
1713552900.7347717, -3.2, -3.873398e-07, 1.383155e-07, 3.919476e-07, 163.8207, 0, 0, 0, +1.389980E+02, +2.949774E-08, 0.0, -2.3842e-07, -0.00283171, -45.0
1713552907.2099407, 3.2, -5.701294e-07, 2.479402e-07, 5.96341e-07, 162.9494, 0, 0, 0, +1.389980E+02, +2.949774E-08, -2.3842e-07, -2.3842e-07, -0.00283171, -135.0
1713552913.678891, -3.2, -3.142239e-07, 1.383155e-07, 3.927943e-07, 158.4803, 0, 0, 0, +1.389980E+02, +2.949774E-08, 0.0, 0.0, -0.00283171, 90.0
1713552936.314412, 3.2, -5.701294e-07, 2.479402e-07, 5.739233e-07, 162.9494, 0, 0, 0, +1.399964E+02, +2.957707E-08, -2.3842e-07, 0.0, -0.00283171, 180.0
1713552942.7932208, -3.2, -3.507819e-07, 1.01774e-07, 3.652477e-07, 169.4654, 0, 0, 0, +1.399964E+02, +2.957707E-08, -2.3842e-07, 0.0, -0.00283171, 180.0
1713552949.278501, 3.2, -5.701294e-07, 2.113987e-07, 6.31383e-07, 166.3633, 0, 0, 0, +1.399964E+02, +2.957707E-08, -2.3842e-07, -2.3842e-07, -0.00283171, -135.0
1713552955.778054, -3.2, -3.507819e-07, 1.01774e-07, 3.595994e-07, 158.4803, 0, 0, 0, +1.399964E+02, +2.957707E-08, 0.0, 0.0, -0.00283195, 0.0
1713552978.403642, 3.2, -4.970136e-07, 1.748571e-07, 6.0806e-07, 150.6174, 0, 0, 0, +1.409985E+02, +2.975920E-08, -2.3842e-07, 0.0, -0.00283171, 180.0
1713552984.8781707, -3.2, -3.507819e-07, 1.01774e-07, 3.652477e-07, 158.4803, 0, 0, 0, +1.409985E+02, +2.975920E-08, 0.0, 0.0, -0.00283171, 45.0
1713552991.3266098, 3.2, -6.066873e-07, 2.113987e-07, 6.217088e-07, 162.9494, 0, 0, 0, +1.409985E+02, +2.975920E-08, 0.0, 0.0, -0.00283171, 0.0
1713552997.812513, -3.2, -3.873398e-07, 1.01774e-07, 3.302948e-07, 170.4404, 0, 0, 0, +1.409985E+02, +2.975920E-08, 0.0, 0.0, -0.00283195, 0.0
1713553020.4284127, 3.2, -5.335715e-07, 1.748571e-07, 5.739233e-07, 159.6557, 0, 0, 0, +1.419973E+02, +2.994156E-08, 0.0, 0.0, -0.00283171, 0.0
1713553026.920215, -3.2, -3.507819e-07, 1.01774e-07, 4.112947e-07, 165.2782, 0, 0, 0, +1.419973E+02, +2.994156E-08, 0.0, 0.0, -0.00283195, 0.0
1713553033.3755872, 3.2, -6.066873e-07, 2.479402e-07, 5.614922e-07, 159.6557, 0, 0, 0, +1.419973E+02, +2.994156E-08, -2.3842e-07, 0.0, -0.00283171, 180.0
1713553039.8809187, -3.2, -3.507819e-07, 1.01774e-07, 3.433189e-07, 163.8207, 0, 0, 0, +1.419973E+02, +2.994156E-08, 0.0, 0.0, -0.00283195, 0.0
1713553062.576733, 3.2, -5.701294e-07, 1.748571e-07, 5.614922e-07, 158.3867, 0, 0, 0, +1.429966E+02, +3.007962E-08, 0.0, 0.0, -0.00283195, 0.0
1713553069.0755947, -3.2, -3.507819e-07, 1.01774e-07, 3.652477e-07, 162.0534, 0, 0, 0, +1.429966E+02, +3.007962E-08, -2.3842e-07, -2.3842e-07, -0.00283171, -135.0
1713553075.5404809, 3.2, -5.335715e-07, 2.113987e-07, 6.217088e-07, 159.6557, 0, 0, 0, +1.429966E+02, +3.007962E-08, -2.3842e-07, 0.0, -0.00283171, 180.0
1713553082.0226912, -3.2, -3.873398e-07, 1.01774e-07, 3.595994e-07, 156.2418, 0, 0, 0, +1.429966E+02, +3.007962E-08, 0.0, 0.0, -0.00283195, 0.0
1713553104.6852717, 3.2, -5.701294e-07, 2.113987e-07, 5.96341e-07, 158.3867, 0, 0, 0, +1.439980E+02, +3.020652E-08, -2.3842e-07, 0.0, -0.00283171, 180.0
1713553111.1637406, -3.2, -3.507819e-07, 1.01774e-07, 3.433189e-07, 160.3488, 0, 0, 0, +1.439980E+02, +3.020652E-08, 0.0, 0.0, -0.00283171, 90.0
1713553117.6426828, 3.2, -5.701294e-07, 2.479402e-07, 5.96341e-07, 166.3633, 0, 0, 0, +1.439980E+02, +3.020652E-08, 0.0, 0.0, -0.00283171, 45.0
1713553124.1079164, -3.2, -3.507819e-07, 1.383155e-07, 3.302948e-07, 162.0534, 0, 0, 0, +1.439980E+02, +3.020652E-08, 0.0, 0.0, -0.00283195, 0.0
1713553146.7235985, 3.2, -5.701294e-07, 1.748571e-07, 5.883646e-07, 158.3867, 0, 0, 0, +1.449966E+02, +3.042948E-08, -2.3842e-07, 0.0, -0.00283171, 180.0
1713553153.188996, -3.2, -3.873398e-07, 1.01774e-07, 3.302948e-07, 163.8207, 0, 0, 0, +1.449966E+02, +3.042948E-08, 0.0, 0.0, -0.00283195, 0.0
1713553159.6581862, 3.2, -5.701294e-07, 2.113987e-07, 5.614922e-07, 159.6557, 0, 0, 0, +1.449966E+02, +3.042948E-08, -2.3842e-07, 0.0, -0.00283171, 180.0
1713553166.1532784, -3.2, -3.873398e-07, 1.01774e-07, 3.652477e-07, 158.4803, 0, 0, 0, +1.449966E+02, +3.042948E-08, 0.0, 0.0, -0.00283195, 0.0
1713553188.7888312, 3.2, -4.970136e-07, 2.113987e-07, 5.739233e-07, 163.9221, 0, 0, 0, +1.459989E+02, +3.053530E-08, 0.0, 0.0, -0.00283171, 90.0
1713553195.2572567, -3.2, -3.873398e-07, 1.01774e-07, 3.433189e-07, 162.0534, 0, 0, 0, +1.459989E+02, +3.053530E-08, 0.0, -2.3842e-07, -0.00283171, -90.0
1713553201.7359774, 3.2, -5.701294e-07, 1.383155e-07, 6.770921e-07, 167.1569, 0, 0, 0, +1.459989E+02, +3.053530E-08, 0.0, -2.3842e-07, -0.00283171, -45.0
1713553208.2052953, -3.2, -3.873398e-07, 1.383155e-07, 3.433189e-07, 156.2418, 0, 0, 0, +1.459989E+02, +3.053530E-08, 0.0, 0.0, -0.00283171, 90.0
1713553230.8394377, 3.2, -5.335715e-07, 1.748571e-07, 5.614922e-07, 155.0766, 0, 0, 0, +1.469971E+02, +3.071908E-08, 0.0, 0.0, -0.00283171, 0.0
1713553237.317121, -3.2, -3.507819e-07, 1.383155e-07, 3.770665e-07, 153.5204, 0, 0, 0, +1.469971E+02, +3.071908E-08, 0.0, 0.0, -0.00283171, 90.0
1713553243.793055, 3.2, -5.701294e-07, 1.748571e-07, 5.739233e-07, 158.3867, 0, 0, 0, +1.469971E+02, +3.071908E-08, -4.76841e-07, 0.0, -0.00283171, 153.438
1713553250.2586508, -3.2, -3.142239e-07, 1.01774e-07, 3.652477e-07, 163.8207, 0, 0, 0, +1.469971E+02, +3.071908E-08, 0.0, 0.0, -0.00283195, 0.0
1713553272.8905334, 3.2, -5.335715e-07, 1.748571e-07, 5.96341e-07, 158.3867, 0, 0, 0, +1.479955E+02, +3.088661E-08, -2.3842e-07, 0.0, -0.00283171, 135.0
1713553279.388835, -3.2, -3.142239e-07, 1.383155e-07, 3.302948e-07, 163.8207, 0, 0, 0, +1.479955E+02, +3.088661E-08, -2.3842e-07, 0.0, -0.00283171, 180.0
1713553285.8696296, 3.2, -5.701294e-07, 1.748571e-07, 5.96341e-07, 166.3633, 0, 0, 0, +1.479955E+02, +3.088661E-08, -2.3842e-07, 0.0, -0.00283171, 180.0
1713553292.3408644, -3.2, -3.507819e-07, 1.383155e-07, 3.652477e-07, 156.2418, 0, 0, 0, +1.479955E+02, +3.088661E-08, -2.3842e-07, 0.0, -0.00283171, 180.0
1713553314.985947, 3.2, -6.066873e-07, 2.113987e-07, 5.866674e-07, 161.8555, 0, 0, 0, +1.489975E+02, +3.096941E-08, -2.3842e-07, -2.3842e-07, -0.00283171, -135.0
1713553321.4608948, -3.2, -3.507819e-07, 1.01774e-07, 3.770665e-07, 162.0534, 0, 0, 0, +1.489975E+02, +3.096941E-08, 0.0, -2.3842e-07, -0.00283171, -90.0
1713553327.9233139, 3.2, -5.701294e-07, 2.113987e-07, 5.96341e-07, 165.4673, 0, 0, 0, +1.489975E+02, +3.096941E-08, -2.3842e-07, 0.0, -0.00283171, 180.0
1713553334.4088755, -3.2, -3.507819e-07, 1.383155e-07, 3.281363e-07, 169.4654, 0, 0, 0, +1.489975E+02, +3.096941E-08, 0.0, -2.3842e-07, -0.00283171, -90.0
1713553357.0515437, 3.2, -5.701294e-07, 1.748571e-07, 5.883646e-07, 155.0766, 0, 0, 0, +1.499969E+02, +3.122163E-08, 0.0, 0.0, -0.00283171, 90.0
1713553363.5413513, -3.2, -3.507819e-07, 1.383155e-07, 3.302948e-07, 168.272, 0, 0, 0, +1.499969E+02, +3.122163E-08, 0.0, 0.0, -0.00283195, 0.0
1713553370.0039964, 3.2, -5.335715e-07, 2.479402e-07, 5.739233e-07, 159.6557, 0, 0, 0, +1.499969E+02, +3.122163E-08, -2.3842e-07, 0.0, -0.00283171, 135.0
1713553376.489892, -3.2, -3.142239e-07, 1.01774e-07, 3.770665e-07, 158.4803, 0, 0, 0, +1.499969E+02, +3.122163E-08, 0.0, 0.0, -0.00283171, 0.0
1713553399.1516232, 3.2, -5.701294e-07, 1.748571e-07, 6.424631e-07, 162.9494, 0, 0, 0, +1.499972E+02, +3.085924E-08, 0.0, -2.3842e-07, -0.00283171, -45.0
1713553405.6395962, -3.2, -3.507819e-07, 1.383155e-07, 3.567957e-07, 162.0534, 0, 0, 0, +1.499972E+02, +3.085924E-08, 0.0, 0.0, -0.00283171, 90.0
1713553412.1087804, 3.2, -5.701294e-07, 1.748571e-07, 6.0806e-07, 163.9221, 0, 0, 0, +1.499972E+02, +3.085924E-08, 0.0, -2.3842e-07, -0.00283171, -90.0
1713553418.5643277, -3.2, -3.507819e-07, 1.01774e-07, 3.433189e-07, 158.4803, 0, 0, 0, +1.499972E+02, +3.085924E-08, -2.3842e-07, 0.0, -0.00283171, 180.0
1713553441.2031116, 3.2, -6.798031e-07, 1.383155e-07, 5.614922e-07, 156.4965, 0, 0, 0, +1.489971E+02, +3.020498E-08, 0.0, 0.0, -0.00283195, 0.0
1713553447.6689444, -3.2, -3.142239e-07, 1.383155e-07, 4.112947e-07, 158.4803, 0, 0, 0, +1.489971E+02, +3.020498E-08, -2.3842e-07, 0.0, -0.00283171, 180.0
1713553454.1540902, 3.2, -5.701294e-07, 2.113987e-07, 5.739233e-07, 158.3867, 0, 0, 0, +1.489971E+02, +3.020498E-08, -2.3842e-07, 0.0, -0.00283171, 180.0
1713553460.622784, -3.2, -3.873398e-07, 1.383155e-07, 4.585458e-07, 165.2782, 0, 0, 0, +1.489971E+02, +3.020498E-08, 0.0, -2.3842e-07, -0.00283171, -90.0
1713553483.2782557, 3.2, -6.432452e-07, 2.113987e-07, 5.96341e-07, 164.7924, 0, 0, 0, +1.479956E+02, +2.972963E-08, 2.3842e-07, -2.3842e-07, -0.00283171, -26.562
1713553489.764071, -3.2, -4.604557e-07, 6.523243e-08, 4.807812e-07, 161.9288, 0, 0, 0, +1.479956E+02, +2.972963E-08, 0.0, 2.3842e-07, -0.00283171, 90.0
1713553496.2428455, 3.2, -6.432452e-07, 2.113987e-07, 7.119141e-07, 161.8072, 0, 0, 0, +1.479956E+02, +2.972963E-08, 0.0, 0.0, -0.00283195, 0.0
1713553502.7011015, -3.2, -4.238977e-07, 1.01774e-07, 3.770665e-07, 160.3488, 0, 0, 0, +1.479956E+02, +2.972963E-08, 0.0, 0.0, -0.00283171, 90.0
1713553525.3835497, 3.2, -6.066873e-07, 2.479402e-07, 7.236066e-07, 159.9619, 0, 0, 0, +1.469972E+02, +2.906530E-08, -2.3842e-07, 0.0, -0.00283171, 135.0
1713553531.8757923, -3.2, -4.238977e-07, 1.748571e-07, 4.24979e-07, 155.7041, 0, 0, 0, +1.469972E+02, +2.906530E-08, -2.3842e-07, 0.0, -0.00283171, 180.0
1713553538.3710434, 3.2, -6.066873e-07, 2.479402e-07, 6.770921e-07, 159.9619, 0, 0, 0, +1.469972E+02, +2.906530E-08, 0.0, 0.0, -0.00283171, 90.0
1713553544.8662817, -3.2, -4.238977e-07, 1.748571e-07, 3.770665e-07, 166.4993, 0, 0, 0, +1.469972E+02, +2.906530E-08, 0.0, 0.0, -0.00283195, 0.0
1713553567.535414, 3.2, -6.432452e-07, 2.113987e-07, 7.580551e-07, 158.9207, 0, 0, 0, +1.459987E+02, +2.848535E-08, 0.0, 0.0, -0.00283171, 0.0
1713553574.0115721, -3.2, -4.604557e-07, 1.748571e-07, 4.458929e-07, 153.4945, 0, 0, 0, +1.459987E+02, +2.848535E-08, 0.0, -2.3842e-07, -0.00283171, -90.0
1713553580.496289, 3.2, -6.798031e-07, 2.113987e-07, 7.580551e-07, 157.7712, 0, 0, 0, +1.459987E+02, +2.848535E-08, 0.0, 0.0, -0.00283171, 90.0
1713553586.9683278, -3.2, -4.604557e-07, 1.383155e-07, 4.71569e-07, 159.2058, 0, 0, 0, +1.459987E+02, +2.848535E-08, -2.3842e-07, 0.0, -0.00283171, 180.0
1713553609.6405, 3.2, -6.432452e-07, 2.479402e-07, 6.770921e-07, 162.7258, 0, 0, 0, +1.449963E+02, +2.779739E-08, 0.0, 0.0, -0.00283195, 0.0
1713553616.1126292, -3.2, -4.970136e-07, 1.383155e-07, 4.807812e-07, 159.2058, 0, 0, 0, +1.449963E+02, +2.779739E-08, -2.3842e-07, 2.3842e-07, -0.00283171, 116.562
1713553622.5880246, 3.2, -7.163611e-07, 2.479402e-07, 7.469019e-07, 162.7258, 0, 0, 0, +1.449963E+02, +2.779739E-08, -2.3842e-07, 0.0, -0.00283171, 180.0
1713553629.063334, -3.2, -4.238977e-07, 1.383155e-07, 4.925387e-07, 161.9288, 0, 0, 0, +1.449963E+02, +2.779739E-08, 0.0, 0.0, -0.00283195, 0.0
1713553651.7123601, 3.2, -7.163611e-07, 2.479402e-07, 7.926924e-07, 161.773, 0, 0, 0, +1.439979E+02, +2.722868E-08, 0.0, 0.0, -0.00283195, 0.0
1713553658.2077289, -3.2, -4.604557e-07, 1.383155e-07, 5.401036e-07, 163.2803, 0, 0, 0, +1.439979E+02, +2.722868E-08, 0.0, 0.0, -0.00283195, 0.0
