t,i,x,y,r,theta,xK,tc,therm,dc,i
1681453718.1268315, 3.2, 3.780263e-05, -1.579138e-05, 4.089937e-05, 330.1432, 0, 0, 0, 0.0, 3.2
1681453723.8247051, -3.2, 5.827506e-05, -2.383052e-05, 6.399721e-05, 343.9866, 0, 0, 0, 0.0, 3.2
1681453729.5225787, 3.2, 3.268452e-05, -1.981095e-05, 3.605575e-05, 326.5068, 0, 0, 0, 0.0, 3.2
1681453735.228462, -3.2, 5.24258e-05, -2.090719e-05, 6.007469e-05, 336.4697, 0, 0, 0, 0.0, 3.2
1681453740.9303107, 3.2, 2.756641e-05, -1.761845e-05, 3.323895e-05, 335.493, 0, 0, 0, 0.0, 3.2
1681453746.631315, -3.2, 5.169464e-05, -2.273427e-05, 5.590799e-05, 336.5287, 0, 0, 0, 0.0, 3.2
1681453757.0021162, 3.2, -0.000309132, 3.317431e-05, 0.0003212446, 172.7404, 0, 0, 0, 40.0, 3.2
1681453762.7151272, -3.2, -0.0002795201, 3.53668e-05, 0.0002876967, 174.1229, 0, 0, 0, 40.0, 3.2
1681453768.423417, 3.2, -0.0003259486, 3.792471e-05, 0.0003231948, 173.7104, 0, 0, 0, 40.0, 3.2
1681453774.119149, -3.2, -0.0002897563, 2.769308e-05, 0.0002939143, 173.4888, 0, 0, 0, 40.0, 3.2
1681453779.8273692, 3.2, -0.0003270454, 3.865554e-05, 0.0003237463, 174.1783, 0, 0, 0, 40.0, 3.2
1681453785.5467167, -3.2, -0.0002890251, 2.84239e-05, 0.0002919711, 174.1113, 0, 0, 0, 40.0, 3.2
1681453795.9031384, 3.2, -0.0003051106, 3.865554e-05, 0.0003115534, 172.5025, 0, 0, 0, 80.0, 3.2
1681453801.6083505, -3.2, -0.0002846382, 2.805849e-05, 0.0002852862, 173.5188, 0, 0, 0, 80.0, 3.2
1681453807.3288782, 3.2, -0.0003084008, 3.792471e-05, 0.0003201903, 172.7319, 0, 0, 0, 80.0, 3.2
1681453813.0457714, -3.2, -0.0002740364, 3.317431e-05, 0.0002770344, 173.2442, 0, 0, 0, 80.0, 3.2
1681453818.7654166, 3.2, -0.0002890251, 3.646305e-05, 0.0002874636, 173.8117, 0, 0, 0, 80.0, 3.2
1681453824.4790003, -3.2, -0.0002711118, 3.427055e-05, 0.0002592714, 173.9269, 0, 0, 0, 80.0, 3.2
1681453834.8010447, 3.2, -0.0002857349, 3.280889e-05, 0.0002854674, 173.7472, 0, 0, 0, 120.0, 3.2
1681453840.510867, -3.2, -0.0002575853, 3.427055e-05, 0.0002575383, 173.6761, 0, 0, 0, 120.0, 3.2
1681453846.2178917, 3.2, -0.0002791545, 3.53668e-05, 0.0002910459, 172.3481, 0, 0, 0, 120.0, 3.2
1681453851.910302, -3.2, -0.0002597788, 3.171265e-05, 0.0002568598, 173.164, 0, 0, 0, 120.0, 3.2
1681453857.6110475, 3.2, -0.0002645314, 3.06164e-05, 0.0002779494, 172.8167, 0, 0, 0, 120.0, 3.2
1681453863.337899, -3.2, -0.0002531984, 2.805849e-05, 0.0002554057, 173.9991, 0, 0, 0, 120.0, 3.2
1681453873.6999311, 3.2, -0.000270015, 3.609763e-05, 0.0002624331, 172.3903, 0, 0, 0, 160.0, 3.2
1681453879.404427, -3.2, -0.0002400375, 2.732766e-05, 0.000241545, 171.9843, 0, 0, 0, 160.0, 3.2
1681453885.1047943, 3.2, -0.0002641657, 3.171265e-05, 0.0002728763, 171.6863, 0, 0, 0, 160.0, 3.2
1681453890.8078873, -3.2, -0.0002488114, 2.988557e-05, 0.0002523474, 172.3621, 0, 0, 0, 160.0, 3.2
1681453896.5183682, 3.2, -0.0002634346, 3.244348e-05, 0.000277319, 172.8627, 0, 0, 0, 160.0, 3.2
1681453902.2028692, -3.2, -0.000235285, 3.427055e-05, 0.0002375512, 172.8063, 0, 0, 0, 160.0, 3.2
1681453912.5550745, 3.2, -0.0002594132, 3.353972e-05, 0.0002561205, 171.8404, 0, 0, 0, 200.0, 3.2
1681453918.2907596, -3.2, -0.0002206618, 2.732766e-05, 0.0002351811, 172.9267, 0, 0, 0, 200.0, 3.2
1681453924.0064309, 3.2, -0.0002612411, 3.500139e-05, 0.0002626391, 171.6269, 0, 0, 0, 200.0, 3.2
1681453929.7034388, -3.2, -0.0002265111, 2.805849e-05, 0.0002335909, 171.3322, 0, 0, 0, 200.0, 3.2
1681453935.4139636, 3.2, -0.0002546607, 3.098181e-05, 0.000250099, 171.4157, 0, 0, 0, 200.0, 3.2
1681453941.148424, -3.2, -0.0002323604, 2.878932e-05, 0.0002354531, 171.2576, 0, 0, 0, 200.0, 3.2
1681453951.4854264, 3.2, -0.0002572198, 3.682846e-05, 0.0002541343, 170.8894, 0, 0, 0, 200.0, 3.2
1681453957.2068293, -3.2, -0.0002312636, 2.915474e-05, 0.0002346751, 171.3965, 0, 0, 0, 200.0, 3.2
1681453962.910539, 3.2, -0.0002531984, 3.865554e-05, 0.00025305, 171.1832, 0, 0, 0, 200.0, 3.2
1681453968.6315498, -3.2, -0.0002268767, 3.573222e-05, 0.0002349818, 172.7334, 0, 0, 0, 200.0, 3.2
1681453974.3344119, 3.2, -0.0002513705, 3.755929e-05, 0.0002578583, 170.7453, 0, 0, 0, 200.0, 3.2
1681453980.0492952, -3.2, -0.0002235865, 3.317431e-05, 0.0002296093, 172.7315, 0, 0, 0, 200.0, 3.2
1681453990.403952, 3.2, -0.0002495426, 3.719388e-05, 0.0002506993, 172.179, 0, 0, 0, 160.0, 3.2
1681453996.1132736, -3.2, -0.000230898, 3.829013e-05, 0.0002317092, 171.9946, 0, 0, 0, 160.0, 3.2
1681454001.8024707, 3.2, -0.0002330915, 3.427055e-05, 0.0002415707, 170.6406, 0, 0, 0, 160.0, 3.2
1681454007.5178611, -3.2, -0.000221393, 3.025099e-05, 0.000229604, 170.2638, 0, 0, 0, 160.0, 3.2
1681454013.2123039, 3.2, -0.0002330915, 3.573222e-05, 0.0002381295, 170.5973, 0, 0, 0, 160.0, 3.2
1681454018.9393034, -3.2, -0.0002202963, 3.865554e-05, 0.0002315658, 170.48, 0, 0, 0, 160.0, 3.2
1681454029.2995584, 3.2, -0.0002550263, 4.413677e-05, 0.000251426, 169.8888, 0, 0, 0, 120.0, 3.2
1681454035.0082664, -3.2, -0.0002228553, 3.353972e-05, 0.0002343691, 170.7752, 0, 0, 0, 120.0, 3.2
1681454040.7210336, 3.2, -0.0002510049, 3.609763e-05, 0.000254161, 171.3688, 0, 0, 0, 120.0, 3.2
1681454046.4402947, -3.2, -0.0002279734, 3.463597e-05, 0.0002344816, 170.6134, 0, 0, 0, 120.0, 3.2
1681454052.1574223, 3.2, -0.0002444245, 4.377136e-05, 0.0002549194, 170.2723, 0, 0, 0, 120.0, 3.2
1681454057.8598795, -3.2, -0.000230898, 3.463597e-05, 0.0002287914, 169.4197, 0, 0, 0, 120.0, 3.2
1681454068.2353885, 3.2, -0.0002517361, 4.486761e-05, 0.0002496532, 171.2014, 0, 0, 0, 80.0, 3.2
1681454073.9502904, -3.2, -0.0002287046, 3.390514e-05, 0.0002305895, 169.3634, 0, 0, 0, 80.0, 3.2
1681454079.6566541, 3.2, -0.0002455212, 4.304053e-05, 0.0002435708, 170.0037, 0, 0, 0, 80.0, 3.2
1681454085.3577428, -3.2, -0.0002191995, 3.975179e-05, 0.0002198106, 169.0395, 0, 0, 0, 80.0, 3.2
1681454091.0735483, 3.2, -0.0002510049, 4.742552e-05, 0.0002580284, 169.8447, 0, 0, 0, 80.0, 3.2
1681454096.7736607, -3.2, -0.0002246832, 4.340594e-05, 0.0002243917, 169.9934, 0, 0, 0, 80.0, 3.2
1681454107.12858, 3.2, -0.0002425966, 3.792471e-05, 0.0002406279, 169.1044, 0, 0, 0, 40.0, 3.2
1681454112.837722, -3.2, -0.0002177372, 4.194428e-05, 0.0002192453, 169.8063, 0, 0, 0, 40.0, 3.2
1681454118.556461, 3.2, -0.0002433277, 4.70601e-05, 0.0002458983, 170.3825, 0, 0, 0, 40.0, 3.2
1681454124.2503011, -3.2, -0.000221393, 3.792471e-05, 0.0002177045, 168.9437, 0, 0, 0, 40.0, 3.2
1681454129.9524891, 3.2, -0.000239672, 4.121345e-05, 0.0002409648, 169.7675, 0, 0, 0, 40.0, 3.2
1681454135.6544268, -3.2, -0.0002126191, 4.157887e-05, 0.0002191541, 168.7264, 0, 0, 0, 40.0, 3.2
1681454145.9860036, 3.2, 5.059789e-05, -4.828909e-06, 4.767413e-05, 1.195483, 0, 0, 0, 0.0, 3.2
1681454151.6625557, -3.2, 6.99736e-05, -7.752234e-06, 7.161904e-05, 355.8412, 0, 0, 0, 0.0, 3.2
1681454157.361571, 3.2, 4.657653e-05, 1.748571e-06, 4.715383e-05, 356.4244, 0, 0, 0, 0.0, 3.2
1681454163.0774622, -3.2, 7.070475e-05, -2.271e-06, 6.924717e-05, 356.2324, 0, 0, 0, 0.0, 3.2
1681454168.789292, 3.2, 3.963052e-05, 3.941064e-06, 4.043776e-05, 356.6588, 0, 0, 0, 0.0, 3.2
1681454174.5064113, -3.2, 6.704896e-05, -6.290571e-06, 6.73434e-05, 354.0218, 0, 0, 0, 0.0, 3.2
1681454184.8806067, 3.2, 4.401747e-05, 3.210233e-06, 3.971812e-05, 359.3582, 0, 0, 0, 0.0, 3.2
1681454190.5864284, -3.2, 6.339317e-05, -3.367247e-06, 6.55867e-05, 0.8792151, 0, 0, 0, 0.0, 3.2
1681454196.3199232, 3.2, 3.926495e-05, 3.941064e-06, 4.012473e-05, 6.662457, 0, 0, 0, 0.0, 3.2
1681454202.017348, -3.2, 6.375875e-05, -8.09338e-07, 6.34218e-05, 356.3224, 0, 0, 0, 0.0, 3.2
1681454207.7123017, 3.2, 3.743705e-05, -1.174753e-06, 3.782489e-05, 5.30144, 0, 0, 0, 0.0, 3.2
1681454213.426414, -3.2, 5.973738e-05, -3.001831e-06, 6.138991e-05, 355.8533, 0, 0, 0, 0.0, 3.2
1681454223.7664232, 3.2, 0.0001569814, -1.432971e-05, 0.0001617972, 355.0143, 0, 0, 0, -40.0, 3.2
1681454229.466875, -3.2, 0.0001705079, -1.39643e-05, 0.0001589954, 355.8789, 0, 0, 0, -40.0, 3.2
1681454235.170859, 3.2, 0.0001551535, -1.213722e-05, 0.0001638897, 354.8535, 0, 0, 0, -40.0, 3.2
1681454240.8652654, -3.2, 0.0001701423, -9.579311e-06, 0.0001653236, 355.2473, 0, 0, 0, -40.0, 3.2
1681454246.5784087, 3.2, 0.0001529601, -7.021403e-06, 0.0001398701, 357.1838, 0, 0, 0, -40.0, 3.2
1681454252.2789452, -3.2, 0.0001339499, -7.386818e-06, 0.0001366078, 357.5603, 0, 0, 0, -40.0, 3.2
1681454262.6342037, 3.2, 0.0001131119, -2.271e-06, 0.0001150004, 0.3380734, 0, 0, 0, -80.0, 3.2
1681454268.3264332, -3.2, 0.0001240793, -3.732663e-06, 0.0001221807, 356.4899, 0, 0, 0, -80.0, 3.2
1681454274.0464242, 3.2, 0.000101779, -4.098078e-06, 9.997343e-05, 0.9985935, 0, 0, 0, -80.0, 3.2
1681454279.7603185, -3.2, 0.0001237137, -7.021403e-06, 0.0001230392, 359.4591, 0, 0, 0, -80.0, 3.2
1681454285.4578571, 3.2, 0.0001006822, 1.383155e-06, 0.0001021496, 0.5647962, 0, 0, 0, -80.0, 3.2
1681454291.1794753, -3.2, 0.0001244449, -4.098078e-06, 0.000125649, 357.258, 0, 0, 0, -80.0, 3.2
1681454301.5305245, 3.2, 0.0001032413, -2.636416e-06, 0.0001029056, 358.0419, 0, 0, 0, -120.0, 3.2
1681454307.2274163, -3.2, 0.000122617, -3.001831e-06, 0.0001248131, 359.7986, 0, 0, 0, -120.0, 3.2
1681454312.9373417, 3.2, 0.0001047036, 2.113987e-06, 0.0001025353, 0.9737582, 0, 0, 0, -120.0, 3.2
1681454318.6211016, -3.2, 0.0001240793, -2.636416e-06, 0.0001232042, 356.8649, 0, 0, 0, -120.0, 3.2
1681454324.314746, 3.2, 9.921993e-05, -3.001831e-06, 9.996638e-05, 1.395486, 0, 0, 0, -120.0, 3.2
1681454330.0340278, -3.2, 0.000122617, -6.655986e-06, 0.0001223617, 357.4116, 0, 0, 0, -120.0, 3.2
1681454340.3836617, 3.2, 9.300508e-05, -1.905585e-06, 9.675675e-05, 2.184537, 0, 0, 0, -160.0, 3.2
1681454346.1031797, -3.2, 0.0001255416, -4.098078e-06, 0.0001245532, 357.274, 0, 0, 0, -160.0, 3.2
1681454351.8050463, 3.2, 9.483298e-05, -1.905585e-06, 9.493071e-05, 0.1726771, 0, 0, 0, -160.0, 3.2
1681454357.527414, -3.2, 0.0001178645, -7.850687e-08, 0.0001171434, 0.3132159, 0, 0, 0, -160.0, 3.2
1681454363.2420592, 3.2, 9.629529e-05, -1.540169e-06, 9.790679e-05, 3.187111, 0, 0, 0, -160.0, 3.2
1681454368.943213, -3.2, 0.0001218858, -1.174753e-06, 0.0001230773, 357.3883, 0, 0, 0, -160.0, 3.2
1681454379.26811, 3.2, 9.812319e-05, 2.844818e-06, 0.0001004254, 2.048825, 0, 0, 0, -200.0, 3.2
1681454384.9796438, -3.2, 0.0001248105, -3.001831e-06, 0.00015064, 359.3721, 0, 0, 0, -200.0, 3.2
1681454390.6613104, 3.2, 0.0001014134, -4.439225e-07, 0.0001036365, 358.7994, 0, 0, 0, -200.0, 3.2
