t,i,x,y,r,theta,xK,tc,therm,trueGateDC,trueGateI,x2,y2,r2,theta2
1682023229.780058, 3.2, -4.181529e-06, 1.43026e-06, 3.956981e-06, 164.9223, 0, 0, 0, +4.511887E-05, -1.699809E-10, 0.981266, 0.0164796, 0.415041, 0.966
1682023236.283355, -3.2, 4.592371e-06, 1.43026e-06, 4.731252e-06, 16.79547, 0, 0, 0, +4.511887E-05, -1.699809E-10, 0.981266, 0.0165406, 0.415041, 0.966
1682023242.773362, 3.2, -3.304139e-06, 1.43026e-06, 2.164992e-06, 148.9668, 0, 0, 0, +4.511887E-05, -1.699809E-10, 0.981266, 0.0165406, 0.415041, 0.966
1682023249.2533135, -3.2, 4.299907e-06, 9.917608e-07, 4.44793e-06, 16.42062, 0, 0, 0, +4.511887E-05, -1.699809E-10, 0.981266, 0.0165406, 0.415041, 0.966
1682023255.7797682, 3.2, -3.304139e-06, 1.137927e-06, 4.01353e-06, 163.0892, 0, 0, 0, +4.511887E-05, -1.699809E-10, 0.981205, 0.0165406, 0.41498, 0.972
1682023262.2853, -3.2, 4.592371e-06, 1.137927e-06, 5.089916e-06, 12.74472, 0, 0, 0, +4.511887E-05, -1.699809E-10, 0.981205, 0.0165406, 0.41498, 0.966
1682023268.7883363, 3.2, -3.596602e-06, 1.284093e-06, 4.052124e-06, 165.159, 0, 0, 0, +4.511887E-05, -1.699809E-10, 0.981205, 0.0165406, 0.41498, 0.966
1682023275.2813005, -3.2, 4.884834e-06, 1.137927e-06, 4.69824e-06, 14.82294, 0, 0, 0, +4.511887E-05, -1.699809E-10, 0.981266, 0.0165406, 0.415041, 0.966
1682023281.8007712, 3.2, -3.889066e-06, 1.137927e-06, 4.557977e-06, 167.9953, 0, 0, 0, +4.511887E-05, -1.699809E-10, 0.981205, 0.0165406, 0.41498, 0.966
1682023288.301806, -3.2, 4.153676e-06, 1.43026e-06, 4.165872e-06, 19.15325, 0, 0, 0, +4.511887E-05, -1.699809E-10, 0.981266, 0.0165406, 0.415041, 0.966
1682023294.8063443, 3.2, -3.596602e-06, 1.43026e-06, 4.052124e-06, 161.7278, 0, 0, 0, +4.511887E-05, -1.699809E-10, 0.981266, 0.0165406, 0.415041, 0.966
1682023301.3243284, -3.2, 4.884834e-06, 1.284093e-06, 5.050792e-06, 14.72832, 0, 0, 0, +4.511887E-05, -1.699809E-10, 0.981266, 0.0165406, 0.415041, 0.966
1682023307.8108659, 3.2, -3.304139e-06, 1.137927e-06, 2.81338e-06, 156.908, 0, 0, 0, +4.511887E-05, -1.699809E-10, 0.981266, 0.0165406, 0.415041, 0.972
1682023314.327296, -3.2, 3.714981e-06, 1.137927e-06, 3.005913e-06, 19.26493, 0, 0, 0, +4.511887E-05, -1.699809E-10, 0.981266, 0.0165406, 0.415041, 0.966
1682023320.8192182, 3.2, -4.181529e-06, 1.137927e-06, 4.514245e-06, 166.5727, 0, 0, 0, +4.511887E-05, -1.699809E-10, 0.981266, 0.0165406, 0.415041, 0.966
1682023327.3142853, -3.2, 3.714981e-06, 1.284093e-06, 4.627856e-06, 14.94724, 0, 0, 0, +4.511887E-05, -1.699809E-10, 0.981266, 0.0165406, 0.415041, 0.972
1682023333.810811, 3.2, -3.450371e-06, 1.137927e-06, 4.0068e-06, 165.6937, 0, 0, 0, +4.511887E-05, -1.699809E-10, 0.981266, 0.0165406, 0.415041, 0.972
1682023340.2903175, -3.2, 3.422517e-06, 1.43026e-06, 3.468274e-06, 19.78954, 0, 0, 0, +4.511887E-05, -1.699809E-10, 0.981327, 0.0165406, 0.415041, 0.966
1682023346.7974854, 3.2, -4.766456e-06, 1.284093e-06, 6.073604e-06, 167.1822, 0, 0, 0, +4.511887E-05, -1.699809E-10, 0.981266, 0.0165406, 0.415041, 0.966
1682023353.2682545, -3.2, 2.545127e-06, 1.284093e-06, 2.720955e-06, 30.13583, 0, 0, 0, +4.511887E-05, -1.699809E-10, 0.981266, 0.0165406, 0.415041, 0.966
1682023359.7708666, 3.2, -6.667467e-06, 1.284093e-06, 6.331863e-06, 170.7394, 0, 0, 0, +4.511887E-05, -1.699809E-10, 0.981266, 0.0165406, 0.415041, 0.966
1682023366.2818604, -3.2, 1.521506e-06, 1.284093e-06, 1.816196e-06, 46.25487, 0, 0, 0, +4.511887E-05, -1.699809E-10, 0.981266, 0.0165406, 0.415041, 0.966
1682023372.7902582, 3.2, -6.228772e-06, 1.284093e-06, 7.077396e-06, 168.6201, 0, 0, 0, +4.511887E-05, -1.699809E-10, 0.981266, 0.0165406, 0.415041, 0.966
1682023379.3061748, -3.2, 1.521506e-06, 1.284093e-06, 2.681922e-06, 34.30641, 0, 0, 0, +4.511887E-05, -1.699809E-10, 0.981266, 0.0165406, 0.415041, 0.966
1682023385.8023217, 3.2, -3.450371e-06, 1.137927e-06, 3.633172e-06, 163.0892, 0, 0, 0, +4.511887E-05, -1.699809E-10, 0.981266, 0.0165406, 0.415041, 0.966
1682023392.287341, -3.2, -2.332742e-07, 1.284093e-06, 1.777482e-06, 50.54366, 0, 0, 0, +4.511887E-05, -1.699809E-10, 0.981266, 0.0165406, 0.415041, 0.966
1682023398.7852952, 3.2, -6.375004e-06, 1.284093e-06, 6.763874e-06, 169.0988, 0, 0, 0, +4.511887E-05, -1.699809E-10, 0.981266, 0.0165406, 0.415041, 0.966
1682023405.3023472, -3.2, 1.375274e-06, 1.137927e-06, 1.570782e-06, 46.25487, 0, 0, 0, +4.511887E-05, -1.699809E-10, 0.981266, 0.0165406, 0.415041, 0.966
1682023411.7917333, 3.2, -5.643846e-06, 1.137927e-06, 6.646459e-06, 172.0549, 0, 0, 0, +4.511887E-05, -1.699809E-10, 0.981266, 0.0165406, 0.415041, 0.972
1682023418.3062918, -3.2, 7.903475e-07, 1.284093e-06, 1.634103e-06, 49.32705, 0, 0, 0, +4.511887E-05, -1.699809E-10, 0.981266, 0.0165406, 0.415041, 0.966
1682023424.821314, 3.2, -7.691089e-06, 1.284093e-06, 8.519574e-06, 172.7996, 0, 0, 0, +4.511887E-05, -1.699809E-10, 0.981266, 0.0165406, 0.415041, 0.966
1682023431.3182821, -3.2, 1.229042e-06, 9.917608e-07, 1.507828e-06, 79.76705, 0, 0, 0, +4.511887E-05, -1.699809E-10, 0.981327, 0.0165406, 0.415041, 0.966
1682023437.811613, 3.2, -6.95993e-06, 1.43026e-06, 6.248436e-06, 168.0792, 0, 0, 0, +4.511887E-05, -1.699809E-10, 0.981266, 0.0165406, 0.415041, 0.966
1682023444.327322, -3.2, 1.229042e-06, 1.137927e-06, 1.679695e-06, 36.79264, 0, 0, 0, +4.511887E-05, -1.699809E-10, 0.981266, 0.0165406, 0.415041, 0.966
1682023450.80581, 3.2, -8.276015e-06, 1.137927e-06, 7.630187e-06, 172.5115, 0, 0, 0, +4.511887E-05, -1.699809E-10, 0.981266, 0.0165406, 0.415041, 0.966
1682023457.308267, -3.2, 5.918914e-08, 8.455946e-07, 1.449158e-06, 120.5627, 0, 0, 0, +4.511887E-05, -1.699809E-10, 0.981266, 0.0165406, 0.415041, 0.966
1682023463.8217611, 3.2, -8.422247e-06, 1.137927e-06, 8.770962e-06, 171.6179, 0, 0, 0, +4.511887E-05, -1.699809E-10, 0.981266, 0.0165406, 0.415041, 0.966
1682023470.3202777, -3.2, -8.182009e-07, 9.917608e-07, 1.590111e-06, 131.3086, 0, 0, 0, +4.511887E-05, -1.699809E-10, 0.981266, 0.0165406, 0.415041, 0.972
1682023476.8215687, 3.2, -5.790077e-06, 1.137927e-06, 6.359757e-06, 167.4921, 0, 0, 0, +4.511887E-05, -1.699809E-10, 0.981266, 0.0165406, 0.415041, 0.966
1682023483.3312392, -3.2, 4.978842e-07, 1.137927e-06, 2.018967e-06, 35.79676, 0, 0, 0, +4.511887E-05, -1.699809E-10, 0.981266, 0.0165406, 0.415041, 0.966
1682023489.831812, 3.2, -2.572981e-06, 9.917608e-07, 3.083123e-06, 161.773, 0, 0, 0, +4.511887E-05, -1.699809E-10, 0.981266, 0.0165406, 0.415041, 0.966
1682023496.3408663, -3.2, 1.667737e-06, 1.284093e-06, 1.67494e-06, 46.25487, 0, 0, 0, +4.511887E-05, -1.699809E-10, 0.981327, 0.0165406, 0.415041, 0.972
1682023502.8573046, 3.2, -5.497614e-06, 1.43026e-06, 5.328084e-06, 164.7696, 0, 0, 0, +4.511887E-05, -1.699809E-10, 0.981327, 0.0165406, 0.415041, 0.966
1682023509.340078, -3.2, 1.960201e-06, 8.455946e-07, 1.899963e-06, 40.16309, 0, 0, 0, +4.511887E-05, -1.699809E-10, 0.981266, 0.0165406, 0.415041, 0.966
1682023515.8408086, 3.2, -6.521236e-06, 1.137927e-06, 5.822254e-06, 166.853, 0, 0, 0, +4.511887E-05, -1.699809E-10, 0.981327, 0.0165406, 0.415041, 0.966
1682023522.3353324, -3.2, 1.521506e-06, 1.284093e-06, 1.570782e-06, 42.79551, 0, 0, 0, +4.511887E-05, -1.699809E-10, 0.981266, 0.0165406, 0.415041, 0.966
1682023528.8333306, 3.2, -6.521236e-06, 1.284093e-06, 6.740824e-06, 168.3514, 0, 0, 0, +4.511887E-05, -1.699809E-10, 0.981266, 0.0165406, 0.415041, 0.966
1682023535.3458624, -3.2, 1.813969e-06, 1.137927e-06, 2.426526e-06, 25.37753, 0, 0, 0, +4.511887E-05, -1.699809E-10, 0.981266, 0.0165406, 0.415041, 0.966
1682023541.8438323, 3.2, -7.983552e-06, 1.284093e-06, 7.797547e-06, 171.0243, 0, 0, 0, +4.511887E-05, -1.699809E-10, 0.981266, 0.0165406, 0.415041, 0.966
1682023548.357278, -3.2, -6.719692e-07, 1.137927e-06, 1.38755e-06, 120.5627, 0, 0, 0, +4.511887E-05, -1.699809E-10, 0.981266, 0.0165406, 0.415041, 0.966
1682023554.8542795, 3.2, -8.71471e-06, 1.284093e-06, 8.808806e-06, 174.6368, 0, 0, 0, +4.511887E-05, -1.699809E-10, 0.981266, 0.0165406, 0.415041, 0.966
1682023561.3518217, -3.2, -1.403127e-06, 9.917608e-07, 3.140011e-06, 150.6174, 0, 0, 0, +4.511887E-05, -1.699809E-10, 0.981266, 0.0165406, 0.415041, 0.966
1682023567.84927, 3.2, 6.785846e-06, 1.137927e-06, 6.221325e-06, 10.1641, 0, 0, 0, +4.511887E-05, -1.699809E-10, 0.981327, 0.0165406, 0.415041, 0.966
1682023574.3617349, -3.2, 1.424366e-05, 1.137927e-06, 1.529068e-05, 3.995646, 0, 0, 0, +4.511887E-05, -1.699809E-10, 0.981327, 0.0165406, 0.415041, 0.966
1682023580.8570824, 3.2, 9.710478e-06, 1.284093e-06, 9.650063e-06, 9.050256, 0, 0, 0, +4.511887E-05, -1.699809E-10, 0.981266, 0.0165406, 0.415041, 0.966
1682023587.3338616, -3.2, 1.643714e-05, 1.43026e-06, 1.386456e-05, 4.71217, 0, 0, 0, +4.511887E-05, -1.699809E-10, 0.981266, 0.0165406, 0.415041, 0.966
1682023593.843322, 3.2, 5.469761e-06, 1.137927e-06, 5.653665e-06, 11.75216, 0, 0, 0, +4.511887E-05, -1.699809E-10, 0.981266, 0.0165406, 0.415041, 0.966
1682023600.3533378, -3.2, 1.35125e-05, 9.917608e-07, 1.325719e-05, 4.2435, 0, 0, 0, +4.511887E-05, -1.699809E-10, 0.981266, 0.0165406, 0.415041, 0.972
1682023606.8818681, 3.2, 7.809467e-06, 9.917608e-07, 9.505151e-06, 7.422464, 0, 0, 0, +4.511887E-05, -1.699809E-10, 0.981266, 0.0165406, 0.415041, 0.966
1682023613.3935862, -3.2, 1.877684e-05, 9.917608e-07, 1.837342e-05, 3.197431, 0, 0, 0, +4.511887E-05, -1.699809E-10, 0.981266, 0.0165406, 0.415041, 0.966
1682023636.0752814, 3.2, -4.035297e-06, 4.070959e-07, 4.239621e-06, 166.7695, 0, 0, 0, +4.138074E+00, -9.828805E-11, 0.980106, 0.0164796, 0.413881, 0.966
1682023642.5885248, -3.2, 4.446139e-06, 6.994284e-07, 5.991113e-06, 7.765298, 0, 0, 0, +4.138074E+00, -9.828805E-11, 0.980106, 0.0165406, 0.413881, 0.966
1682023649.0804834, 3.2, -5.058919e-06, 9.917608e-07, 3.552476e-06, 166.2297, 0, 0, 0, +4.138074E+00, -9.828805E-11, 0.980106, 0.0165406, 0.413881, 0.966
1682023655.58627, -3.2, 6.639614e-06, 6.994284e-07, 6.857936e-06, 6.812428, 0, 0, 0, +4.138074E+00, -9.828805E-11, 0.980106, 0.0165406, 0.413881, 0.966
1682023662.0814254, 3.2, -1.256896e-06, 6.994284e-07, 1.285707e-06, 114.1707, 0, 0, 0, +4.138074E+00, -9.828805E-11, 0.980106, 0.0164796, 0.413881, 0.966
1682023668.5978467, -3.2, 6.493382e-06, 8.455946e-07, 6.98346e-06, 11.15159, 0, 0, 0, +4.138074E+00, -9.828805E-11, 0.980106, 0.0165406, 0.413881, 0.966
1682023675.0818026, 3.2, -4.473993e-06, 8.455946e-07, 3.951459e-06, 167.5114, 0, 0, 0, +4.138074E+00, -9.828805E-11, 0.980106, 0.0164796, 0.413881, 0.966
1682023681.5937963, -3.2, 6.493382e-06, 8.455946e-07, 6.40323e-06, 8.348451, 0, 0, 0, +4.138074E+00, -9.828805E-11, 0.980106, 0.0165406, 0.413881, 0.966
1682023688.1061285, 3.2, -1.841823e-06, 9.917608e-07, 2.164992e-06, 130.2824, 0, 0, 0, +4.138074E+00, -9.828805E-11, 0.980106, 0.0164796, 0.413881, 0.966
1682023694.586331, -3.2, 6.785846e-06, 8.455946e-07, 6.135375e-06, 9.086796, 0, 0, 0, +4.138074E+00, -9.828805E-11, 0.980106, 0.0165406, 0.413881, 0.966
1682023701.0878422, 3.2, -1.695591e-06, 6.994284e-07, 2.894426e-06, 158.3409, 0, 0, 0, +4.138074E+00, -9.828805E-11, 0.980106, 0.0164796, 0.413881, 0.966
1682023707.6118343, -3.2, 5.908456e-06, 9.917608e-07, 6.017036e-06, 10.01494, 0, 0, 0, +4.138074E+00, -9.828805E-11, 0.980106, 0.0165406, 0.413881, 0.966
1682023714.1172805, 3.2, -4.327761e-06, 8.455946e-07, 3.219483e-06, 165.6937, 0, 0, 0, +4.138074E+00, -9.828805E-11, 0.980106, 0.0164796, 0.413881, 0.966
1682023720.63829, -3.2, 3.130054e-06, 8.455946e-07, 2.92252e-06, 15.82236, 0, 0, 0, +4.138074E+00, -9.828805E-11, 0.980106, 0.0164796, 0.413881, 0.966
1682023727.129219, 3.2, -5.351383e-06, 9.917608e-07, 5.586354e-06, 167.9953, 0, 0, 0, +4.138074E+00, -9.828805E-11, 0.980106, 0.0165406, 0.413881, 0.966
1682023733.6352787, -3.2, 1.521506e-06, 8.455946e-07, 1.899963e-06, 30.73886, 0, 0, 0, +4.138074E+00, -9.828805E-11, 0.980106, 0.0165406, 0.413881, 0.966
1682023740.1247125, 3.2, -4.620224e-06, 9.917608e-07, 4.758293e-06, 165.2683, 0, 0, 0, +4.138074E+00, -9.828805E-11, 0.980106, 0.0165406, 0.413881, 0.966
1682023746.6592786, -3.2, 3.714981e-06, 8.455946e-07, 3.383214e-06, 24.08943, 0, 0, 0, +4.138074E+00, -9.828805E-11, 0.980106, 0.0164796, 0.413881, 0.966
1682023753.1742203, 3.2, -5.497614e-06, 1.137927e-06, 6.331863e-06, 172.6118, 0, 0, 0, +4.138074E+00, -9.828805E-11, 0.980106, 0.0165406, 0.413881, 0.966
1682023759.695297, -3.2, 1.960201e-06, 9.917608e-07, 2.922036e-06, 30.13583, 0, 0, 0, +4.138074E+00, -9.828805E-11, 0.980106, 0.0165406, 0.413881, 0.966
1682023766.1862924, 3.2, -4.473993e-06, 8.455946e-07, 4.836539e-06, 167.8849, 0, 0, 0, +4.138074E+00, -9.828805E-11, 0.980106, 0.0164796, 0.413881, 0.966
1682023772.712311, -3.2, 3.568749e-06, 1.137927e-06, 3.207248e-06, 13.84663, 0, 0, 0, +4.138074E+00, -9.828805E-11, 0.980106, 0.0165406, 0.413881, 0.966
1682023779.226283, 3.2, -6.082541e-06, 9.917608e-07, 7.630187e-06, 172.4443, 0, 0, 0, +4.138074E+00, -9.828805E-11, 0.980106, 0.0164796, 0.413881, 0.966
1682023785.7373378, -3.2, 2.252664e-06, 9.917608e-07, 1.491836e-06, 25.21222, 0, 0, 0, +4.138074E+00, -9.828805E-11, 0.980106, 0.0164796, 0.413881, 0.966
1682023792.2218158, 3.2, -4.620224e-06, 1.284093e-06, 4.266171e-06, 166.5727, 0, 0, 0, +4.138074E+00, -9.828805E-11, 0.980106, 0.0165406, 0.413881, 0.966
1682023798.7252808, -3.2, 4.884834e-06, 9.917608e-07, 4.555408e-06, 10.6624, 0, 0, 0, +4.138074E+00, -9.828805E-11, 0.980106, 0.0164796, 0.413881, 0.966
1682023805.2392704, 3.2, -4.035297e-06, 9.917608e-07, 3.837165e-06, 163.0892, 0, 0, 0, +4.138074E+00, -9.828805E-11, 0.980106, 0.0164796, 0.413881, 0.966
1682023811.7383235, -3.2, 4.884834e-06, 1.137927e-06, 5.558946e-06, 13.21164, 0, 0, 0, +4.138074E+00, -9.828805E-11, 0.980106, 0.0165406, 0.413881, 0.966
1682023818.2597299, 3.2, -2.719212e-06, 1.284093e-06, 2.366697e-06, 157.7712, 0, 0, 0, +4.138074E+00, -9.828805E-11, 0.980106, 0.0164796, 0.413881, 0.966
1682023824.772324, -3.2, 5.908456e-06, 1.137927e-06, 5.679296e-06, 6.435437, 0, 0, 0, +4.138074E+00, -9.828805E-11, 0.980106, 0.0164796, 0.413881, 0.966
1682023831.2732623, 3.2, -2.134286e-06, 9.917608e-07, 3.30998e-06, 159.3015, 0, 0, 0, +4.138074E+00, -9.828805E-11, 0.980106, 0.0164796, 0.413881, 0.966
1682023837.7682972, -3.2, 6.493382e-06, 1.137927e-06, 6.258309e-06, 9.725125, 0, 0, 0, +4.138074E+00, -9.828805E-11, 0.980106, 0.0165406, 0.413881, 0.966
1682023844.2747765, 3.2, -1.256896e-06, 8.455946e-07, 1.76509e-06, 155.0766, 0, 0, 0, +4.138074E+00, -9.828805E-11, 0.980106, 0.0165406, 0.413881, 0.966
1682023850.7621815, -3.2, 1.263511e-05, 9.917608e-07, 1.296556e-05, 5.740784, 0, 0, 0, +4.138074E+00, -9.828805E-11, 0.980106, 0.0165406, 0.413881, 0.966
1682023857.2672856, 3.2, 3.130054e-06, 9.917608e-07, 2.018967e-06, 33.09745, 0, 0, 0, +4.138074E+00, -9.828805E-11, 0.980106, 0.0164796, 0.413881, 0.966
1682023863.7942848, -3.2, 1.131903e-05, 1.137927e-06, 1.063422e-05, 5.208215, 0, 0, 0, +4.138074E+00, -9.828805E-11, 0.980106, 0.0164796, 0.413881, 0.966
1682023870.300118, 3.2, 3.276286e-06, 1.137927e-06, 2.668359e-06, 23.28471, 0, 0, 0, +4.138074E+00, -9.828805E-11, 0.980106, 0.0164796, 0.413881, 0.966
1682023876.8158133, -3.2, 9.564247e-06, 1.137927e-06, 9.341352e-06, 7.532966, 0, 0, 0, +4.138074E+00, -9.828805E-11, 0.980106, 0.0164796, 0.413881, 0.966
1682023883.30027, 3.2, 4.884834e-06, 9.917608e-07, 5.015624e-06, 13.92963, 0, 0, 0, +4.138074E+00, -9.828805E-11, 0.980106, 0.0164796, 0.413881, 0.966
1682023889.7786868, -3.2, 1.731453e-05, 1.137927e-06, 1.809131e-05, 3.197431, 0, 0, 0, +4.138074E+00, -9.828805E-11, 0.980106, 0.0164796, 0.413881, 0.966
1682023896.2733436, 3.2, 7.517004e-06, 1.284093e-06, 8.307573e-06, 9.693988, 0, 0, 0, +4.138074E+00, -9.828805E-11, 0.980106, 0.0165406, 0.413881, 0.966
1682023902.7643428, -3.2, 1.555975e-05, 9.917608e-07, 1.632107e-05, 2.998188, 0, 0, 0, +4.138074E+00, -9.828805E-11, 0.980106, 0.0165406, 0.413881, 0.966
1682023909.2808146, 3.2, 6.639614e-06, 1.137927e-06, 7.458094e-06, 6.812428, 0, 0, 0, +4.138074E+00, -9.828805E-11, 0.980106, 0.0164796, 0.413881, 0.966
1682023915.7916105, -3.2, 1.468236e-05, 1.137927e-06, 1.505757e-05, 4.388205, 0, 0, 0, +4.138074E+00, -9.828805E-11, 0.980106, 0.0165406, 0.413881, 0.966
1682023922.3112764, 3.2, 6.785846e-06, 9.917608e-07, 6.762645e-06, 7.257889, 0, 0, 0, +4.138074E+00, -9.828805E-11, 0.980106, 0.0164796, 0.413881, 0.966
1682023928.8108213, -3.2, 1.62909e-05, 8.455946e-07, 1.559132e-05, 3.081774, 0, 0, 0, +4.138074E+00, -9.828805E-11, 0.980167, 0.0165406, 0.413942, 0.966
1682023935.288813, 3.2, 7.370772e-06, 9.917608e-07, 7.87219e-06, 8.608099, 0, 0, 0, +4.138074E+00, -9.828805E-11, 0.980106, 0.0164796, 0.413881, 0.966
1682023941.7949746, -3.2, 1.438989e-05, 9.917608e-07, 1.603886e-05, 4.388205, 0, 0, 0, +4.138074E+00, -9.828805E-11, 0.980106, 0.0164796, 0.413881, 0.966
1682023948.271828, 3.2, 7.224541e-06, 8.455946e-07, 7.050006e-06, 10.9458, 0, 0, 0, +4.138074E+00, -9.828805E-11, 0.980106, 0.0165406, 0.413881, 0.966
1682023954.7808595, -3.2, 1.380497e-05, 8.455946e-07, 1.442403e-05, 3.505155, 0, 0, 0, +4.138074E+00, -9.828805E-11, 0.980106, 0.0164796, 0.413881, 0.966
1682023961.2933388, 3.2, 5.908456e-06, 1.137927e-06, 5.390269e-06, 14.35589, 0, 0, 0, +4.138074E+00, -9.828805E-11, 0.980106, 0.0164796, 0.413881, 0.966
1682023967.800735, -3.2, 1.248888e-05, 1.137927e-06, 1.356033e-05, 4.901133, 0, 0, 0, +4.138074E+00, -9.828805E-11, 0.980106, 0.0165406, 0.413881, 0.966
1682023974.3072686, 3.2, 7.370772e-06, 9.917608e-07, 7.582147e-06, 5.024263, 0, 0, 0, +4.138074E+00, -9.828805E-11, 0.980167, 0.0165406, 0.413942, 0.966
1682023980.8175404, -3.2, 1.71683e-05, 1.137927e-06, 1.732865e-05, 3.095645, 0, 0, 0, +4.138074E+00, -9.828805E-11, 0.980167, 0.0164796, 0.413942, 0.966
1682023987.3018806, 3.2, 7.955699e-06, 9.917608e-07, 8.743287e-06, 7.422464, 0, 0, 0, +4.138074E+00, -9.828805E-11, 0.980106, 0.0165406, 0.413881, 0.966
1682023993.8053215, -3.2, 1.848438e-05, 1.137927e-06, 1.851097e-05, 4.103326, 0, 0, 0, +4.138074E+00, -9.828805E-11, 0.980106, 0.0164796, 0.413881, 0.966
1682024000.3307822, 3.2, 8.248162e-06, 1.137927e-06, 8.781252e-06, 5.853464, 0, 0, 0, +4.138074E+00, -9.828805E-11, 0.980106, 0.0165406, 0.413881, 0.966
1682024006.821774, -3.2, 1.71683e-05, 9.917608e-07, 1.735188e-05, 3.760125, 0, 0, 0, +4.138074E+00, -9.828805E-11, 0.980106, 0.0165406, 0.413881, 0.966
1682024013.3318133, 3.2, 7.809467e-06, 8.455946e-07, 8.083241e-06, 9.51943, 0, 0, 0, +4.138074E+00, -9.828805E-11, 0.980106, 0.0164796, 0.413881, 0.966
1682024019.8500729, -3.2, 1.278134e-05, 9.917608e-07, 1.267397e-05, 4.290264, 0, 0, 0, +4.138074E+00, -9.828805E-11, 0.980106, 0.0164796, 0.413881, 0.966
1682024042.5113177, 3.2, -4.620224e-06, 5.532622e-07, 4.840882e-06, 174.4394, 0, 0, 0, +8.276482E+00, -7.672973E-11, 0.978947, 0.0164186, 0.412661, 0.966
1682024049.0072703, -3.2, 6.785846e-06, 5.532622e-07, 4.669572e-06, 5.098577, 0, 0, 0, +8.276482E+00, -7.672973E-11, 0.978947, 0.0164796, 0.412661, 0.966
1682024055.5278635, 3.2, -3.596602e-06, 5.532622e-07, 3.694669e-06, 165.159, 0, 0, 0, +8.276482E+00, -7.672973E-11, 0.978947, 0.0164796, 0.412661, 0.966
1682024062.0352826, -3.2, 4.446139e-06, 6.994284e-07, 6.068358e-06, 4.146043, 0, 0, 0, +8.276482E+00, -7.672973E-11, 0.978947, 0.0164796, 0.412661, 0.966
1682024068.5393634, 3.2, -2.865444e-06, 5.532622e-07, 2.774926e-06, 169.0717, 0, 0, 0, +8.276482E+00, -7.672973E-11, 0.978947, 0.0164796, 0.412661, 0.966
1682024075.0263114, -3.2, 6.347151e-06, 8.455946e-07, 6.498623e-06, 6.288373, 0, 0, 0, +8.276482E+00, -7.672973E-11, 0.978947, 0.0164796, 0.412661, 0.966
1682024081.527294, 3.2, -2.719212e-06, 5.532622e-07, 3.269161e-06, 168.5408, 0, 0, 0, +8.276482E+00, -7.672973E-11, 0.978947, 0.0164796, 0.412661, 0.966
1682024088.0272799, -3.2, 6.054688e-06, 8.455946e-07, 5.788724e-06, 7.693808, 0, 0, 0, +8.276482E+00, -7.672973E-11, 0.978947, 0.0164796, 0.412661, 0.966
1682024094.5273416, 3.2, -1.256896e-06, 5.532622e-07, 1.111858e-06, 138.7564, 0, 0, 0, +8.276482E+00, -7.672973E-11, 0.978947, 0.0164796, 0.412661, 0.966
1682024101.0453274, -3.2, 7.955699e-06, 6.994284e-07, 7.258318e-06, 4.469325, 0, 0, 0, +8.276482E+00, -7.672973E-11, 0.978947, 0.0164796, 0.412661, 0.966
1682024107.5542815, 3.2, -9.644325e-07, 8.455946e-07, 2.43224e-06, 159.6557, 0, 0, 0, +8.276482E+00, -7.672973E-11, 0.978947, 0.0164796, 0.412661, 0.966
1682024114.0578249, -3.2, 7.517004e-06, 5.532622e-07, 7.674041e-06, 3.09992, 0, 0, 0, +8.276482E+00, -7.672973E-11, 0.978947, 0.0164796, 0.412661, 0.966
1682024120.5563362, 3.2, -5.257375e-07, 8.455946e-07, 1.076407e-06, 142.2482, 0, 0, 0, +8.276482E+00, -7.672973E-11, 0.978947, 0.0164796, 0.412661, 0.966
1682024127.0682728, -3.2, 6.932077e-06, 8.455946e-07, 6.644739e-06, 5.221045, 0, 0, 0, +8.276482E+00, -7.672973E-11, 0.978947, 0.0164796, 0.412661, 0.966
1682024133.5753274, 3.2, -2.280517e-06, 1.137927e-06, 2.221699e-06, 146.134, 0, 0, 0, +8.276482E+00, -7.672973E-11, 0.978947, 0.0164796, 0.412661, 0.966
1682024140.0762982, -3.2, 6.932077e-06, 8.455946e-07, 6.385571e-06, 6.288373, 0, 0, 0, +8.276482E+00, -7.672973E-11, 0.978947, 0.0164796, 0.412661, 0.966
1682024146.5708396, 3.2, -3.450371e-06, 8.455946e-07, 2.621584e-06, 167.8646, 0, 0, 0, +8.276482E+00, -7.672973E-11, 0.978947, 0.0164796, 0.412661, 0.966
1682024153.0762928, -3.2, 5.908456e-06, 6.994284e-07, 5.991113e-06, 7.765298, 0, 0, 0, +8.276482E+00, -7.672973E-11, 0.978947, 0.0164796, 0.412661, 0.966
1682024159.591829, 3.2, -6.719692e-07, 4.070959e-07, 9.138817e-07, 144.0495, 0, 0, 0, +8.276482E+00, -7.672973E-11, 0.978947, 0.0164796, 0.412661, 0.966
1682024166.1018562, -3.2, 6.200919e-06, 8.455946e-07, 6.240241e-06, 8.14196, 0, 0, 0, +8.276482E+00, -7.672973E-11, 0.978947, 0.0164796, 0.412661, 0.966
1682024172.627291, 3.2, -2.865444e-06, 8.455946e-07, 2.34667e-06, 161.8072, 0, 0, 0, +8.276482E+00, -7.672973E-11, 0.978947, 0.0164796, 0.412661, 0.966
1682024179.1198008, -3.2, 5.908456e-06, 5.532622e-07, 5.94971e-06, 7.765298, 0, 0, 0, +8.276482E+00, -7.672973E-11, 0.978947, 0.0164796, 0.412661, 0.966
1682024185.6214688, 3.2, -2.426749e-06, 4.070959e-07, 2.774926e-06, 166.2828, 0, 0, 0, +8.276482E+00, -7.672973E-11, 0.978947, 0.0165406, 0.412661, 0.972
1682024192.1493354, -3.2, 4.884834e-06, 8.455946e-07, 6.360192e-06, 3.587404, 0, 0, 0, +8.276482E+00, -7.672973E-11, 0.978947, 0.0164796, 0.412661, 0.966
1682024198.6627305, 3.2, -4.912687e-06, 6.994284e-07, 4.239621e-06, 167.0928, 0, 0, 0, +8.276482E+00, -7.672973E-11, 0.978947, 0.0164796, 0.412661, 0.966
1682024205.1692863, -3.2, 7.955699e-06, 6.994284e-07, 8.258202e-06, 5.752186, 0, 0, 0, +8.276482E+00, -7.672973E-11, 0.978947, 0.0164796, 0.412661, 0.966
1682024211.6439412, 3.2, 5.918914e-08, 6.994284e-07, 9.957058e-07, 108.4446, 0, 0, 0, +8.276482E+00, -7.672973E-11, 0.978947, 0.0164796, 0.412661, 0.966
1682024218.1252997, -3.2, 7.955699e-06, 5.532622e-07, 9.298127e-06, 4.45396, 0, 0, 0, +8.276482E+00, -7.672973E-11, 0.978886, 0.0164796, 0.412661, 0.966
1682024224.6372945, 3.2, 3.516525e-07, 8.455946e-07, 9.158001e-07, 76.3456, 0, 0, 0, +8.276482E+00, -7.672973E-11, 0.978886, 0.0164796, 0.412661, 0.966
1682024231.141717, -3.2, 9.564247e-06, 5.532622e-07, 9.589788e-06, 2.683113, 0, 0, 0, +8.276482E+00, -7.672973E-11, 0.978947, 0.0164796, 0.412661, 0.966
1682024237.6633, 3.2, 3.516525e-07, 6.994284e-07, 1.052259e-06, 86.58458, 0, 0, 0, +8.276482E+00, -7.672973E-11, 0.978886, 0.0164796, 0.412661, 0.966
1682024244.1728184, -3.2, 8.833089e-06, 5.532622e-07, 8.743287e-06, 6.40622, 0, 0, 0, +8.276482E+00, -7.672973E-11, 0.978947, 0.0164796, 0.412661, 0.966
1682024250.6693418, 3.2, -1.695591e-06, 5.532622e-07, 1.076407e-06, 142.7165, 0, 0, 0, +8.276482E+00, -7.672973E-11, 0.978947, 0.0164796, 0.412661, 0.966
1682024257.1742887, -3.2, 8.394394e-06, 4.070959e-07, 7.855114e-06, 7.374118, 0, 0, 0, +8.276482E+00, -7.672973E-11, 0.978886, 0.0164796, 0.412661, 0.966
1682024263.6818147, 3.2, -1.841823e-06, 6.994284e-07, 1.970155e-06, 124.1197, 0, 0, 0, +8.276482E+00, -7.672973E-11, 0.978947, 0.0164796, 0.412661, 0.966
1682024270.1768131, -3.2, 9.125552e-06, 6.994284e-07, 1.003862e-05, 5.581131, 0, 0, 0, +8.276482E+00, -7.672973E-11, 0.978886, 0.0164796, 0.412661, 0.966
1682024276.6672187, 3.2, 7.903475e-07, 5.532622e-07, 9.955731e-07, 83.89359, 0, 0, 0, +8.276482E+00, -7.672973E-11, 0.978947, 0.0164796, 0.412661, 0.966
1682024283.1644309, -3.2, 7.809467e-06, 5.532622e-07, 7.537337e-06, 4.661118, 0, 0, 0, +8.276482E+00, -7.672973E-11, 0.978947, 0.0164796, 0.412661, 0.966
1682024289.6756654, 3.2, -6.719692e-07, 8.455946e-07, 1.08008e-06, 118.484, 0, 0, 0, +8.276482E+00, -7.672973E-11, 0.978947, 0.0164796, 0.412661, 0.966
1682024296.1928082, -3.2, 9.710478e-06, 4.070959e-07, 9.4559e-06, 4.681748, 0, 0, 0, +8.276482E+00, -7.672973E-11, 0.978947, 0.0164796, 0.412661, 0.966
1682024302.700281, 3.2, -9.644325e-07, 6.994284e-07, 2.107501e-06, 166.4993, 0, 0, 0, +8.276482E+00, -7.672973E-11, 0.978947, 0.0164796, 0.412661, 0.966
1682024309.1782746, -3.2, 7.517004e-06, 8.455946e-07, 7.419118e-06, 5.420687, 0, 0, 0, +8.276482E+00, -7.672973E-11, 0.978947, 0.0164796, 0.412661, 0.966
1682024315.689741, 3.2, -2.572981e-06, 4.070959e-07, 2.847656e-06, 159.6557, 0, 0, 0, +8.276482E+00, -7.672973E-11, 0.978947, 0.0164796, 0.412661, 0.966
1682024322.1813252, -3.2, 6.347151e-06, 5.532622e-07, 6.676352e-06, 6.544512, 0, 0, 0, +8.276482E+00, -7.672973E-11, 0.978947, 0.0164796, 0.412661, 0.966
1682024328.6732082, 3.2, -3.596602e-06, 9.917608e-07, 3.03222e-06, 161.773, 0, 0, 0, +8.276482E+00, -7.672973E-11, 0.978947, 0.0164796, 0.412661, 0.966
1682024335.1766198, -3.2, 1.082811e-06, 9.917608e-07, 7.957542e-07, 103.2361, 0, 0, 0, +8.276482E+00, -7.672973E-11, 0.978947, 0.0164796, 0.412661, 0.966
1682024341.674849, 3.2, -3.157907e-06, 6.994284e-07, 3.039065e-06, 170.4943, 0, 0, 0, +8.276482E+00, -7.672973E-11, 0.978947, 0.0165406, 0.412661, 0.972
1682024348.1642761, -3.2, 5.031066e-06, 8.455946e-07, 5.497671e-06, 9.276067, 0, 0, 0, +8.276482E+00, -7.672973E-11, 0.978947, 0.0164796, 0.412661, 0.966
1682024354.6528456, 3.2, -4.181529e-06, 6.994284e-07, 3.694669e-06, 169.4151, 0, 0, 0, +8.276482E+00, -7.672973E-11, 0.978947, 0.0164796, 0.412722, 0.966
1682024361.157345, -3.2, 5.177298e-06, 8.455946e-07, 6.135375e-06, 9.528526, 0, 0, 0, +8.276482E+00, -7.672973E-11, 0.978947, 0.0164796, 0.412722, 0.966
1682024367.6673005, 3.2, -2.426749e-06, 8.455946e-07, 1.970155e-06, 158.9207, 0, 0, 0, +8.276482E+00, -7.672973E-11, 0.978947, 0.0164796, 0.412661, 0.966
1682024374.1692948, -3.2, 7.078309e-06, 9.917608e-07, 6.676352e-06, 8.314987, 0, 0, 0, +8.276482E+00, -7.672973E-11, 0.978947, 0.0164796, 0.412661, 0.966
1682024380.670783, 3.2, -1.403127e-06, 6.994284e-07, 2.026658e-06, 161.8555, 0, 0, 0, +8.276482E+00, -7.672973E-11, 0.978947, 0.0164796, 0.412722, 0.966
1682024387.1833036, -3.2, 7.663236e-06, 5.532622e-07, 8.132065e-06, 5.024263, 0, 0, 0, +8.276482E+00, -7.672973E-11, 0.978947, 0.0164796, 0.412722, 0.966
1682024393.6691024, 3.2, -1.256896e-06, 6.994284e-07, 2.486835e-06, 157.5839, 0, 0, 0, +8.276482E+00, -7.672973E-11, 0.978947, 0.0164796, 0.412661, 0.966
1682024400.175342, -3.2, 7.809467e-06, 4.070959e-07, 7.855114e-06, 5.529734, 0, 0, 0, +8.276482E+00, -7.672973E-11, 0.978947, 0.0164796, 0.412661, 0.966
1682024406.688277, 3.2, -2.572981e-06, 5.532622e-07, 1.970155e-06, 154.8776, 0, 0, 0, +8.276482E+00, -7.672973E-11, 0.978947, 0.0164796, 0.412661, 0.966
1682024413.2243533, -3.2, 7.078309e-06, 9.917608e-07, 8.145938e-06, 6.06707, 0, 0, 0, +8.276482E+00, -7.672973E-11, 0.978947, 0.0164796, 0.412661, 0.966
1682024419.7406874, 3.2, -3.450371e-06, 5.532622e-07, 4.01353e-06, 167.7332, 0, 0, 0, +8.276482E+00, -7.672973E-11, 0.978947, 0.0164796, 0.412722, 0.966
1682024426.252807, -3.2, 5.469761e-06, 8.455946e-07, 4.984495e-06, 7.286971, 0, 0, 0, +8.276482E+00, -7.672973E-11, 0.978947, 0.0164796, 0.412661, 0.966
1682024448.9133036, 3.2, -7.544857e-06, 5.532622e-07, 6.522246e-06, 176.3461, 0, 0, 0, +1.241429E+01, +5.322360E-10, 0.977604, 0.0164186, 0.411379, 0.966
1682024455.4212713, -3.2, 1.960201e-06, 1.147635e-07, 2.691542e-06, 5.853584, 0, 0, 0, +1.241429E+01, +5.322360E-10, 0.977604, 0.0164796, 0.411379, 0.966
1682024461.9378378, 3.2, -4.766456e-06, 1.147635e-07, 5.060221e-06, 177.0474, 0, 0, 0, +1.241429E+01, +5.322360E-10, 0.977604, 0.0164796, 0.411379, 0.966
1682024468.4553401, -3.2, 5.031066e-06, -3.140275e-08, 6.639688e-06, 0.9902393, 0, 0, 0, +1.241429E+01, +5.322360E-10, 0.977604, 0.0164796, 0.411379, 0.966
1682024474.9622767, 3.2, -2.865444e-06, 1.147635e-07, 3.742966e-06, 178.2437, 0, 0, 0, +1.241429E+01, +5.322360E-10, 0.977604, 0.0164796, 0.411379, 0.966
1682024481.4742887, -3.2, 4.153676e-06, -3.140275e-08, 4.884935e-06, 1.269849, 0, 0, 0, +1.241429E+01, +5.322360E-10, 0.977604, 0.0164796, 0.411379, 0.966
1682024487.98585, 3.2, -5.643846e-06, -1.77569e-07, 6.088135e-06, 179.1113, 0, 0, 0, +1.241429E+01, +5.322360E-10, 0.977604, 0.0164796, 0.411379, 0.966
1682024494.4883332, -3.2, 2.398896e-06, 2.609297e-07, 3.140911e-06, 359.534, 0, 0, 0, +1.241429E+01, +5.322360E-10, 0.977604, 0.0164796, 0.411379, 0.966
1682024501.0062675, 3.2, -6.375004e-06, 4.070959e-07, 6.668455e-06, 176.4279, 0, 0, 0, +1.241429E+01, +5.322360E-10, 0.977604, 0.0164796, 0.411379, 0.966
1682024507.4932508, -3.2, 2.691359e-06, 2.609297e-07, 3.570594e-06, 2.202618, 0, 0, 0, +1.241429E+01, +5.322360E-10, 0.977604, 0.0164796, 0.411379, 0.966
1682024513.9892125, 3.2, -6.375004e-06, 1.147635e-07, 6.376037e-06, 175.0399, 0, 0, 0, +1.241429E+01, +5.322360E-10, 0.977604, 0.0164796, 0.411379, 0.966
1682024520.4992933, -3.2, 2.983822e-06, 2.609297e-07, 3.424441e-06, 1.640364, 0, 0, 0, +1.241429E+01, +5.322360E-10, 0.977604, 0.0164796, 0.411379, 0.966
1682024527.019284, 3.2, -3.889066e-06, 1.147635e-07, 4.335619e-06, 174.0242, 0, 0, 0, +1.241429E+01, +5.322360E-10, 0.977604, 0.0164796, 0.411379, 0.966
1682024533.5166144, -3.2, 5.908456e-06, -1.77569e-07, 5.324766e-06, 4.626091, 0, 0, 0, +1.241429E+01, +5.322360E-10, 0.977604, 0.0164796, 0.411379, 0.966
1682024540.0273373, 3.2, -3.596602e-06, 2.609297e-07, 4.335619e-06, 172.4629, 0, 0, 0, +1.241429E+01, +5.322360E-10, 0.977604, 0.0164796, 0.411379, 0.966
1682024546.5218706, -3.2, 5.031066e-06, 4.070959e-07, 5.618799e-06, 357.9786, 0, 0, 0, +1.241429E+01, +5.322360E-10, 0.977665, 0.0164796, 0.411379, 0.966
1682024553.0253425, 3.2, -4.181529e-06, 1.147635e-07, 4.201299e-06, 173.271, 0, 0, 0, +1.241429E+01, +5.322360E-10, 0.977604, 0.0164796, 0.411379, 0.966
1682024559.5407553, -3.2, 4.884834e-06, 5.532622e-07, 4.48043e-06, 1.702451, 0, 0, 0, +1.241429E+01, +5.322360E-10, 0.977604, 0.0164796, 0.411379, 0.966
1682024566.0176635, 3.2, -3.304139e-06, 4.070959e-07, 3.350139e-06, 172.6543, 0, 0, 0, +1.241429E+01, +5.322360E-10, 0.977604, 0.0164796, 0.411379, 0.966
1682024572.5172892, -3.2, 5.762224e-06, 2.609297e-07, 6.640606e-06, 3.587404, 0, 0, 0, +1.241429E+01, +5.322360E-10, 0.977604, 0.0164186, 0.411379, 0.966
1682024579.0172822, 3.2, -4.035297e-06, 5.532622e-07, 3.619569e-06, 176.0121, 0, 0, 0, +1.241429E+01, +5.322360E-10, 0.977604, 0.0164796, 0.411379, 0.966
1682024585.4973478, -3.2, 5.469761e-06, 4.070959e-07, 3.43245e-06, 359.534, 0, 0, 0, +1.241429E+01, +5.322360E-10, 0.977604, 0.0164796, 0.411379, 0.966
1682024591.9528859, 3.2, -5.205151e-06, 1.147635e-07, 5.211686e-06, 175.8743, 0, 0, 0, +1.241429E+01, +5.322360E-10, 0.977604, 0.0164796, 0.411379, 0.966
1682024598.457594, -3.2, 5.323529e-06, 4.070959e-07, 4.453789e-06, 4.910255, 0, 0, 0, +1.241429E+01, +5.322360E-10, 0.977604, 0.0164796, 0.411379, 0.966
1682024604.9656594, 3.2, -4.327761e-06, 1.147635e-07, 3.598433e-06, 178.3709, 0, 0, 0, +1.241429E+01, +5.322360E-10, 0.977604, 0.0164796, 0.411379, 0.966
1682024611.4842978, -3.2, 3.276286e-06, 2.609297e-07, 4.161863e-06, 3.866007, 0, 0, 0, +1.241429E+01, +5.322360E-10, 0.977604, 0.0164796, 0.411379, 0.966
1682024617.9777908, 3.2, -6.082541e-06, 6.994284e-07, 6.083623e-06, 175.6497, 0, 0, 0, +1.241429E+01, +5.322360E-10, 0.977604, 0.0164796, 0.411379, 0.966
1682024624.4505308, -3.2, 5.762224e-06, 4.070959e-07, 6.055775e-06, 0.9689043, 0, 0, 0, +1.241429E+01, +5.322360E-10, 0.977604, 0.0164796, 0.411379, 0.966
1682024630.9833462, 3.2, -4.473993e-06, 2.609297e-07, 4.627586e-06, 178.6207, 0, 0, 0, +1.241429E+01, +5.322360E-10, 0.977604, 0.0164796, 0.411379, 0.966
1682024637.452518, -3.2, 4.299907e-06, 5.532622e-07, 6.068358e-06, 2.885198, 0, 0, 0, +1.241429E+01, +5.322360E-10, 0.977604, 0.0164796, 0.411379, 0.966
1682024643.9378312, 3.2, -2.426749e-06, 4.070959e-07, 3.474303e-06, 172.3018, 0, 0, 0, +1.241429E+01, +5.322360E-10, 0.977604, 0.0164796, 0.411379, 0.966
1682024650.4333467, -3.2, 3.276286e-06, 2.609297e-07, 4.300022e-06, 8.940013, 0, 0, 0, +1.241429E+01, +5.322360E-10, 0.977604, 0.0164796, 0.411379, 0.966
1682024656.925463, 3.2, -4.912687e-06, 2.609297e-07, 4.943744e-06, 173.379, 0, 0, 0, +1.241429E+01, +5.322360E-10, 0.977604, 0.0164796, 0.411379, 0.966
1682024663.4008758, -3.2, 6.200919e-06, 4.070959e-07, 5.763367e-06, 1.140982, 0, 0, 0, +1.241429E+01, +5.322360E-10, 0.977604, 0.0164796, 0.411379, 0.966
1682024669.895284, 3.2, -2.865444e-06, 2.609297e-07, 2.894218e-06, 172.3018, 0, 0, 0, +1.241429E+01, +5.322360E-10, 0.977604, 0.0164796, 0.411379, 0.966
1682024676.4103255, -3.2, 7.517004e-06, 2.609297e-07, 7.674041e-06, 4.379217, 0, 0, 0, +1.241429E+01, +5.322360E-10, 0.977604, 0.0164796, 0.411379, 0.966
1682024682.8783216, 3.2, -1.110664e-06, 5.532622e-07, 1.339e-06, 157.1149, 0, 0, 0, +1.241429E+01, +5.322360E-10, 0.977543, 0.0164186, 0.411318, 0.966
1682024689.380316, -3.2, 6.785846e-06, 4.070959e-07, 6.060307e-06, 2.409539, 0, 0, 0, +1.241429E+01, +5.322360E-10, 0.977543, 0.0164796, 0.411318, 0.966
1682024695.8733494, 3.2, -1.841823e-06, 5.532622e-07, 1.71555e-06, 173.863, 0, 0, 0, +1.241429E+01, +5.322360E-10, 0.977543, 0.0164796, 0.411318, 0.966
1682024702.3513691, -3.2, 5.469761e-06, 2.609297e-07, 5.76231e-06, 1.06028, 0, 0, 0, +1.241429E+01, +5.322360E-10, 0.977604, 0.0164796, 0.411379, 0.966
1682024708.8582747, 3.2, -3.011676e-06, 5.532622e-07, 3.168669e-06, 174.2393, 0, 0, 0, +1.241429E+01, +5.322360E-10, 0.977604, 0.0164796, 0.411379, 0.966
1682024715.3102376, -3.2, 3.130054e-06, 1.147635e-07, 2.866644e-06, 2.099809, 0, 0, 0, +1.241429E+01, +5.322360E-10, 0.977604, 0.0164796, 0.411379, 0.966
1682024721.8203335, 3.2, -8.422247e-06, 2.609297e-07, 7.555832e-06, 175.806, 0, 0, 0, +1.241429E+01, +5.322360E-10, 0.977604, 0.0164796, 0.411379, 0.966
1682024728.3538165, -3.2, 2.398896e-06, 6.994284e-07, 2.14541e-06, 5.853584, 0, 0, 0, +1.241429E+01, +5.322360E-10, 0.977543, 0.0164796, 0.411318, 0.966
1682024734.8558702, 3.2, -4.327761e-06, 4.070959e-07, 3.606055e-06, 178.0107, 0, 0, 0, +1.241429E+01, +5.322360E-10, 0.977604, 0.0164796, 0.411379, 0.966
1682024741.3377361, -3.2, 6.347151e-06, 2.609297e-07, 6.206406e-06, 2.528657, 0, 0, 0, +1.241429E+01, +5.322360E-10, 0.977604, 0.0164796, 0.411379, 0.966
1682024747.7883043, 3.2, -1.695591e-06, 1.147635e-07, 4.69195e-07, 205.0747, 0, 0, 0, +1.241429E+01, +5.322360E-10, 0.977604, 0.0164796, 0.411379, 0.966
1682024754.2928612, -3.2, 5.615992e-06, 2.609297e-07, 6.640606e-06, 358.501, 0, 0, 0, +1.241429E+01, +5.322360E-10, 0.977604, 0.0164796, 0.411379, 0.966
1682024760.787333, 3.2, -2.426749e-06, 2.609297e-07, 3.638908e-06, 173.863, 0, 0, 0, +1.241429E+01, +5.322360E-10, 0.977604, 0.0164796, 0.411379, 0.966
1682024767.2978156, -3.2, 4.738602e-06, 2.609297e-07, 4.453789e-06, 3.358654, 0, 0, 0, +1.241429E+01, +5.322360E-10, 0.977604, 0.0164796, 0.411379, 0.966
1682024773.8132985, 3.2, -6.813699e-06, 4.070959e-07, 7.117813e-06, 176.1068, 0, 0, 0, +1.241429E+01, +5.322360E-10, 0.977604, 0.0164796, 0.411379, 0.966
1682024780.3248858, -3.2, 2.252664e-06, 6.994284e-07, 1.757113e-06, 13.79891, 0, 0, 0, +1.241429E+01, +5.322360E-10, 0.977604, 0.0164796, 0.411379, 0.966
1682024786.8308792, 3.2, -5.790077e-06, 6.994284e-07, 8.148589e-06, 177.1333, 0, 0, 0, +1.241429E+01, +5.322360E-10, 0.977604, 0.0164796, 0.411379, 0.966
1682024793.3108387, -3.2, 4.299907e-06, 5.532622e-07, 5.484889e-06, 1.306745, 0, 0, 0, +1.241429E+01, +5.322360E-10, 0.977604, 0.0164796, 0.411379, 0.966
1682024799.8252852, 3.2, -3.011676e-06, -3.140275e-08, 3.062073e-06, 177.5833, 0, 0, 0, +1.241429E+01, +5.322360E-10, 0.977543, 0.0164796, 0.411318, 0.966
1682024806.3266811, -3.2, 3.714981e-06, 4.070959e-07, 4.745781e-06, 4.910255, 0, 0, 0, +1.241429E+01, +5.322360E-10, 0.977604, 0.0164796, 0.411379, 0.966
1682024812.8492773, 3.2, -5.497614e-06, 2.609297e-07, 5.832169e-06, 174.4012, 0, 0, 0, +1.241429E+01, +5.322360E-10, 0.977604, 0.0164796, 0.411379, 0.966
1682024819.339669, -3.2, 4.153676e-06, 2.609297e-07, 3.86134e-06, 3.866007, 0, 0, 0, +1.241429E+01, +5.322360E-10, 0.977604, 0.0164796, 0.411379, 0.966
1682024825.8103158, 3.2, -5.205151e-06, 4.070959e-07, 7.419283e-06, 177.8971, 0, 0, 0, +1.241429E+01, +5.322360E-10, 0.977604, 0.0164796, 0.411379, 0.966
1682024832.3132997, -3.2, 3.422517e-06, 4.070959e-07, 2.839911e-06, 10.6624, 0, 0, 0, +1.241429E+01, +5.322360E-10, 0.977604, 0.0164796, 0.411379, 0.966
1682024854.9503026, 3.2, -5.497614e-06, -3.237352e-07, 4.339852e-06, 184.278, 0, 0, 0, +1.655179E+01, +3.919852E-10, 0.976078, 0.0164186, 0.409853, 0.966
1682024861.4533398, -3.2, 3.861212e-06, -4.699014e-07, 3.146751e-06, 350.5972, 0, 0, 0, +1.655179E+01, +3.919852E-10, 0.976078, 0.0164796, 0.409853, 0.966
1682024867.955873, 3.2, -5.205151e-06, -3.237352e-07, 6.246472e-06, 185.6303, 0, 0, 0, +1.655179E+01, +3.919852E-10, 0.976139, 0.0164186, 0.409914, 0.966
1682024874.4431987, -3.2, 6.347151e-06, -4.699014e-07, 5.917319e-06, 357.0802, 0, 0, 0, +1.655179E+01, +3.919852E-10, 0.976139, 0.0164796, 0.409914, 0.966
1682024880.9353473, 3.2, -3.596602e-06, -1.77569e-07, 4.93511e-06, 185.6303, 0, 0, 0, +1.655179E+01, +3.919852E-10, 0.976139, 0.0164796, 0.409914, 0.966
1682024887.4597828, -3.2, 6.493382e-06, -4.699014e-07, 7.093889e-06, 356.423, 0, 0, 0, +1.655179E+01, +3.919852E-10, 0.976139, 0.0164796, 0.409914, 0.972
1682024893.9655924, 3.2, -2.280517e-06, -3.237352e-07, 4.250433e-06, 188.1018, 0, 0, 0, +1.655179E+01, +3.919852E-10, 0.976139, 0.0164796, 0.409914, 0.966
1682024900.4440634, -3.2, 4.884834e-06, -7.622339e-07, 5.649682e-06, 355.0898, 0, 0, 0, +1.655179E+01, +3.919852E-10, 0.976078, 0.0164796, 0.409853, 0.966
1682024906.9333282, 3.2, 1.229042e-06, -3.237352e-07, 1.098021e-06, 299.7178, 0, 0, 0, +1.655179E+01, +3.919852E-10, 0.976078, 0.0164796, 0.409853, 0.966
1682024913.4528155, -3.2, 1.058787e-05, -7.622339e-07, 1.003194e-05, 357.1873, 0, 0, 0, +1.655179E+01, +3.919852E-10, 0.976078, 0.0164796, 0.409853, 0.966
1682024919.9496238, 3.2, 1.229042e-06, -6.160677e-07, 1.698868e-06, 347.4244, 0, 0, 0, +1.655179E+01, +3.919852E-10, 0.976139, 0.0164186, 0.409914, 0.966
1682024926.4307032, -3.2, 1.190395e-05, -6.160677e-07, 1.235159e-05, 357.1759, 0, 0, 0, +1.655179E+01, +3.919852E-10, 0.976078, 0.0164796, 0.409853, 0.966
1682024932.9652836, 3.2, 2.054208e-07, -7.622339e-07, 1.002092e-06, 331.003, 0, 0, 0, +1.655179E+01, +3.919852E-10, 0.976078, 0.0164796, 0.409853, 0.966
1682024939.4828658, -3.2, 1.07341e-05, -4.699014e-07, 1.015073e-05, 356.6234, 0, 0, 0, +1.655179E+01, +3.919852E-10, 0.976078, 0.0164796, 0.409853, 0.966
1682024945.9701688, 3.2, -6.719692e-07, -7.622339e-07, 6.040133e-07, 196.8719, 0, 0, 0, +1.655179E+01, +3.919852E-10, 0.976078, 0.0164796, 0.409853, 0.966
1682024952.4581418, -3.2, -4.327761e-06, -9.084001e-07, 3.048114e-06, 193.6421, 0, 0, 0, +1.655179E+01, +3.919852E-10, 0.976078, 0.0164796, 0.409853, 0.972
1682024958.9470701, 3.2, -8.71471e-06, -9.084001e-07, 7.559476e-06, 183.5639, 0, 0, 0, +1.655179E+01, +3.919852E-10, 0.976078, 0.0164796, 0.409853, 0.972
1682024965.4418688, -3.2, 6.054688e-06, -6.160677e-07, 3.621534e-06, 353.8078, 0, 0, 0, +1.655179E+01, +3.919852E-10, 0.976139, 0.0164796, 0.409914, 0.972
1682024971.933262, 3.2, -7.252394e-06, -6.160677e-07, 6.4394e-06, 187.7584, 0, 0, 0, +1.655179E+01, +3.919852E-10, 0.976078, 0.0164796, 0.409853, 0.972
1682024978.4538138, -3.2, 6.441158e-07, -3.237352e-07, 8.540806e-07, 335.8695, 0, 0, 0, +1.655179E+01, +3.919852E-10, 0.976078, 0.0164796, 0.409853, 0.972
1682024984.9563377, 3.2, -8.129784e-06, -6.160677e-07, 7.599346e-06, 185.4538, 0, 0, 0, +1.655179E+01, +3.919852E-10, 0.976078, 0.0164796, 0.409853, 0.972
1682024991.458771, -3.2, 4.007444e-06, -4.699014e-07, 3.765716e-06, 348.4051, 0, 0, 0, +1.655179E+01, +3.919852E-10, 0.976078, 0.0164796, 0.409853, 0.966
1682024997.9383168, 3.2, -7.252394e-06, -4.699014e-07, 6.246472e-06, 183.5639, 0, 0, 0, +1.655179E+01, +3.919852E-10, 0.976078, 0.0164796, 0.409853, 0.966
1682025004.4597437, -3.2, 2.106432e-06, -7.622339e-07, 4.199114e-06, 351.8465, 0, 0, 0, +1.655179E+01, +3.919852E-10, 0.976078, 0.0164796, 0.409792, 0.966
1682025010.9542785, 3.2, -7.252394e-06, -4.699014e-07, 6.873986e-06, 188.4941, 0, 0, 0, +1.655179E+01, +3.919852E-10, 0.976078, 0.0164796, 0.409853, 0.966
1682025017.4872787, -3.2, 3.276286e-06, -4.699014e-07, 3.910051e-06, 350.2057, 0, 0, 0, +1.655179E+01, +3.919852E-10, 0.976078, 0.0164796, 0.409853, 0.966
1682025024.0183284, 3.2, -6.95993e-06, -4.699014e-07, 6.967456e-06, 183.7072, 0, 0, 0, +1.655179E+01, +3.919852E-10, 0.976078, 0.0164796, 0.409853, 0.966
1682025030.5133297, -3.2, 3.130054e-06, -7.622339e-07, 3.027215e-06, 348.8329, 0, 0, 0, +1.655179E+01, +3.919852E-10, 0.976139, 0.0164796, 0.409914, 0.966
1682025037.0312831, 3.2, -7.691089e-06, -3.237352e-07, 7.132818e-06, 185.7835, 0, 0, 0, +1.655179E+01, +3.919852E-10, 0.976078, 0.0164796, 0.409853, 0.966
1682025043.5318575, -3.2, 3.861212e-06, -7.622339e-07, 3.910051e-06, 346.903, 0, 0, 0, +1.655179E+01, +3.919852E-10, 0.976078, 0.0164796, 0.409853, 0.972
1682025050.037326, 3.2, -5.790077e-06, -4.699014e-07, 6.529267e-06, 183.7832, 0, 0, 0, +1.655179E+01, +3.919852E-10, 0.976078, 0.0164796, 0.409853, 0.966
1682025056.5172782, -3.2, 5.177298e-06, -4.699014e-07, 5.359058e-06, 340.1068, 0, 0, 0, +1.655179E+01, +3.919852E-10, 0.976139, 0.0164796, 0.409914, 0.966
1682025063.0372753, 3.2, -8.71471e-06, -1.77569e-07, 1.09183e-05, 182.4667, 0, 0, 0, +1.655179E+01, +3.919852E-10, 0.976078, 0.0164796, 0.409853, 0.966
1682025069.5498173, -3.2, 1.667737e-06, -4.699014e-07, 1.506956e-06, 322.064, 0, 0, 0, +1.655179E+01, +3.919852E-10, 0.976139, 0.0164796, 0.409914, 0.972
1682025076.0600395, 3.2, -9.007174e-06, -7.622339e-07, 9.780609e-06, 184.4096, 0, 0, 0, +1.655179E+01, +3.919852E-10, 0.976078, 0.0164796, 0.409853, 0.966
1682025082.566284, -3.2, 5.031066e-06, -9.084001e-07, 1.374803e-06, 333.3904, 0, 0, 0, +1.655179E+01, +3.919852E-10, 0.976139, 0.0164796, 0.409914, 0.966
1682025089.0612934, 3.2, -8.276015e-06, -6.160677e-07, 7.861497e-06, 184.4126, 0, 0, 0, +1.655179E+01, +3.919852E-10, 0.976139, 0.0164796, 0.409914, 0.966
1682025095.5752225, -3.2, 6.441158e-07, -4.699014e-07, 9.19487e-07, 331.4233, 0, 0, 0, +1.655179E+01, +3.919852E-10, 0.976139, 0.0164796, 0.409914, 0.972
1682025102.0336328, 3.2, -1.841823e-06, -6.160677e-07, 2.454781e-06, 186.4459, 0, 0, 0, +1.655179E+01, +3.919852E-10, 0.976139, 0.0164796, 0.409914, 0.966
1682025108.5393229, -3.2, 6.054688e-06, -7.622339e-07, 3.682548e-06, 343.5376, 0, 0, 0, +1.655179E+01, +3.919852E-10, 0.976139, 0.0164796, 0.409914, 0.966
1682025115.0222104, 3.2, -5.497614e-06, -3.237352e-07, 5.51766e-06, 193.6947, 0, 0, 0, +1.655179E+01, +3.919852E-10, 0.976139, 0.0164186, 0.409914, 0.966
1682025121.5418746, -3.2, 2.691359e-06, -7.622339e-07, 2.797216e-06, 345.67, 0, 0, 0, +1.655179E+01, +3.919852E-10, 0.976078, 0.0164796, 0.409853, 0.966
1682025128.0523822, 3.2, -7.83732e-06, -7.622339e-07, 8.180377e-06, 186.7361, 0, 0, 0, +1.655179E+01, +3.919852E-10, 0.976139, 0.0164796, 0.409914, 0.966
1682025134.5407217, -3.2, 3.516525e-07, -7.622339e-07, 7.645285e-07, 303.1522, 0, 0, 0, +1.655179E+01, +3.919852E-10, 0.976139, 0.0164796, 0.409914, 0.966
1682025141.033345, 3.2, -7.691089e-06, -6.160677e-07, 6.404702e-06, 184.2573, 0, 0, 0, +1.655179E+01, +3.919852E-10, 0.976139, 0.0164796, 0.409914, 0.966
1682025147.5044239, -3.2, 2.252664e-06, -1.054566e-06, 2.054733e-06, 340.1068, 0, 0, 0, +1.655179E+01, +3.919852E-10, 0.976139, 0.0164796, 0.409914, 0.966
1682025154.0102875, 3.2, -1.00308e-05, -3.237352e-07, 1.080022e-05, 183.6199, 0, 0, 0, +1.655179E+01, +3.919852E-10, 0.976139, 0.0164796, 0.409914, 0.972
1682025160.5352778, -3.2, -3.795059e-07, -9.084001e-07, 7.671877e-07, 247.3261, 0, 0, 0, +1.655179E+01, +3.919852E-10, 0.976139, 0.0164796, 0.409914, 0.966
1682025167.0213234, 3.2, -8.568479e-06, -9.084001e-07, 8.143352e-06, 185.1664, 0, 0, 0, +1.655179E+01, +3.919852E-10, 0.976139, 0.0164796, 0.409914, 0.966
1682025173.5102773, -3.2, -2.865444e-06, -7.622339e-07, 3.248597e-06, 188.0941, 0, 0, 0, +1.655179E+01, +3.919852E-10, 0.976139, 0.0164796, 0.409914, 0.966
1682025180.0017087, 3.2, -7.983552e-06, -4.699014e-07, 7.8743e-06, 185.4538, 0, 0, 0, +1.655179E+01, +3.919852E-10, 0.976139, 0.0164796, 0.409914, 0.966
1682025186.4952447, -3.2, 1.229042e-06, -7.622339e-07, 1.41339e-06, 330.3622, 0, 0, 0, +1.655179E+01, +3.919852E-10, 0.976139, 0.0164796, 0.409914, 0.966
1682025192.999308, 3.2, -5.643846e-06, -6.160677e-07, 7.29234e-06, 187.7584, 0, 0, 0, +1.655179E+01, +3.919852E-10, 0.976078, 0.0164796, 0.409853, 0.966
1682025199.5102634, -3.2, 1.960201e-06, -6.160677e-07, 2.938184e-06, 339.0766, 0, 0, 0, +1.655179E+01, +3.919852E-10, 0.976139, 0.0164796, 0.409914, 0.966
1682025206.0227268, 3.2, -9.153406e-06, -7.622339e-07, 1.19477e-05, 184.3537, 0, 0, 0, +1.655179E+01, +3.919852E-10, 0.976139, 0.0164796, 0.409914, 0.966
1682025212.5192316, -3.2, 1.521506e-06, -7.622339e-07, 1.2458e-06, 316.0374, 0, 0, 0, +1.655179E+01, +3.919852E-10, 0.976078, 0.0164796, 0.409853, 0.966
1682025219.0187926, 3.2, -4.327761e-06, -7.622339e-07, 6.15e-06, 186.394, 0, 0, 0, +1.655179E+01, +3.919852E-10, 0.976139, 0.0164796, 0.409914, 0.972
1682025225.5228617, -3.2, -3.795059e-07, -7.622339e-07, 1.080059e-06, 243.4854, 0, 0, 0, +1.655179E+01, +3.919852E-10, 0.976139, 0.0164796, 0.409914, 0.966
1682025232.0272841, 3.2, -1.076195e-05, -6.160677e-07, 1.078891e-05, 182.6821, 0, 0, 0, +1.655179E+01, +3.919852E-10, 0.976139, 0.0164796, 0.409914, 0.966
1682025238.5263314, -3.2, -1.256896e-06, -6.160677e-07, 1.550799e-06, 210.3834, 0, 0, 0, +1.655179E+01, +3.919852E-10, 0.976139, 0.0164796, 0.409914, 0.966
1682025261.1793199, 3.2, -6.667467e-06, -1.785397e-06, 5.64136e-06, 192.2017, 0, 0, 0, +2.068971E+01, +6.370448E-10, 0.974552, 0.0164186, 0.408266, 0.966
1682025267.697285, -3.2, 4.007444e-06, -1.639231e-06, 4.713824e-06, 335.9861, 0, 0, 0, +2.068971E+01, +6.370448E-10, 0.974552, 0.0164796, 0.408266, 0.972
1682025274.1842487, 3.2, -5.497614e-06, -1.931564e-06, 6.761225e-06, 192.8959, 0, 0, 0, +2.068971E+01, +6.370448E-10, 0.974552, 0.0164796, 0.408266, 0.972
1682025280.6807218, -3.2, 4.592371e-06, -1.639231e-06, 5.152541e-06, 338.1215, 0, 0, 0, +2.068971E+01, +6.370448E-10, 0.974552, 0.0164186, 0.408266, 0.966
1682025287.1748383, 3.2, -6.082541e-06, -1.785397e-06, 5.274647e-06, 196.7545, 0, 0, 0, +2.068971E+01, +6.370448E-10, 0.974552, 0.0164796, 0.408266, 0.972
1682025293.686273, -3.2, 5.762224e-06, -1.639231e-06, 5.710111e-06, 345.1118, 0, 0, 0, +2.068971E+01, +6.370448E-10, 0.974552, 0.0164186, 0.408266, 0.966
1682025300.1692836, 3.2, -4.327761e-06, -1.200733e-06, 5.78026e-06, 198.9323, 0, 0, 0, +2.068971E+01, +6.370448E-10, 0.974552, 0.0164796, 0.408266, 0.972
1682025306.6442635, -3.2, 4.738602e-06, -1.639231e-06, 5.1741e-06, 338.1215, 0, 0, 0, +2.068971E+01, +6.370448E-10, 0.974552, 0.0164796, 0.408266, 0.972
1682025313.1443157, 3.2, -6.95993e-06, -1.493065e-06, 8.006914e-06, 191.6031, 0, 0, 0, +2.068971E+01, +6.370448E-10, 0.974552, 0.0164796, 0.408266, 0.972
1682025319.648639, -3.2, 3.276286e-06, -1.639231e-06, 4.927222e-06, 341.9227, 0, 0, 0, +2.068971E+01, +6.370448E-10, 0.974552, 0.0164796, 0.408266, 0.972
1682025326.153302, 3.2, -6.228772e-06, -1.785397e-06, 5.979485e-06, 196.7391, 0, 0, 0, +2.068971E+01, +6.370448E-10, 0.974552, 0.0164186, 0.408266, 0.966
1682025332.6692865, -3.2, 4.738602e-06, -2.07773e-06, 5.528943e-06, 344.5848, 0, 0, 0, +2.068971E+01, +6.370448E-10, 0.974552, 0.0164796, 0.408266, 0.972
1682025339.1830735, 3.2, -6.228772e-06, -1.639231e-06, 7.185282e-06, 192.4926, 0, 0, 0, +2.068971E+01, +6.370448E-10, 0.974552, 0.0164796, 0.408266, 0.972
1682025345.6952784, -3.2, 7.663236e-06, -1.639231e-06, 8.122821e-06, 347.5912, 0, 0, 0, +2.068971E+01, +6.370448E-10, 0.974552, 0.0164186, 0.408266, 0.966
1682025352.2026405, 3.2, -6.228772e-06, -1.346899e-06, 6.339159e-06, 197.2289, 0, 0, 0, +2.068971E+01, +6.370448E-10, 0.974552, 0.0164186, 0.408266, 0.966
1682025358.7122755, -3.2, 4.738602e-06, -1.785397e-06, 5.850338e-06, 340.3561, 0, 0, 0, +2.068971E+01, +6.370448E-10, 0.974552, 0.0164796, 0.408266, 0.972
1682025365.2153125, 3.2, -6.375004e-06, -1.785397e-06, 6.339159e-06, 200.7453, 0, 0, 0, +2.068971E+01, +6.370448E-10, 0.974552, 0.0164186, 0.408266, 0.966
1682025371.6893468, -3.2, 5.908456e-06, -1.493065e-06, 7.055398e-06, 340.2701, 0, 0, 0, +2.068971E+01, +6.370448E-10, 0.974552, 0.0164186, 0.408266, 0.966
1682025378.2008784, 3.2, -6.082541e-06, -1.785397e-06, 5.689309e-06, 198.4525, 0, 0, 0, +2.068971E+01, +6.370448E-10, 0.974552, 0.0164796, 0.408266, 0.972
1682025384.710274, -3.2, 7.517004e-06, -1.346899e-06, 8.09459e-06, 345.5191, 0, 0, 0, +2.068971E+01, +6.370448E-10, 0.974552, 0.0164796, 0.408327, 0.972
1682025391.2126644, 3.2, -4.035297e-06, -1.931564e-06, 4.764839e-06, 202.8553, 0, 0, 0, +2.068971E+01, +6.370448E-10, 0.974552, 0.0164186, 0.408266, 0.966
1682025397.681296, -3.2, 7.517004e-06, -1.785397e-06, 8.439184e-06, 350.0838, 0, 0, 0, +2.068971E+01, +6.370448E-10, 0.974552, 0.0164796, 0.408266, 0.972
1682025404.1941643, 3.2, -2.865444e-06, -1.493065e-06, 2.775472e-06, 208.7703, 0, 0, 0, +2.068971E+01, +6.370448E-10, 0.974552, 0.0164186, 0.408327, 0.966
1682025410.687327, -3.2, 6.932077e-06, -1.639231e-06, 7.492825e-06, 345.2592, 0, 0, 0, +2.068971E+01, +6.370448E-10, 0.974552, 0.0164186, 0.408266, 0.966
1682025417.1855388, 3.2, -3.450371e-06, -1.493065e-06, 3.884933e-06, 202.8553, 0, 0, 0, +2.068971E+01, +6.370448E-10, 0.974552, 0.0164796, 0.408266, 0.972
1682025423.6803098, -3.2, 7.517004e-06, -1.639231e-06, 8.238357e-06, 349.3708, 0, 0, 0, +2.068971E+01, +6.370448E-10, 0.974552, 0.0164796, 0.408266, 0.972
1682025430.1902761, 3.2, -2.719212e-06, -1.493065e-06, 3.501119e-06, 212.6745, 0, 0, 0, +2.068971E+01, +6.370448E-10, 0.974552, 0.0164796, 0.408266, 0.972
1682025436.6942856, -3.2, 7.517004e-06, -1.639231e-06, 7.868471e-06, 350.2145, 0, 0, 0, +2.068971E+01, +6.370448E-10, 0.974552, 0.0164186, 0.408266, 0.966
1682025443.2207892, 3.2, -2.572981e-06, -1.346899e-06, 2.165448e-06, 216.1775, 0, 0, 0, +2.068971E+01, +6.370448E-10, 0.974491, 0.0164796, 0.408266, 0.972
1682025449.7462983, -3.2, 9.418016e-06, -1.639231e-06, 8.0458e-06, 351.4173, 0, 0, 0, +2.068971E+01, +6.370448E-10, 0.974552, 0.0164186, 0.408266, 0.966
1682025456.246849, 3.2, -3.596602e-06, -1.931564e-06, 3.131752e-06, 241.6231, 0, 0, 0, +2.068971E+01, +6.370448E-10, 0.974552, 0.0164796, 0.408266, 0.972
1682025462.7573247, -3.2, 9.418016e-06, -1.639231e-06, 9.271611e-06, 349.2245, 0, 0, 0, +2.068971E+01, +6.370448E-10, 0.974552, 0.0164186, 0.408266, 0.966
1682025469.2872894, 3.2, -1.403127e-06, -1.493065e-06, 2.691144e-06, 205.3049, 0, 0, 0, +2.068971E+01, +6.370448E-10, 0.974552, 0.0164796, 0.408266, 0.972
1682025475.7793448, -3.2, 9.856711e-06, -1.785397e-06, 9.729464e-06, 349.1004, 0, 0, 0, +2.068971E+01, +6.370448E-10, 0.974552, 0.0164796, 0.408266, 0.972
1682025482.2663023, 3.2, -1.695591e-06, -1.785397e-06, 1.980064e-06, 235.8803, 0, 0, 0, +2.068971E+01, +6.370448E-10, 0.974552, 0.0164186, 0.408266, 0.966
1682025488.800287, -3.2, 9.710478e-06, -1.346899e-06, 9.298567e-06, 350.8845, 0, 0, 0, +2.068971E+01, +6.370448E-10, 0.974491, 0.0164796, 0.408266, 0.972
1682025495.3093348, 3.2, -2.426749e-06, -1.785397e-06, 2.775472e-06, 215.7085, 0, 0, 0, +2.068971E+01, +6.370448E-10, 0.974491, 0.0164796, 0.408266, 0.972
1682025501.8218167, -3.2, 8.101931e-06, -1.346899e-06, 9.102606e-06, 350.5612, 0, 0, 0, +2.068971E+01, +6.370448E-10, 0.974491, 0.0164796, 0.408266, 0.972
1682025508.321882, 3.2, -2.572981e-06, -1.493065e-06, 2.80853e-06, 214.1175, 0, 0, 0, +2.068971E+01, +6.370448E-10, 0.974491, 0.0164796, 0.408266, 0.972
1682025514.8068142, -3.2, 7.809467e-06, -1.493065e-06, 6.734364e-06, 347.3266, 0, 0, 0, +2.068971E+01, +6.370448E-10, 0.974491, 0.0164796, 0.408266, 0.972
1682025521.313294, 3.2, -3.157907e-06, -1.931564e-06, 3.252962e-06, 221.3658, 0, 0, 0, +2.068971E+01, +6.370448E-10, 0.974491, 0.0164796, 0.408266, 0.972
1682025527.816341, -3.2, 8.833089e-06, -1.639231e-06, 9.470845e-06, 349.4867, 0, 0, 0, +2.068971E+01, +6.370448E-10, 0.974491, 0.0164796, 0.408266, 0.972
1682025534.3252695, 3.2, -3.450371e-06, -1.639231e-06, 2.648565e-06, 230.4907, 0, 0, 0, +2.068971E+01, +6.370448E-10, 0.974491, 0.0164186, 0.408266, 0.966
1682025540.8233495, -3.2, 9.564247e-06, -1.785397e-06, 9.271611e-06, 350.0838, 0, 0, 0, +2.068971E+01, +6.370448E-10, 0.974491, 0.0164796, 0.408266, 0.972
1682025547.3302217, 3.2, -2.280517e-06, -1.346899e-06, 2.80853e-06, 226.9797, 0, 0, 0, +2.068971E+01, +6.370448E-10, 0.974491, 0.0164796, 0.408266, 0.972
1682025553.8432996, -3.2, 8.686858e-06, -1.639231e-06, 1.00171e-05, 348.7498, 0, 0, 0, +2.068971E+01, +6.370448E-10, 0.974552, 0.0164796, 0.408266, 0.972
1682025560.3569877, 3.2, -6.719692e-07, -1.200733e-06, 1.933853e-06, 306.8614, 0, 0, 0, +2.068971E+01, +6.370448E-10, 0.974491, 0.0164796, 0.408266, 0.972
1682025566.8397913, -3.2, 1.102656e-05, -1.493065e-06, 9.803445e-06, 349.8165, 0, 0, 0, +2.068971E+01, +6.370448E-10, 0.974491, 0.0164186, 0.408266, 0.966
1682025573.326661, 3.2, -1.256896e-06, -1.785397e-06, 1.652052e-06, 272.2702, 0, 0, 0, +2.068971E+01, +6.370448E-10, 0.974491, 0.0164796, 0.408266, 0.972
1682025579.842702, -3.2, 8.833089e-06, -1.493065e-06, 9.51384e-06, 349.7395, 0, 0, 0, +2.068971E+01, +6.370448E-10, 0.974491, 0.0164796, 0.408266, 0.972
1682025586.3557975, 3.2, -1.256896e-06, -1.493065e-06, 2.576711e-06, 217.526, 0, 0, 0, +2.068971E+01, +6.370448E-10, 0.974552, 0.0164796, 0.408266, 0.972
1682025592.870741, -3.2, 7.809467e-06, -1.785397e-06, 7.950913e-06, 350.0838, 0, 0, 0, +2.068971E+01, +6.370448E-10, 0.974491, 0.0164796, 0.408266, 0.972
1682025599.3379076, 3.2, -3.304139e-06, -1.493065e-06, 3.361463e-06, 205.1758, 0, 0, 0, +2.068971E+01, +6.370448E-10, 0.974552, 0.0164796, 0.408266, 0.972
1682025605.8362932, -3.2, 8.540625e-06, -1.785397e-06, 9.271611e-06, 350.4059, 0, 0, 0, +2.068971E+01, +6.370448E-10, 0.974491, 0.0164796, 0.408266, 0.972
1682025612.3292937, 3.2, -3.450371e-06, -1.493065e-06, 3.501119e-06, 208.5591, 0, 0, 0, +2.068971E+01, +6.370448E-10, 0.974491, 0.0164796, 0.408266, 0.972
1682025618.8306015, -3.2, 1.702206e-05, -1.785397e-06, 1.680972e-05, 353.4705, 0, 0, 0, +2.068971E+01, +6.370448E-10, 0.974552, 0.0164186, 0.408266, 0.966
1682025625.3412595, 3.2, 3.276286e-06, -1.493065e-06, 3.904208e-06, 337.2969, 0, 0, 0, +2.068971E+01, +6.370448E-10, 0.974552, 0.0164186, 0.408266, 0.966
1682025631.8161285, -3.2, 1.482859e-05, -1.346899e-06, 1.520964e-05, 353.33, 0, 0, 0, +2.068971E+01, +6.370448E-10, 0.974552, 0.0164796, 0.408266, 0.972
1682025638.3382773, 3.2, 2.837591e-06, -1.493065e-06, 4.828987e-06, 336.4309, 0, 0, 0, +2.068971E+01, +6.370448E-10, 0.974552, 0.0164186, 0.408266, 0.966
1682025644.8452816, -3.2, 1.248888e-05, -1.639231e-06, 1.288603e-05, 351.9571, 0, 0, 0, +2.068971E+01, +6.370448E-10, 0.974552, 0.0164186, 0.408266, 0.966
1682025667.5151548, 3.2, -6.95993e-06, -2.07773e-06, 7.865786e-06, 199.5686, 0, 0, 0, +2.483367E+01, +4.856370E-10, 0.972721, 0.0163575, 0.406435, 0.966
1682025674.002597, -3.2, 2.398896e-06, -2.370062e-06, 3.127202e-06, 276.787, 0, 0, 0, +2.483367E+01, +4.856370E-10, 0.972721, 0.0164186, 0.406435, 0.966
1682025680.5172591, 3.2, -8.71471e-06, -2.516229e-06, 8.790088e-06, 196.1052, 0, 0, 0, +2.483367E+01, +4.856370E-10, 0.972721, 0.0164796, 0.406435, 0.972
1682025687.0294971, -3.2, 8.540625e-06, -2.808561e-06, 9.155099e-06, 343.584, 0, 0, 0, +2.483367E+01, +4.856370E-10, 0.972721, 0.0164186, 0.406435, 0.972
1682025693.540269, 3.2, 2.252664e-06, -2.223896e-06, 2.869878e-06, 302.6992, 0, 0, 0, +2.483367E+01, +4.856370E-10, 0.972721, 0.0164186, 0.406435, 0.966
1682025700.0493064, -3.2, 6.785846e-06, -2.662395e-06, 8.301226e-06, 344.9106, 0, 0, 0, +2.483367E+01, +4.856370E-10, 0.972721, 0.0164186, 0.406435, 0.972
1682025706.5232937, 3.2, -4.473993e-06, -2.516229e-06, 5.986732e-06, 200.3938, 0, 0, 0, +2.483367E+01, +4.856370E-10, 0.972721, 0.0164186, 0.406435, 0.972
1682025713.0286546, -3.2, 6.493382e-06, -2.954727e-06, 7.479419e-06, 342.8144, 0, 0, 0, +2.483367E+01, +4.856370E-10, 0.972721, 0.0164796, 0.406435, 0.972
1682025719.5458386, 3.2, -4.766456e-06, -2.370062e-06, 5.259736e-06, 203.5527, 0, 0, 0, +2.483367E+01, +4.856370E-10, 0.972721, 0.0164796, 0.406435, 0.972
1682025726.0648534, -3.2, 7.224541e-06, -2.516229e-06, 7.926964e-06, 344.9804, 0, 0, 0, +2.483367E+01, +4.856370E-10, 0.972721, 0.0164186, 0.406435, 0.972
1682025732.582726, 3.2, -4.620224e-06, -2.370062e-06, 4.607531e-06, 202.4184, 0, 0, 0, +2.483367E+01, +4.856370E-10, 0.972721, 0.0164186, 0.406435, 0.972
1682025739.0543478, -3.2, 7.224541e-06, -2.516229e-06, 8.260681e-06, 344.1047, 0, 0, 0, +2.483367E+01, +4.856370E-10, 0.972721, 0.0164186, 0.406435, 0.972
1682025745.5507975, 3.2, -2.865444e-06, -2.370062e-06, 3.948363e-06, 218.861, 0, 0, 0, +2.483367E+01, +4.856370E-10, 0.972721, 0.0164186, 0.406435, 0.966
1682025752.0552847, -3.2, 7.078309e-06, -2.516229e-06, 8.081135e-06, 343.6942, 0, 0, 0, +2.483367E+01, +4.856370E-10, 0.972721, 0.0164186, 0.406435, 0.972
1682025758.5603194, 3.2, -4.473993e-06, -2.516229e-06, 3.206831e-06, 222.5025, 0, 0, 0, +2.483367E+01, +4.856370E-10, 0.97266, 0.0164186, 0.406435, 0.972
1682025765.0828202, -3.2, 7.370772e-06, -2.223896e-06, 8.436893e-06, 339.9634, 0, 0, 0, +2.483367E+01, +4.856370E-10, 0.97266, 0.0164186, 0.406435, 0.972
1682025771.6092777, 3.2, -1.988054e-06, -2.223896e-06, 3.194695e-06, 214.6015, 0, 0, 0, +2.483367E+01, +4.856370E-10, 0.97266, 0.0164186, 0.406435, 0.972
1682025778.126738, -3.2, 8.686858e-06, -1.785397e-06, 7.658018e-06, 343.5192, 0, 0, 0, +2.483367E+01, +4.856370E-10, 0.97266, 0.0163575, 0.406435, 0.966
1682025784.6202652, 3.2, -2.280517e-06, -2.370062e-06, 4.15316e-06, 215.3877, 0, 0, 0, +2.483367E+01, +4.856370E-10, 0.972721, 0.0164186, 0.406435, 0.972
1682025791.128288, -3.2, 7.663236e-06, -2.516229e-06, 7.788433e-06, 337.9135, 0, 0, 0, +2.483367E+01, +4.856370E-10, 0.97266, 0.0164186, 0.406435, 0.972
1682025797.626335, 3.2, -3.011676e-06, -2.516229e-06, 6.256373e-06, 202.0243, 0, 0, 0, +2.483367E+01, +4.856370E-10, 0.97266, 0.0164186, 0.406435, 0.972
1682025804.1382797, -3.2, 6.493382e-06, -2.223896e-06, 6.45019e-06, 342.2566, 0, 0, 0, +2.483367E+01, +4.856370E-10, 0.97266, 0.0164186, 0.406435, 0.972
1682025810.6163473, 3.2, -4.912687e-06, -2.370062e-06, 5.007735e-06, 207.2435, 0, 0, 0, +2.483367E+01, +4.856370E-10, 0.97266, 0.0164186, 0.406435, 0.972
1682025817.1341527, -3.2, 7.517004e-06, -2.516229e-06, 8.161187e-06, 339.5241, 0, 0, 0, +2.483367E+01, +4.856370E-10, 0.97266, 0.0164186, 0.406435, 0.972
1682025823.6372964, 3.2, -4.181529e-06, -2.370062e-06, 3.701799e-06, 204.7935, 0, 0, 0, +2.483367E+01, +4.856370E-10, 0.97266, 0.0164186, 0.406435, 0.972
1682025830.1757915, -3.2, 8.686858e-06, -2.370062e-06, 9.041813e-06, 344.7392, 0, 0, 0, +2.483367E+01, +4.856370E-10, 0.97266, 0.0164186, 0.406435, 0.966
1682025836.6792831, 3.2, -4.327761e-06, -2.662395e-06, 5.526154e-06, 208.8596, 0, 0, 0, +2.483367E+01, +4.856370E-10, 0.97266, 0.0164186, 0.406435, 0.972
1682025843.1952865, -3.2, 9.271784e-06, -2.223896e-06, 9.359095e-06, 345.6403, 0, 0, 0, +2.483367E+01, +4.856370E-10, 0.97266, 0.0164186, 0.406435, 0.972
1682025849.721828, 3.2, -2.280517e-06, -2.223896e-06, 3.498203e-06, 218.2013, 0, 0, 0, +2.483367E+01, +4.856370E-10, 0.97266, 0.0164186, 0.406435, 0.972
1682025856.237336, -3.2, 8.97932e-06, -2.516229e-06, 1.027989e-05, 348.7498, 0, 0, 0, +2.483367E+01, +4.856370E-10, 0.97266, 0.0164186, 0.406435, 0.972
1682025862.7291484, 3.2, -4.327761e-06, -2.07773e-06, 3.598838e-06, 214.4852, 0, 0, 0, +2.483367E+01, +4.856370E-10, 0.972721, 0.0164186, 0.406435, 0.972
1682025869.2416291, -3.2, 9.125552e-06, -2.662395e-06, 8.683984e-06, 345.8529, 0, 0, 0, +2.483367E+01, +4.856370E-10, 0.97266, 0.0164186, 0.406435, 0.972
1682025875.756284, 3.2, 4.738602e-06, -2.370062e-06, 3.926122e-06, 327.8758, 0, 0, 0, +2.483367E+01, +4.856370E-10, 0.97266, 0.0164186, 0.406435, 0.972
1682025882.2635777, -3.2, 1.029541e-05, -2.662395e-06, 9.900723e-06, 346.4798, 0, 0, 0, +2.483367E+01, +4.856370E-10, 0.97266, 0.0164186, 0.406435, 0.972
1682025888.78586, 3.2, 2.054208e-07, -2.07773e-06, 2.355958e-06, 243.4614, 0, 0, 0, +2.483367E+01, +4.856370E-10, 0.97266, 0.0164186, 0.406435, 0.972
1682025895.3115911, -3.2, 1.014917e-05, -2.516229e-06, 1.088276e-05, 346.6703, 0, 0, 0, +2.483367E+01, +4.856370E-10, 0.97266, 0.0164186, 0.406435, 0.972
1682025901.8062987, 3.2, -6.719692e-07, -2.223896e-06, 2.463481e-06, 230.0094, 0, 0, 0, +2.483367E+01, +4.856370E-10, 0.97266, 0.0164186, 0.406435, 0.972
1682025908.2876062, -3.2, 1.044164e-05, -2.516229e-06, 1.167895e-05, 347.6218, 0, 0, 0, +2.483367E+01, +4.856370E-10, 0.97266, 0.0164186, 0.406435, 0.972
1682025914.7612405, 3.2, -9.644325e-07, -2.07773e-06, 2.881002e-06, 228.4443, 0, 0, 0, +2.483367E+01, +4.856370E-10, 0.97266, 0.0164186, 0.406435, 0.972
1682025921.236333, -3.2, 8.686858e-06, -2.07773e-06, 8.967007e-06, 349.4261, 0, 0, 0, +2.483367E+01, +4.856370E-10, 0.97266, 0.0164186, 0.406435, 0.972
1682025927.7678049, 3.2, -2.865444e-06, -2.370062e-06, 3.982844e-06, 219.2779, 0, 0, 0, +2.483367E+01, +4.856370E-10, 0.97266, 0.0164186, 0.406435, 0.972
1682025934.2618153, -3.2, 7.517004e-06, -2.516229e-06, 8.119944e-06, 343.8171, 0, 0, 0, +2.483367E+01, +4.856370E-10, 0.97266, 0.0164186, 0.406435, 0.972
1682025940.7753475, 3.2, -2.280517e-06, -2.370062e-06, 3.400874e-06, 224.3611, 0, 0, 0, +2.483367E+01, +4.856370E-10, 0.97266, 0.0164186, 0.406374, 0.972
1682025947.2762175, -3.2, 9.125552e-06, -2.662395e-06, 8.903578e-06, 343.6942, 0, 0, 0, +2.483367E+01, +4.856370E-10, 0.97266, 0.0164186, 0.406374, 0.972
1682025953.7922873, 3.2, -3.596602e-06, -2.07773e-06, 4.480016e-06, 205.6454, 0, 0, 0, +2.483367E+01, +4.856370E-10, 0.97266, 0.0164186, 0.406435, 0.972
1682025960.3113246, -3.2, 8.248162e-06, -2.07773e-06, 9.325214e-06, 344.2336, 0, 0, 0, +2.483367E+01, +4.856370E-10, 0.97266, 0.0164796, 0.406374, 0.972
1682025966.7822952, 3.2, -4.766456e-06, -2.370062e-06, 5.454512e-06, 201.1281, 0, 0, 0, +2.483367E+01, +4.856370E-10, 0.97266, 0.0164186, 0.406435, 0.972
1682025973.2922447, -3.2, 8.101931e-06, -1.931564e-06, 9.359095e-06, 343.9683, 0, 0, 0, +2.483367E+01, +4.856370E-10, 0.97266, 0.0164186, 0.406435, 0.972
1682025979.7563214, 3.2, -3.742834e-06, -1.931564e-06, 3.185353e-06, 231.2829, 0, 0, 0, +2.483367E+01, +4.856370E-10, 0.97266, 0.0164186, 0.406435, 0.966
1682025986.2532966, -3.2, 9.564247e-06, -2.370062e-06, 9.145527e-06, 348.5823, 0, 0, 0, +2.483367E+01, +4.856370E-10, 0.97266, 0.0164186, 0.406435, 0.972
1682025992.752282, 3.2, -9.644325e-07, -2.370062e-06, 3.082351e-06, 226.1779, 0, 0, 0, +2.483367E+01, +4.856370E-10, 0.97266, 0.0164186, 0.406435, 0.972
1682025999.25228, -3.2, 9.271784e-06, -2.370062e-06, 9.787328e-06, 347.2857, 0, 0, 0, +2.483367E+01, +4.856370E-10, 0.972721, 0.0164186, 0.406435, 0.972
1682026005.7282908, 3.2, -2.426749e-06, -1.931564e-06, 4.30729e-06, 219.5948, 0, 0, 0, +2.483367E+01, +4.856370E-10, 0.97266, 0.0164796, 0.406435, 0.972
1682026012.2318103, -3.2, 8.101931e-06, -2.223896e-06, 9.466104e-06, 347.9227, 0, 0, 0, +2.483367E+01, +4.856370E-10, 0.97266, 0.0164796, 0.406435, 0.972
1682026018.7363625, 3.2, -2.572981e-06, -2.223896e-06, 3.701799e-06, 205.5789, 0, 0, 0, +2.483367E+01, +4.856370E-10, 0.972721, 0.0164796, 0.406435, 0.972
1682026025.2322853, -3.2, 8.101931e-06, -2.370062e-06, 7.902919e-06, 343.2266, 0, 0, 0, +2.483367E+01, +4.856370E-10, 0.97266, 0.0164186, 0.406435, 0.972
1682026031.721467, 3.2, -1.988054e-06, -2.370062e-06, 2.016141e-06, 306.215, 0, 0, 0, +2.483367E+01, +4.856370E-10, 0.97266, 0.0164186, 0.406435, 0.972
1682026038.2251487, -3.2, 1.292757e-05, -2.370062e-06, 1.297338e-05, 349.6662, 0, 0, 0, +2.483367E+01, +4.856370E-10, 0.97266, 0.0164186, 0.406435, 0.972
1682026044.7343473, 3.2, 9.365791e-07, -2.223896e-06, 2.08786e-06, 263.594, 0, 0, 0, +2.483367E+01, +4.856370E-10, 0.97266, 0.0164186, 0.406435, 0.972
1682026051.2382941, -3.2, 1.029541e-05, -2.223896e-06, 1.031457e-05, 345.661, 0, 0, 0, +2.483367E+01, +4.856370E-10, 0.97266, 0.0164186, 0.406435, 0.972
1682026073.9108012, 3.2, -1.178558e-05, -3.685558e-06, 1.310972e-05, 194.543, 0, 0, 0, +2.897048E+01, -5.467738E-10, 0.970585, 0.0163575, 0.40436, 0.966
1682026080.4162846, -3.2, 3.714981e-06, -3.831724e-06, 5.987906e-06, 322.9419, 0, 0, 0, +2.897048E+01, -5.467738E-10, 0.970585, 0.0164186, 0.40436, 0.972
1682026086.9473393, 3.2, -8.860942e-06, -3.100894e-06, 9.854565e-06, 194.4875, 0, 0, 0, +2.897048E+01, -5.467738E-10, 0.970585, 0.0164186, 0.40436, 0.972
1682026093.4492729, -3.2, 3.568749e-06, -3.100894e-06, 4.856471e-06, 292.0627, 0, 0, 0, +2.897048E+01, -5.467738E-10, 0.970585, 0.0164186, 0.40436, 0.972
1682026099.930326, 3.2, -6.95993e-06, -3.393226e-06, 9.712271e-06, 198.7453, 0, 0, 0, +2.897048E+01, -5.467738E-10, 0.970585, 0.0164186, 0.40436, 0.972
1682026106.4217157, -3.2, 5.323529e-06, -3.100894e-06, 6.741902e-06, 330.4504, 0, 0, 0, +2.897048E+01, -5.467738E-10, 0.970585, 0.0164186, 0.40436, 0.972
1682026112.9333315, 3.2, -5.205151e-06, -3.393226e-06, 5.410444e-06, 219.2775, 0, 0, 0, +2.897048E+01, -5.467738E-10, 0.970585, 0.0164186, 0.40436, 0.972
1682026119.4473438, -3.2, 7.224541e-06, -3.24706e-06, 8.176527e-06, 335.3575, 0, 0, 0, +2.897048E+01, -5.467738E-10, 0.970585, 0.0164186, 0.40436, 0.972
1682026125.9433048, 3.2, -7.106162e-06, -3.100894e-06, 7.944983e-06, 207.9614, 0, 0, 0, +2.897048E+01, -5.467738E-10, 0.970585, 0.0164186, 0.404299, 0.972
1682026132.4342837, -3.2, 3.714981e-06, -3.393226e-06, 5.420673e-06, 324.0741, 0, 0, 0, +2.897048E+01, -5.467738E-10, 0.970585, 0.0164186, 0.404299, 0.972
1682026138.918268, 3.2, -8.129784e-06, -3.539392e-06, 8.564616e-06, 198.442, 0, 0, 0, +2.897048E+01, -5.467738E-10, 0.970585, 0.0164186, 0.404299, 0.972
1682026145.433344, -3.2, 3.861212e-06, -3.24706e-06, 6.236583e-06, 323.243, 0, 0, 0, +2.897048E+01, -5.467738E-10, 0.970585, 0.0164186, 0.404299, 0.972
1682026151.9518287, 3.2, -7.983552e-06, -3.24706e-06, 8.793204e-06, 198.7017, 0, 0, 0, +2.897048E+01, -5.467738E-10, 0.970524, 0.0164186, 0.404299, 0.972
1682026158.4723117, -3.2, 4.153676e-06, -3.539392e-06, 6.678353e-06, 327.7794, 0, 0, 0, +2.897048E+01, -5.467738E-10, 0.970585, 0.0164186, 0.404299, 0.972
1682026164.938585, 3.2, -6.082541e-06, -3.393226e-06, 7.037371e-06, 204.2154, 0, 0, 0, +2.897048E+01, -5.467738E-10, 0.970585, 0.0164186, 0.404299, 0.972
1682026171.4201915, -3.2, 3.568749e-06, -3.685558e-06, 4.217441e-06, 313.9955, 0, 0, 0, +2.897048E+01, -5.467738E-10, 0.970585, 0.0164186, 0.404299, 0.972
1682026177.9053247, 3.2, 4.978842e-07, -3.100894e-06, 4.02401e-06, 283.1115, 0, 0, 0, +2.897048E+01, -5.467738E-10, 0.970524, 0.0164186, 0.404299, 0.972
1682026184.3902857, -3.2, 6.932077e-06, -3.539392e-06, 6.741902e-06, 330.5984, 0, 0, 0, +2.897048E+01, -5.467738E-10, 0.970524, 0.0164186, 0.404299, 0.972
1682026190.8773382, 3.2, -3.742834e-06, -3.393226e-06, 5.361625e-06, 209.7564, 0, 0, 0, +2.897048E+01, -5.467738E-10, 0.970524, 0.0164186, 0.404299, 0.972
1682026197.3608227, -3.2, 9.710478e-06, -3.685558e-06, 1.024979e-05, 337.1379, 0, 0, 0, +2.897048E+01, -5.467738E-10, 0.970524, 0.0164186, 0.404299, 0.972
1682026203.872816, 3.2, -4.912687e-06, -3.24706e-06, 6.538429e-06, 207.5808, 0, 0, 0, +2.897048E+01, -5.467738E-10, 0.970524, 0.0164186, 0.404299, 0.972
1682026210.3952599, -3.2, 7.517004e-06, -3.100894e-06, 8.054296e-06, 337.4232, 0, 0, 0, +2.897048E+01, -5.467738E-10, 0.970524, 0.0164186, 0.404299, 0.972
1682026216.9122677, 3.2, -7.252394e-06, -3.24706e-06, 7.353275e-06, 210.3721, 0, 0, 0, +2.897048E+01, -5.467738E-10, 0.970524, 0.0164186, 0.404299, 0.972
