t,i,x,y,r,theta,xK,tc,therm,trueGateDC,trueGateI,x2,y2,r2,theta2
1713501495.4437618, 3.2, 3.597473e-06, -1.067556e-06, 3.773973e-06, 343.1001, 0, 0, 0, +2.839361E-05, -4.424264E-10, 0.0, -2.3842e-07, -0.00283171, -45.0
1713501501.9218528, -3.2, 3.597473e-06, -1.213722e-06, 3.878659e-06, 342.7373, 0, 0, 0, +2.839361E-05, -4.424264E-10, -2.3842e-07, 2.3842e-07, -0.00283171, 116.562
1713501508.4008236, 3.2, 3.524357e-06, -1.104097e-06, 3.704342e-06, 342.7734, 0, 0, 0, +2.839361E-05, -4.424264E-10, 0.0, 0.0, -0.00283195, 0.0
1713501514.8662808, -3.2, 3.634031e-06, -1.17718e-06, 3.854735e-06, 343.2589, 0, 0, 0, +2.839361E-05, -4.424264E-10, -2.3842e-07, 0.0, -0.00283171, 135.0
1713501521.3617978, 3.2, 3.524357e-06, -1.140639e-06, 3.693254e-06, 342.4343, 0, 0, 0, +2.839361E-05, -4.424264E-10, 0.0, 0.0, -0.00283171, 0.0
1713501527.8536434, -3.2, 3.670589e-06, -1.140639e-06, 3.854735e-06, 343.1001, 0, 0, 0, +2.839361E-05, -4.424264E-10, 0.0, 0.0, -0.00283171, 90.0
1713501534.3390296, 3.2, 3.487799e-06, -1.104097e-06, 3.693254e-06, 342.8119, 0, 0, 0, +2.839361E-05, -4.424264E-10, -2.3842e-07, 0.0, -0.00283171, 180.0
1713501540.82847, -3.2, 3.634031e-06, -1.17718e-06, 3.808837e-06, 342.4079, 0, 0, 0, +2.839361E-05, -4.424264E-10, 0.0, 0.0, -0.00283195, 0.0
1713501547.3137257, 3.2, 3.597473e-06, -1.104097e-06, 3.717498e-06, 342.4079, 0, 0, 0, +2.839361E-05, -4.424264E-10, 0.0, 0.0, -0.00283171, 90.0
1713501553.7919207, -3.2, 3.707147e-06, -1.104097e-06, 3.81994e-06, 343.2589, 0, 0, 0, +2.839361E-05, -4.424264E-10, -2.3842e-07, 0.0, -0.00283171, 180.0
1713501576.4444451, 3.2, 3.560915e-06, -1.104097e-06, 3.75045e-06, 342.4079, 0, 0, 0, +5.000082E-01, +3.811909E-10, 0.0, 0.0, -0.00283171, 90.0
1713501582.923343, -3.2, 3.670589e-06, -1.17718e-06, 3.924421e-06, 342.8976, 0, 0, 0, +5.000082E-01, +3.811909E-10, -2.3842e-07, 0.0, -0.00283171, 180.0
1713501589.4217715, 3.2, 3.597473e-06, -1.140639e-06, 3.76309e-06, 342.2386, 0, 0, 0, +5.000082E-01, +3.811909E-10, 0.0, 0.0, -0.00283195, 0.0
1713501595.920371, -3.2, 3.670589e-06, -1.17718e-06, 3.798054e-06, 342.2186, 0, 0, 0, +5.000082E-01, +3.811909E-10, -2.3842e-07, -2.3842e-07, -0.00283171, -135.0
1713501602.396199, 3.2, 3.560915e-06, -1.104097e-06, 3.704342e-06, 342.7734, 0, 0, 0, +5.000082E-01, +3.811909E-10, 0.0, -2.3842e-07, -0.00283171, -90.0
1713501608.8511705, -3.2, 3.670589e-06, -1.140639e-06, 3.81994e-06, 342.2186, 0, 0, 0, +5.000082E-01, +3.811909E-10, 0.0, 0.0, -0.00283195, 0.0
1713501615.334032, 3.2, 3.597473e-06, -1.140639e-06, 3.76309e-06, 342.2386, 0, 0, 0, +5.000082E-01, +3.811909E-10, -2.3842e-07, 0.0, -0.00283171, 180.0
1713501621.8088586, -3.2, 3.707147e-06, -1.17718e-06, 3.889562e-06, 342.5446, 0, 0, 0, +5.000082E-01, +3.811909E-10, 0.0, -2.3842e-07, -0.00283171, -45.0
1713501628.304612, 3.2, 3.634031e-06, -1.17718e-06, 3.808837e-06, 342.9383, 0, 0, 0, +5.000082E-01, +3.811909E-10, 0.0, 0.0, -0.00283171, 0.0
1713501634.7632895, -3.2, 3.743705e-06, -1.17718e-06, 3.9486e-06, 342.1998, 0, 0, 0, +5.000082E-01, +3.811909E-10, 0.0, 0.0, -0.00283195, 0.0
1713501657.4085906, 3.2, 3.597473e-06, -1.140639e-06, 3.878659e-06, 343.9351, 0, 0, 0, +1.000004E+00, +1.095785E-09, 0.0, 0.0, -0.00283171, 0.0
1713501663.8774993, -3.2, 3.853379e-06, -1.213722e-06, 4.029179e-06, 342.8593, 0, 0, 0, +1.000004E+00, +1.095785E-09, 0.0, 0.0, -0.00283171, 0.0
1713501670.3428032, 3.2, 3.707147e-06, -1.140639e-06, 3.857799e-06, 342.8976, 0, 0, 0, +1.000004E+00, +1.095785E-09, 0.0, 0.0, -0.00283171, 90.0
1713501676.8016145, -3.2, 3.889937e-06, -1.213722e-06, 4.005152e-06, 343.0125, 0, 0, 0, +1.000004E+00, +1.095785E-09, 0.0, 0.0, -0.00283195, 0.0
1713501683.2669148, 3.2, 3.597473e-06, -1.104097e-06, 3.787593e-06, 342.5741, 0, 0, 0, +1.000004E+00, +1.095785E-09, 0.0, 0.0, -0.00283171, 0.0
1713501689.7562237, -3.2, 3.926495e-06, -1.17718e-06, 4.144744e-06, 344.4323, 0, 0, 0, +1.000004E+00, +1.095785E-09, 0.0, 0.0, -0.00283171, 90.0
1713501696.2310987, 3.2, 3.707147e-06, -1.140639e-06, 3.798054e-06, 342.8976, 0, 0, 0, +1.000004E+00, +1.095785E-09, -2.3842e-07, 0.0, -0.00283171, 180.0
1713501702.7093258, -3.2, 3.889937e-06, -1.17718e-06, 4.064155e-06, 343.8015, 0, 0, 0, +1.000004E+00, +1.095785E-09, 0.0, 0.0, -0.00283195, 0.0
1713501709.1792984, 3.2, 3.707147e-06, -1.140639e-06, 3.903122e-06, 343.7186, 0, 0, 0, +1.000004E+00, +1.095785E-09, 0.0, 0.0, -0.00283195, 0.0
1713501715.6673298, -3.2, 3.926495e-06, -1.17718e-06, 4.07489e-06, 343.163, 0, 0, 0, +1.000004E+00, +1.095785E-09, 0.0, 0.0, -0.00283171, 90.0
1713501738.2828662, 3.2, 3.81682e-06, -1.140639e-06, 3.983614e-06, 343.3615, 0, 0, 0, +1.499967E+00, +1.689804E-09, 0.0, 0.0, -0.00283171, 90.0
1713501744.7583096, -3.2, 3.926495e-06, -1.140639e-06, 4.134191e-06, 343.311, 0, 0, 0, +1.499967E+00, +1.689804E-09, 0.0, 0.0, -0.00283195, 0.0
1713501751.2478974, 3.2, 3.780263e-06, -1.17718e-06, 3.9486e-06, 343.055, 0, 0, 0, +1.499967E+00, +1.689804E-09, -2.3842e-07, -2.3842e-07, -0.00283171, -135.0
1713501757.7326467, -3.2, 3.853379e-06, -1.17718e-06, 4.029179e-06, 343.163, 0, 0, 0, +1.499967E+00, +1.689804E-09, 0.0, -4.76841e-07, -0.00283171, -90.0
1713501764.2194211, 3.2, 3.743705e-06, -1.104097e-06, 3.9486e-06, 343.055, 0, 0, 0, +1.499967E+00, +1.689804E-09, 0.0, -2.3842e-07, -0.00283171, -45.0
1713501770.679927, -3.2, 3.670589e-06, -1.17718e-06, 3.854735e-06, 342.8976, 0, 0, 0, +1.499967E+00, +1.689804E-09, 0.0, 0.0, -0.00283171, 0.0
1713501777.1754398, 3.2, 3.707147e-06, -1.104097e-06, 3.833048e-06, 343.2589, 0, 0, 0, +1.499967E+00, +1.689804E-09, 0.0, 0.0, -0.00283195, 0.0
1713501783.660827, -3.2, 3.780263e-06, -1.213722e-06, 3.924421e-06, 342.5446, 0, 0, 0, +1.499967E+00, +1.689804E-09, 0.0, 0.0, -0.00283195, 0.0
1713501790.1497247, 3.2, 3.81682e-06, -1.140639e-06, 3.9382e-06, 343.7186, 0, 0, 0, +1.499967E+00, +1.689804E-09, 0.0, 0.0, -0.00283195, 0.0
1713501796.6183612, -3.2, 3.926495e-06, -1.17718e-06, 4.144744e-06, 343.6574, 0, 0, 0, +1.499967E+00, +1.689804E-09, 0.0, 0.0, -0.00283171, 90.0
1713501819.2505553, 3.2, 3.889937e-06, -1.17718e-06, 4.053722e-06, 343.6574, 0, 0, 0, +1.999974E+00, +2.196585E-09, -2.3842e-07, -2.3842e-07, -0.00283171, -135.0
1713501825.722474, -3.2, 3.853379e-06, -1.17718e-06, 3.959311e-06, 342.5446, 0, 0, 0, +1.999974E+00, +2.196585E-09, 0.0, -2.3842e-07, -0.00283171, -45.0
1713501832.207823, 3.2, 3.597473e-06, -1.17718e-06, 3.728157e-06, 342.7734, 0, 0, 0, +1.999974E+00, +2.196585E-09, 0.0, -4.76841e-07, -0.00283171, -63.438
1713501838.6635277, -3.2, 3.670589e-06, -1.17718e-06, 3.81994e-06, 342.0512, 0, 0, 0, +1.999974E+00, +2.196585E-09, 0.0, 2.3842e-07, -0.00283171, 90.0
1713501845.1423402, 3.2, 3.560915e-06, -1.17718e-06, 3.739141e-06, 342.2386, 0, 0, 0, +1.999974E+00, +2.196585E-09, 0.0, 0.0, -0.00283195, 0.0
1713501851.6074657, -3.2, 3.743705e-06, -1.17718e-06, 3.935536e-06, 342.0371, 0, 0, 0, +1.999974E+00, +2.196585E-09, 0.0, 0.0, -0.00283195, 0.0
1713501858.0862994, 3.2, 3.707147e-06, -1.104097e-06, 3.878659e-06, 343.4149, 0, 0, 0, +1.999974E+00, +2.196585E-09, -2.3842e-07, 0.0, -0.00283171, 180.0
1713501864.5753455, -3.2, 3.81682e-06, -1.140639e-06, 3.959311e-06, 341.6992, 0, 0, 0, +1.999974E+00, +2.196585E-09, 0.0, 0.0, -0.00283195, 0.0
1713501871.0706468, 3.2, 3.743705e-06, -1.067556e-06, 3.9486e-06, 343.7186, 0, 0, 0, +1.999974E+00, +2.196585E-09, 0.0, 0.0, -0.00283195, 0.0
1713501877.5290859, -3.2, 3.889937e-06, -1.213722e-06, 4.053722e-06, 343.163, 0, 0, 0, +1.999974E+00, +2.196585E-09, 0.0, 0.0, -0.00283171, 90.0
1713501900.175154, 3.2, 3.743705e-06, -1.140639e-06, 3.913615e-06, 343.5681, 0, 0, 0, +2.500077E+00, +2.523308E-09, 0.0, 0.0, -0.00283195, 0.0
1713501906.6609077, -3.2, 3.707147e-06, -1.17718e-06, 3.878659e-06, 341.8715, 0, 0, 0, +2.500077E+00, +2.523308E-09, -4.76841e-07, 0.0, -0.00283171, 180.0
1713501913.1622703, 3.2, 3.670589e-06, -1.140639e-06, 3.843733e-06, 342.2186, 0, 0, 0, +2.500077E+00, +2.523308E-09, 0.0, 0.0, -0.00283195, 0.0
1713501919.647733, -3.2, 3.670589e-06, -1.286805e-06, 3.808539e-06, 341.7029, 0, 0, 0, +2.500077E+00, +2.523308E-09, 0.0, 0.0, -0.00283195, 0.0
1713501926.1131737, 3.2, 3.597473e-06, -1.140639e-06, 3.704342e-06, 342.0661, 0, 0, 0, +2.500077E+00, +2.523308E-09, 0.0, -2.3842e-07, -0.00283171, -90.0
1713501932.6211436, -3.2, 3.670589e-06, -1.213722e-06, 3.854735e-06, 342.2186, 0, 0, 0, +2.500077E+00, +2.523308E-09, -2.3842e-07, 0.0, -0.00283171, 180.0
1713501939.087502, 3.2, 3.634031e-06, -1.17718e-06, 3.878659e-06, 343.1001, 0, 0, 0, +2.500077E+00, +2.523308E-09, 0.0, -2.3842e-07, -0.00283171, -90.0
1713501945.5593152, -3.2, 3.707147e-06, -1.213722e-06, 4.005152e-06, 342.8593, 0, 0, 0, +2.500077E+00, +2.523308E-09, 0.0, 0.0, -0.00283195, 0.0
1713501952.0553436, 3.2, 3.597473e-06, -1.17718e-06, 3.785177e-06, 342.4079, 0, 0, 0, +2.500077E+00, +2.523308E-09, 0.0, 0.0, -0.00283195, 0.0
1713501958.520207, -3.2, 3.707147e-06, -1.213722e-06, 3.970329e-06, 342.8593, 0, 0, 0, +2.500077E+00, +2.523308E-09, -2.3842e-07, 0.0, -0.00283171, 180.0
1713501981.1764703, 3.2, 3.487799e-06, -1.140639e-06, 3.64648e-06, 341.8904, 0, 0, 0, +3.000056E+00, +2.832383E-09, 0.0, 0.0, -0.00283195, 0.0
1713501987.6247802, -3.2, 3.634031e-06, -1.17718e-06, 3.81994e-06, 342.2186, 0, 0, 0, +3.000056E+00, +2.832383E-09, -2.3842e-07, 0.0, -0.00283171, 180.0
1713501994.1100135, 3.2, 3.487799e-06, -1.17718e-06, 3.704342e-06, 342.2386, 0, 0, 0, +3.000056E+00, +2.832383E-09, 0.0, 0.0, -0.00283195, 0.0
1713502000.568722, -3.2, 3.743705e-06, -1.213722e-06, 3.854735e-06, 341.8715, 0, 0, 0, +3.000056E+00, +2.832383E-09, 0.0, 0.0, -0.00283195, 0.0
1713502007.0373755, 3.2, 3.743705e-06, -1.17718e-06, 3.924421e-06, 343.055, 0, 0, 0, +3.000056E+00, +2.832383E-09, 0.0, 0.0, -0.00283195, 0.0
1713502013.4928741, -3.2, 3.81682e-06, -1.250264e-06, 4.005152e-06, 342.8593, 0, 0, 0, +3.000056E+00, +2.832383E-09, 0.0, 0.0, -0.00283195, 0.0
1713502019.952037, 3.2, 3.634031e-06, -1.17718e-06, 3.785177e-06, 341.1786, 0, 0, 0, +3.000056E+00, +2.832383E-09, 0.0, 2.3842e-07, -0.00283171, 90.0
1713502026.4371405, -3.2, 3.597473e-06, -1.213722e-06, 3.84309e-06, 342.0512, 0, 0, 0, +3.000056E+00, +2.832383E-09, 0.0, 0.0, -0.00283195, 0.0
1713502032.905855, 3.2, 3.487799e-06, -1.140639e-06, 3.75045e-06, 342.0661, 0, 0, 0, +3.000056E+00, +2.832383E-09, 0.0, 0.0, -0.00283195, 0.0
1713502039.4043684, -3.2, 3.634031e-06, -1.17718e-06, 3.808837e-06, 342.2186, 0, 0, 0, +3.000056E+00, +2.832383E-09, 0.0, 2.3842e-07, -0.00283171, 90.0
1713502062.0603049, 3.2, 3.487799e-06, -1.140639e-06, 3.64648e-06, 341.8904, 0, 0, 0, +3.500124E+00, +3.094396E-09, -2.3842e-07, 0.0, -0.00283171, 180.0
1713502068.5389094, -3.2, 3.634031e-06, -1.250264e-06, 3.7967e-06, 341.3565, 0, 0, 0, +3.500124E+00, +3.094396E-09, -2.3842e-07, 0.0, -0.00283171, 135.0
1713502075.0042946, 3.2, 3.451241e-06, -1.140639e-06, 3.611899e-06, 342.082, 0, 0, 0, +3.500124E+00, +3.094396E-09, 0.0, -2.3842e-07, -0.00283171, -45.0
1713502081.4704616, -3.2, 3.524357e-06, -1.250264e-06, 3.762079e-06, 340.9973, 0, 0, 0, +3.500124E+00, +3.094396E-09, 0.0, -2.3842e-07, -0.00283171, -45.0
1713502087.948299, 3.2, 3.414683e-06, -1.140639e-06, 3.600156e-06, 341.166, 0, 0, 0, +3.500124E+00, +3.094396E-09, 0.0, 0.0, -0.00283195, 0.0
1713502094.4145083, -3.2, 3.597473e-06, -1.213722e-06, 3.84309e-06, 341.5313, 0, 0, 0, +3.500124E+00, +3.094396E-09, 0.0, 0.0, -0.00283195, 0.0
1713502100.8926728, 3.2, 3.487799e-06, -1.213722e-06, 3.6811e-06, 341.8904, 0, 0, 0, +3.500124E+00, +3.094396E-09, 0.0, 0.0, -0.00283195, 0.0
1713502107.3679922, -3.2, 3.560915e-06, -1.17718e-06, 3.6811e-06, 341.1786, 0, 0, 0, +3.500124E+00, +3.094396E-09, -2.3842e-07, 0.0, -0.00283171, 180.0
1713502113.8867817, 3.2, 3.451241e-06, -1.140639e-06, 3.6811e-06, 341.7112, 0, 0, 0, +3.500124E+00, +3.094396E-09, 0.0, 0.0, -0.00283171, 90.0
1713502120.3630016, -3.2, 3.597473e-06, -1.213722e-06, 3.7967e-06, 341.3565, 0, 0, 0, +3.500124E+00, +3.094396E-09, 0.0, -2.3842e-07, -0.00283171, -90.0
1713502143.0311027, 3.2, 3.524357e-06, -1.17718e-06, 3.715757e-06, 341.1786, 0, 0, 0, +4.000169E+00, +3.302406E-09, 0.0, 0.0, -0.00283171, 90.0
1713502149.5280604, -3.2, 3.634031e-06, -1.213722e-06, 3.854735e-06, 342.2186, 0, 0, 0, +4.000169E+00, +3.302406E-09, 0.0, -2.3842e-07, -0.00283171, -90.0
1713502155.9953797, 3.2, 3.524357e-06, -1.17718e-06, 3.704342e-06, 341.707, 0, 0, 0, +4.000169E+00, +3.302406E-09, -2.3842e-07, 0.0, -0.00283171, 180.0
1713502162.4440987, -3.2, 3.670589e-06, -1.213722e-06, 3.81994e-06, 341.5313, 0, 0, 0, +4.000169E+00, +3.302406E-09, 2.3842e-07, 0.0, -0.00283171, 0.0
1713502168.9192235, 3.2, 3.487799e-06, -1.140639e-06, 3.6811e-06, 341.8904, 0, 0, 0, +4.000169E+00, +3.302406E-09, 0.0, 0.0, -0.00283171, 90.0
1713502175.3779058, -3.2, 3.597473e-06, -1.213722e-06, 3.831358e-06, 340.8357, 0, 0, 0, +4.000169E+00, +3.302406E-09, 0.0, 0.0, -0.00283195, 0.0
1713502181.8370903, 3.2, 3.487799e-06, -1.140639e-06, 3.727494e-06, 342.0661, 0, 0, 0, +4.000169E+00, +3.302406E-09, 0.0, 0.0, -0.00283195, 0.0
1713502188.3021321, -3.2, 3.670589e-06, -1.17718e-06, 3.889562e-06, 341.8715, 0, 0, 0, +4.000169E+00, +3.302406E-09, 0.0, -2.3842e-07, -0.00283171, -45.0
1713502194.7909389, 3.2, 3.524357e-06, -1.17718e-06, 3.715757e-06, 341.707, 0, 0, 0, +4.000169E+00, +3.302406E-09, -4.76841e-07, 0.0, -0.00283171, 153.438
1713502201.2669146, -3.2, 3.634031e-06, -1.213722e-06, 3.854735e-06, 342.2186, 0, 0, 0, +4.000169E+00, +3.302406E-09, 0.0, -2.3842e-07, -0.00283171, -90.0
1713502223.9122953, 3.2, 3.487799e-06, -1.140639e-06, 3.669578e-06, 341.3498, 0, 0, 0, +4.500141E+00, +3.459140E-09, 0.0, -2.3842e-07, -0.00283171, -90.0
1713502230.40083, -3.2, 3.597473e-06, -1.213722e-06, 3.75045e-06, 341.3565, 0, 0, 0, +4.500141E+00, +3.459140E-09, 0.0, 0.0, -0.00283171, 90.0
1713502236.9065187, 3.2, 3.487799e-06, -1.17718e-06, 3.64648e-06, 341.8904, 0, 0, 0, +4.500141E+00, +3.459140E-09, 0.0, -2.3842e-07, -0.00283171, -45.0
1713502243.3853166, -3.2, 3.524357e-06, -1.213722e-06, 3.762079e-06, 341.1786, 0, 0, 0, +4.500141E+00, +3.459140E-09, 0.0, 0.0, -0.00283195, 0.0
1713502249.853691, 3.2, 3.414683e-06, -1.140639e-06, 3.634849e-06, 341.5287, 0, 0, 0, +4.500141E+00, +3.459140E-09, 0.0, 0.0, -0.00283171, 90.0
1713502256.349065, -3.2, 3.560915e-06, -1.213722e-06, 3.762079e-06, 340.4679, 0, 0, 0, +4.500141E+00, +3.459140E-09, 0.0, 0.0, -0.00283171, 0.0
1713502262.847639, 3.2, 3.414683e-06, -1.17718e-06, 3.611899e-06, 340.9789, 0, 0, 0, +4.500141E+00, +3.459140E-09, -2.3842e-07, 0.0, -0.00283171, 180.0
1713502269.3266265, -3.2, 3.560915e-06, -1.17718e-06, 3.762079e-06, 340.6534, 0, 0, 0, +4.500141E+00, +3.459140E-09, 0.0, 0.0, -0.00283171, 45.0
1713502275.8019998, 3.2, 3.487799e-06, -1.140639e-06, 3.6811e-06, 341.8904, 0, 0, 0, +4.500141E+00, +3.459140E-09, 0.0, -2.3842e-07, -0.00283171, -45.0
1713502282.270573, -3.2, 3.560915e-06, -1.286805e-06, 3.7967e-06, 341.707, 0, 0, 0, +4.500141E+00, +3.459140E-09, 0.0, 0.0, -0.00283195, 0.0
1713502304.956685, 3.2, 3.524357e-06, -1.140639e-06, 3.715757e-06, 341.7112, 0, 0, 0, +5.000203E+00, +3.642157E-09, 0.0, -2.3842e-07, -0.00283171, -90.0
1713502311.4219167, -3.2, 3.597473e-06, -1.250264e-06, 3.7967e-06, 341.3565, 0, 0, 0, +5.000203E+00, +3.642157E-09, 0.0, 0.0, -0.00283195, 0.0
1713502317.8907845, 3.2, 3.487799e-06, -1.140639e-06, 3.75045e-06, 341.8806, 0, 0, 0, +5.000203E+00, +3.642157E-09, 0.0, 0.0, -0.00283171, 0.0
1713502324.3457255, -3.2, 3.670589e-06, -1.213722e-06, 3.843733e-06, 341.7029, 0, 0, 0, +5.000203E+00, +3.642157E-09, 0.0, 0.0, -0.00283195, 0.0
1713502330.8179736, 3.2, 3.560915e-06, -1.17718e-06, 3.878659e-06, 342.5741, 0, 0, 0, +5.000203E+00, +3.642157E-09, -2.3842e-07, 0.0, -0.00283171, 180.0
1713502337.2933838, -3.2, 3.743705e-06, -1.213722e-06, 3.924421e-06, 342.3831, 0, 0, 0, +5.000203E+00, +3.642157E-09, 0.0, 0.0, -0.00283195, 0.0
1713502343.758846, 3.2, 3.634031e-06, -1.17718e-06, 3.854735e-06, 342.2186, 0, 0, 0, +5.000203E+00, +3.642157E-09, 0.0, 0.0, -0.00283171, 90.0
1713502350.2342153, -3.2, 3.81682e-06, -1.213722e-06, 4.005152e-06, 342.5168, 0, 0, 0, +5.000203E+00, +3.642157E-09, -2.3842e-07, 0.0, -0.00283171, 135.0
1713502356.736339, 3.2, 3.597473e-06, -1.140639e-06, 3.785177e-06, 342.0512, 0, 0, 0, +5.000203E+00, +3.642157E-09, -2.3842e-07, 0.0, -0.00283171, 180.0
1713502363.2515383, -3.2, 3.743705e-06, -1.213722e-06, 3.900777e-06, 341.8715, 0, 0, 0, +5.000203E+00, +3.642157E-09, -2.3842e-07, -4.76841e-07, -0.00283171, -116.562
1713502385.9047608, 3.2, 3.707147e-06, -1.17718e-06, 3.843733e-06, 342.0512, 0, 0, 0, +5.500167E+00, +3.785713E-09, 0.0, 0.0, -0.00283171, 45.0
1713502392.3860986, -3.2, 3.81682e-06, -1.213722e-06, 4.016376e-06, 342.1998, 0, 0, 0, +5.500167E+00, +3.785713E-09, 0.0, 0.0, -0.00283171, 0.0
1713502398.8546746, 3.2, 3.707147e-06, -1.17718e-06, 3.878659e-06, 342.5446, 0, 0, 0, +5.500167E+00, +3.785713E-09, 2.3842e-07, 0.0, -0.00283171, 26.562
1713502405.3499928, -3.2, 3.670589e-06, -1.140639e-06, 3.854735e-06, 341.1903, 0, 0, 0, +5.500167E+00, +3.785713E-09, -2.3842e-07, 0.0, -0.00283171, 180.0
1713502411.845684, 3.2, 3.524357e-06, -1.17718e-06, 3.692948e-06, 340.9973, 0, 0, 0, +5.500167E+00, +3.785713E-09, 0.0, 0.0, -0.00283171, 0.0
1713502418.3143349, -3.2, 3.634031e-06, -1.213722e-06, 3.7967e-06, 341.8806, 0, 0, 0, +5.500167E+00, +3.785713E-09, 0.0, 0.0, -0.00283195, 0.0
1713502424.773387, 3.2, 3.524357e-06, -1.17718e-06, 3.715757e-06, 341.166, 0, 0, 0, +5.500167E+00, +3.785713E-09, 0.0, 0.0, -0.00283195, 0.0
1713502431.2383747, -3.2, 3.670589e-06, -1.17718e-06, 3.900777e-06, 342.1998, 0, 0, 0, +5.500167E+00, +3.785713E-09, 0.0, 0.0, -0.00283171, 0.0
1713502437.7270463, 3.2, 3.780263e-06, -1.17718e-06, 3.9486e-06, 342.8976, 0, 0, 0, +5.500167E+00, +3.785713E-09, -2.3842e-07, 0.0, -0.00283171, 180.0
1713502444.2260044, -3.2, 3.853379e-06, -1.213722e-06, 4.040006e-06, 342.0371, 0, 0, 0, +5.500167E+00, +3.785713E-09, 0.0, -4.76841e-07, -0.00283171, -63.438
1713502466.898297, 3.2, 3.670589e-06, -1.17718e-06, 3.866051e-06, 342.3831, 0, 0, 0, +6.000209E+00, +3.929061E-09, 0.0, 0.0, -0.00283195, 0.0
1713502473.3702755, -3.2, 3.743705e-06, -1.213722e-06, 3.912301e-06, 341.7029, 0, 0, 0, +6.000209E+00, +3.929061E-09, -2.3842e-07, 0.0, -0.00283171, 135.0
1713502479.8659308, 3.2, 3.524357e-06, -1.213722e-06, 3.692948e-06, 341.166, 0, 0, 0, +6.000209E+00, +3.929061E-09, 0.0, 0.0, -0.00283195, 0.0
1713502486.3411853, -3.2, 3.597473e-06, -1.250264e-06, 3.7967e-06, 340.8357, 0, 0, 0, +6.000209E+00, +3.929061E-09, 0.0, -2.3842e-07, -0.00283171, -90.0
1713502492.8467896, 3.2, 3.524357e-06, -1.17718e-06, 3.704342e-06, 342.0661, 0, 0, 0, +6.000209E+00, +3.929061E-09, 0.0, 0.0, -0.00283171, 90.0
1713502499.323858, -3.2, 3.670589e-06, -1.213722e-06, 3.866051e-06, 342.0512, 0, 0, 0, +6.000209E+00, +3.929061E-09, 0.0, 0.0, -0.00283195, 0.0
1713502505.7973762, 3.2, 3.524357e-06, -1.17718e-06, 3.715757e-06, 341.3498, 0, 0, 0, +6.000209E+00, +3.929061E-09, 0.0, 0.0, -0.00283171, 45.0
1713502512.2427795, -3.2, 3.670589e-06, -1.213722e-06, 3.866051e-06, 341.0146, 0, 0, 0, +6.000209E+00, +3.929061E-09, 0.0, 0.0, -0.00283171, 45.0
1713502518.727771, 3.2, 3.597473e-06, -1.140639e-06, 3.75045e-06, 342.4079, 0, 0, 0, +6.000209E+00, +3.929061E-09, 0.0, 0.0, -0.00283171, 45.0
1713502525.1934602, -3.2, 3.634031e-06, -1.250264e-06, 3.912301e-06, 341.0146, 0, 0, 0, +6.000209E+00, +3.929061E-09, 0.0, 0.0, -0.00283171, 90.0
1713502547.8625593, 3.2, 3.81682e-06, -1.17718e-06, 3.970329e-06, 343.3615, 0, 0, 0, +6.500228E+00, +4.010669E-09, -2.3842e-07, 0.0, -0.00283171, 180.0
1713502554.3478544, -3.2, 3.963052e-06, -1.213722e-06, 4.085923e-06, 342.6713, 0, 0, 0, +6.500228E+00, +4.010669E-09, 0.0, -2.3842e-07, -0.00283171, -45.0
1713502560.8400238, 3.2, 3.81682e-06, -1.213722e-06, 4.005152e-06, 342.3597, 0, 0, 0, +6.500228E+00, +4.010669E-09, 0.0, 0.0, -0.00283195, 0.0
1713502567.325475, -3.2, 3.963052e-06, -1.250264e-06, 4.144744e-06, 342.9723, 0, 0, 0, +6.500228E+00, +4.010669E-09, 0.0, 0.0, -0.00283171, 0.0
1713502573.7906733, 3.2, 3.853379e-06, -1.17718e-06, 4.064155e-06, 342.6713, 0, 0, 0, +6.500228E+00, +4.010669E-09, 0.0, 0.0, -0.00283171, 90.0
1713502580.2698848, -3.2, 3.926495e-06, -1.213722e-06, 4.134191e-06, 343.4565, 0, 0, 0, +6.500228E+00, +4.010669E-09, 0.0, 0.0, -0.00283195, 0.0
1713502586.7453346, 3.2, 3.81682e-06, -1.213722e-06, 3.959311e-06, 342.8976, 0, 0, 0, +6.500228E+00, +4.010669E-09, 0.0, -2.3842e-07, -0.00283171, -90.0
1713502593.243701, -3.2, 3.780263e-06, -1.250264e-06, 3.970329e-06, 341.6992, 0, 0, 0, +6.500228E+00, +4.010669E-09, 0.0, 0.0, -0.00283171, 90.0
1713502599.7124937, 3.2, 3.780263e-06, -1.17718e-06, 3.913615e-06, 342.3831, 0, 0, 0, +6.500228E+00, +4.010669E-09, -2.3842e-07, 0.0, -0.00283171, 135.0
1713502606.1880343, -3.2, 3.743705e-06, -1.213722e-06, 3.946959e-06, 341.8715, 0, 0, 0, +6.500228E+00, +4.010669E-09, 0.0, 0.0, -0.00283195, 0.0
1713502628.8173149, 3.2, 3.707147e-06, -1.140639e-06, 3.868071e-06, 342.2186, 0, 0, 0, +7.000164E+00, +4.117667E-09, 0.0, 0.0, -0.00283195, 0.0
1713502635.2718043, -3.2, 3.743705e-06, -1.213722e-06, 3.935536e-06, 341.6992, 0, 0, 0, +7.000164E+00, +4.117667E-09, 0.0, 0.0, -0.00283195, 0.0
1713502641.7577298, 3.2, 3.707147e-06, -1.17718e-06, 3.983614e-06, 342.7033, 0, 0, 0, +7.000164E+00, +4.117667E-09, 0.0, -2.3842e-07, -0.00283171, -90.0
1713502648.275855, -3.2, 3.780263e-06, -1.213722e-06, 3.970329e-06, 342.1998, 0, 0, 0, +7.000164E+00, +4.117667E-09, 0.0, -2.3842e-07, -0.00283171, -90.0
1713502654.7653637, 3.2, 3.634031e-06, -1.213722e-06, 3.854735e-06, 342.2186, 0, 0, 0, +7.000164E+00, +4.117667E-09, 0.0, -2.3842e-07, -0.00283171, -90.0
1713502661.2713256, -3.2, 3.853379e-06, -1.250264e-06, 4.109803e-06, 342.9723, 0, 0, 0, +7.000164E+00, +4.117667E-09, 0.0, 0.0, -0.00283171, 90.0
1713502667.7463872, 3.2, 3.81682e-06, -1.17718e-06, 4.029179e-06, 342.8593, 0, 0, 0, +7.000164E+00, +4.117667E-09, 0.0, -2.3842e-07, -0.00283171, -45.0
1713502674.2079244, -3.2, 3.963052e-06, -1.250264e-06, 4.09916e-06, 342.3376, 0, 0, 0, +7.000164E+00, +4.117667E-09, 0.0, 0.0, -0.00283171, 0.0
1713502680.6635659, 3.2, 3.81682e-06, -1.213722e-06, 4.029179e-06, 342.8593, 0, 0, 0, +7.000164E+00, +4.117667E-09, 0.0, 0.0, -0.00283195, 0.0
1713502687.122296, -3.2, 3.670589e-06, -1.213722e-06, 3.900777e-06, 341.5325, 0, 0, 0, +7.000164E+00, +4.117667E-09, 0.0, 0.0, -0.00283195, 0.0
1713502709.7777565, 3.2, 3.743705e-06, -1.213722e-06, 3.959311e-06, 342.7033, 0, 0, 0, +7.499833E+00, +4.203144E-09, 0.0, -2.3842e-07, -0.00283171, -90.0
1713502716.2569757, -3.2, 3.889937e-06, -1.213722e-06, 4.07489e-06, 342.6713, 0, 0, 0, +7.499833E+00, +4.203144E-09, 0.0, -2.3842e-07, -0.00283171, -45.0
1713502722.7219374, 3.2, 3.743705e-06, -1.17718e-06, 3.924421e-06, 342.8976, 0, 0, 0, +7.499833E+00, +4.203144E-09, 0.0, 0.0, -0.00283195, 0.0
1713502729.1974602, -3.2, 3.81682e-06, -1.250264e-06, 4.016376e-06, 342.0239, 0, 0, 0, +7.499833E+00, +4.203144E-09, 0.0, 0.0, -0.00283195, 0.0
1713502735.6561701, 3.2, 3.780263e-06, -1.17718e-06, 3.913615e-06, 342.5446, 0, 0, 0, +7.499833E+00, +4.203144E-09, 0.0, 0.0, -0.00283195, 0.0
1713502742.1351173, -3.2, 3.81682e-06, -1.213722e-06, 4.016376e-06, 342.1998, 0, 0, 0, +7.499833E+00, +4.203144E-09, 0.0, 0.0, -0.00283195, 0.0
1713502748.6102765, 3.2, 3.707147e-06, -1.17718e-06, 3.878659e-06, 343.055, 0, 0, 0, +7.499833E+00, +4.203144E-09, 0.0, -4.76841e-07, -0.00283171, -63.438
1713502755.0597486, -3.2, 3.853379e-06, -1.213722e-06, 3.935536e-06, 341.5325, 0, 0, 0, +7.499833E+00, +4.203144E-09, 0.0, 0.0, -0.00283171, 90.0
1713502761.554746, 3.2, 3.597473e-06, -1.213722e-06, 3.75045e-06, 340.9973, 0, 0, 0, +7.499833E+00, +4.203144E-09, -2.3842e-07, 0.0, -0.00283171, 135.0
1713502768.0527923, -3.2, 3.670589e-06, -1.213722e-06, 3.912301e-06, 341.7029, 0, 0, 0, +7.499833E+00, +4.203144E-09, 0.0, 0.0, -0.00283195, 0.0
1713502790.7385623, 3.2, 3.634031e-06, -1.213722e-06, 3.785177e-06, 341.8806, 0, 0, 0, +7.999928E+00, +4.288068E-09, 0.0, 0.0, -0.00283171, 0.0
1713502797.197035, -3.2, 3.743705e-06, -1.250264e-06, 3.935536e-06, 342.0371, 0, 0, 0, +7.999928E+00, +4.288068E-09, -2.3842e-07, 0.0, -0.00283171, 180.0
1713502803.6563184, 3.2, 3.707147e-06, -1.17718e-06, 3.959311e-06, 342.3831, 0, 0, 0, +7.999928E+00, +4.288068E-09, 0.0, 0.0, -0.00283171, 45.0
1713502810.1120267, -3.2, 3.889937e-06, -1.213722e-06, 4.085923e-06, 342.8231, 0, 0, 0, +7.999928E+00, +4.288068E-09, 0.0, 0.0, -0.00283171, 90.0
1713502816.5872052, 3.2, 3.670589e-06, -1.17718e-06, 3.946959e-06, 342.1998, 0, 0, 0, +7.999928E+00, +4.288068E-09, 0.0, 0.0, -0.00283195, 0.0
1713502823.0922675, -3.2, 3.81682e-06, -1.213722e-06, 4.016376e-06, 341.8629, 0, 0, 0, +7.999928E+00, +4.288068E-09, 0.0, 0.0, -0.00283171, 90.0
1713502829.5647323, 3.2, 3.743705e-06, -1.17718e-06, 3.970329e-06, 342.0371, 0, 0, 0, +7.999928E+00, +4.288068E-09, 0.0, -2.3842e-07, -0.00283171, -90.0
1713502836.0499332, -3.2, 3.889937e-06, -1.250264e-06, 4.120743e-06, 342.1821, 0, 0, 0, +7.999928E+00, +4.288068E-09, -2.3842e-07, 0.0, -0.00283171, 180.0
1713502842.5454595, 3.2, 3.780263e-06, -1.213722e-06, 3.924421e-06, 342.7033, 0, 0, 0, +7.999928E+00, +4.288068E-09, -2.3842e-07, 0.0, -0.00283171, 180.0
1713502849.0637252, -3.2, 3.889937e-06, -1.250264e-06, 4.085923e-06, 342.5168, 0, 0, 0, +7.999928E+00, +4.288068E-09, -2.3842e-07, -2.3842e-07, -0.00283171, -135.0
1713502871.6804993, 3.2, 3.597473e-06, -1.17718e-06, 3.75045e-06, 341.1786, 0, 0, 0, +8.499936E+00, +4.375809E-09, 0.0, 0.0, -0.00283195, 0.0
1713502878.1486583, -3.2, 3.743705e-06, -1.213722e-06, 3.912301e-06, 341.7029, 0, 0, 0, +8.499936E+00, +4.375809E-09, 0.0, 0.0, -0.00283171, 90.0
1713502884.6171002, 3.2, 3.560915e-06, -1.213722e-06, 3.7967e-06, 341.1786, 0, 0, 0, +8.499936E+00, +4.375809E-09, -2.3842e-07, 0.0, -0.00283171, 180.0
1713502891.1226149, -3.2, 3.707147e-06, -1.213722e-06, 3.877677e-06, 341.8715, 0, 0, 0, +8.499936E+00, +4.375809E-09, 0.0, 0.0, -0.00283195, 0.0
1713502897.571954, 3.2, 3.560915e-06, -1.213722e-06, 3.785177e-06, 341.3565, 0, 0, 0, +8.499936E+00, +4.375809E-09, -4.76841e-07, 0.0, -0.00283171, 180.0
1713502904.036819, -3.2, 3.743705e-06, -1.250264e-06, 3.912301e-06, 341.7029, 0, 0, 0, +8.499936E+00, +4.375809E-09, -2.3842e-07, 0.0, -0.00283171, 180.0
1713502910.522195, 3.2, 3.597473e-06, -1.17718e-06, 3.7967e-06, 341.8806, 0, 0, 0, +8.499936E+00, +4.375809E-09, 0.0, 0.0, -0.00283171, 0.0
1713502916.9941638, -3.2, 3.707147e-06, -1.17718e-06, 3.946959e-06, 341.6992, 0, 0, 0, +8.499936E+00, +4.375809E-09, 0.0, 0.0, -0.00283171, 90.0
1713502923.4597108, 3.2, 3.634031e-06, -1.213722e-06, 3.831358e-06, 342.0512, 0, 0, 0, +8.499936E+00, +4.375809E-09, -2.3842e-07, 0.0, -0.00283171, 180.0
1713502929.9452293, -3.2, 3.707147e-06, -1.213722e-06, 3.900777e-06, 341.3629, 0, 0, 0, +8.499936E+00, +4.375809E-09, 0.0, 0.0, -0.00283195, 0.0
1713502952.5940518, 3.2, 3.597473e-06, -1.213722e-06, 3.785177e-06, 341.707, 0, 0, 0, +8.999920E+00, +4.453238E-09, 0.0, 0.0, -0.00283195, 0.0
1713502959.0597422, -3.2, 3.707147e-06, -1.250264e-06, 3.900777e-06, 342.5446, 0, 0, 0, +8.999920E+00, +4.453238E-09, 0.0, 0.0, -0.00283195, 0.0
1713502965.5251076, 3.2, 3.524357e-06, -1.250264e-06, 3.7967e-06, 341.8806, 0, 0, 0, +8.999920E+00, +4.453238E-09, 0.0, 0.0, -0.00283171, 0.0
1713502972.033643, -3.2, 3.707147e-06, -1.213722e-06, 3.946959e-06, 341.3629, 0, 0, 0, +8.999920E+00, +4.453238E-09, 0.0, 0.0, -0.00283171, 0.0
1713502978.5022988, 3.2, 3.597473e-06, -1.213722e-06, 3.831358e-06, 341.1786, 0, 0, 0, +8.999920E+00, +4.453238E-09, 0.0, -2.3842e-07, -0.00283171, -90.0
1713502984.9712112, -3.2, 3.743705e-06, -1.250264e-06, 3.970329e-06, 341.5325, 0, 0, 0, +8.999920E+00, +4.453238E-09, 0.0, 0.0, -0.00283195, 0.0
1713502991.4465287, 3.2, 3.597473e-06, -1.213722e-06, 3.762079e-06, 342.0512, 0, 0, 0, +8.999920E+00, +4.453238E-09, 0.0, 0.0, -0.00283195, 0.0
1713502997.9123814, -3.2, 3.670589e-06, -1.250264e-06, 3.935536e-06, 341.3629, 0, 0, 0, +8.999920E+00, +4.453238E-09, 0.0, 0.0, -0.00283195, 0.0
1713503004.3873365, 3.2, 3.597473e-06, -1.213722e-06, 3.7967e-06, 341.1786, 0, 0, 0, +8.999920E+00, +4.453238E-09, 0.0, 0.0, -0.00283171, 45.0
1713503010.859251, -3.2, 3.743705e-06, -1.250264e-06, 3.946959e-06, 341.5325, 0, 0, 0, +8.999920E+00, +4.453238E-09, 0.0, 0.0, -0.00283171, 90.0
1713503033.5546002, 3.2, 3.597473e-06, -1.213722e-06, 3.785177e-06, 341.3565, 0, 0, 0, +9.499982E+00, +4.503829E-09, 0.0, 0.0, -0.00283171, 0.0
1713503040.0302868, -3.2, 3.707147e-06, -1.17718e-06, 3.855133e-06, 341.1903, 0, 0, 0, +9.499982E+00, +4.503829E-09, -2.3842e-07, 0.0, -0.00283171, 180.0
1713503046.4991205, 3.2, 3.597473e-06, -1.17718e-06, 3.762079e-06, 340.9973, 0, 0, 0, +9.499982E+00, +4.503829E-09, 0.0, 0.0, -0.00283171, 90.0
1713503052.9579246, -3.2, 3.670589e-06, -1.17718e-06, 3.866051e-06, 341.5313, 0, 0, 0, +9.499982E+00, +4.503829E-09, 0.0, 0.0, -0.00283171, 45.0
1713503059.4733486, 3.2, 3.597473e-06, -1.213722e-06, 3.7967e-06, 341.3565, 0, 0, 0, +9.499982E+00, +4.503829E-09, 0.0, 0.0, -0.00283195, 0.0
1713503065.9319465, -3.2, 3.670589e-06, -1.250264e-06, 3.912301e-06, 341.3629, 0, 0, 0, +9.499982E+00, +4.503829E-09, 0.0, 0.0, -0.00283195, 0.0
1713503072.4006891, 3.2, 3.597473e-06, -1.213722e-06, 3.81994e-06, 341.5313, 0, 0, 0, +9.499982E+00, +4.503829E-09, 0.0, 0.0, -0.00283195, 0.0
1713503078.856278, -3.2, 3.743705e-06, -1.286805e-06, 3.970329e-06, 341.8629, 0, 0, 0, +9.499982E+00, +4.503829E-09, 0.0, -2.3842e-07, -0.00283171, -90.0
1713503085.35166, 3.2, 3.670589e-06, -1.213722e-06, 3.854735e-06, 342.2186, 0, 0, 0, +9.499982E+00, +4.503829E-09, 0.0, 0.0, -0.00283171, 90.0
1713503091.8441806, -3.2, 3.780263e-06, -1.213722e-06, 4.005152e-06, 342.3597, 0, 0, 0, +9.499982E+00, +4.503829E-09, 0.0, 0.0, -0.00283171, 45.0
1713503114.4860651, 3.2, 3.670589e-06, -1.213722e-06, 3.900777e-06, 342.3831, 0, 0, 0, +9.999971E+00, +4.551642E-09, 0.0, 0.0, -0.00283171, 90.0
1713503120.951354, -3.2, 3.780263e-06, -1.250264e-06, 4.016376e-06, 341.6992, 0, 0, 0, +9.999971E+00, +4.551642E-09, -2.3842e-07, 0.0, -0.00283171, 135.0
1713503127.4334955, 3.2, 3.707147e-06, -1.17718e-06, 3.889562e-06, 342.8976, 0, 0, 0, +9.999971E+00, +4.551642E-09, 0.0, 0.0, -0.00283171, 0.0
1713503133.9088693, -3.2, 3.81682e-06, -1.213722e-06, 4.005152e-06, 341.369, 0, 0, 0, +9.999971E+00, +4.551642E-09, 0.0, 0.0, -0.00283171, 45.0
1713503140.3942835, 3.2, 3.707147e-06, -1.17718e-06, 3.866051e-06, 342.2186, 0, 0, 0, +9.999971E+00, +4.551642E-09, 0.0, 0.0, -0.00283171, 45.0
1713503146.8727772, -3.2, 3.81682e-06, -1.213722e-06, 4.005152e-06, 341.6992, 0, 0, 0, +9.999971E+00, +4.551642E-09, -2.3842e-07, -2.3842e-07, -0.00283171, -135.0
1713503153.3613255, 3.2, 3.634031e-06, -1.213722e-06, 3.831358e-06, 341.3565, 0, 0, 0, +9.999971E+00, +4.551642E-09, 0.0, 0.0, -0.00283171, 90.0
1713503159.8404753, -3.2, 3.743705e-06, -1.250264e-06, 3.958686e-06, 341.8715, 0, 0, 0, +9.999971E+00, +4.551642E-09, -2.3842e-07, 0.0, -0.00283171, 180.0
1713503166.3059177, 3.2, 3.597473e-06, -1.213722e-06, 3.808539e-06, 341.0146, 0, 0, 0, +9.999971E+00, +4.551642E-09, -2.3842e-07, 0.0, -0.00283171, 180.0
1713503172.8019826, -3.2, 3.707147e-06, -1.286805e-06, 3.946959e-06, 341.6992, 0, 0, 0, +9.999971E+00, +4.551642E-09, 0.0, -2.3842e-07, -0.00283171, -90.0
1713503195.4400995, 3.2, 3.743705e-06, -1.213722e-06, 3.889562e-06, 341.8715, 0, 0, 0, +1.050001E+01, +4.617908E-09, 2.3842e-07, -2.3842e-07, -0.00283171, -26.562
1713503201.9257832, -3.2, 3.81682e-06, -1.250264e-06, 4.016376e-06, 342.0239, 0, 0, 0, +1.050001E+01, +4.617908E-09, -2.3842e-07, 0.0, -0.00283171, 180.0
1713503208.411799, 3.2, 3.780263e-06, -1.17718e-06, 3.935536e-06, 342.0371, 0, 0, 0, +1.050001E+01, +4.617908E-09, 0.0, 0.0, -0.00283195, 0.0
1713503214.8832312, -3.2, 3.853379e-06, -1.250264e-06, 4.097252e-06, 342.6713, 0, 0, 0, +1.050001E+01, +4.617908E-09, 0.0, 0.0, -0.00283171, 0.0
1713503221.3785868, 3.2, 3.707147e-06, -1.17718e-06, 3.924421e-06, 342.3831, 0, 0, 0, +1.050001E+01, +4.617908E-09, 0.0, 0.0, -0.00283171, 0.0
1713503227.8740892, -3.2, 3.780263e-06, -1.250264e-06, 4.040006e-06, 341.8629, 0, 0, 0, +1.050001E+01, +4.617908E-09, 0.0, 0.0, -0.00283171, 90.0
1713503234.3727703, 3.2, 3.634031e-06, -1.213722e-06, 3.831358e-06, 340.8357, 0, 0, 0, +1.050001E+01, +4.617908E-09, 0.0, 0.0, -0.00283171, 45.0
1713503240.8415234, -3.2, 3.743705e-06, -1.213722e-06, 3.900777e-06, 341.3629, 0, 0, 0, +1.050001E+01, +4.617908E-09, 0.0, 0.0, -0.00283195, 0.0
1713503247.28693, 3.2, 3.597473e-06, -1.213722e-06, 3.7967e-06, 341.8806, 0, 0, 0, +1.050001E+01, +4.617908E-09, 0.0, 0.0, -0.00283195, 0.0
1713503253.735891, -3.2, 3.743705e-06, -1.250264e-06, 3.946959e-06, 341.8715, 0, 0, 0, +1.050001E+01, +4.617908E-09, 0.0, 0.0, -0.00283171, 45.0
1713503276.3811738, 3.2, 3.670589e-06, -1.213722e-06, 3.900777e-06, 342.3831, 0, 0, 0, +1.099999E+01, +4.676735E-09, 0.0, 0.0, -0.00283195, 0.0
1713503282.8496408, -3.2, 3.853379e-06, -1.250264e-06, 4.06256e-06, 341.8629, 0, 0, 0, +1.099999E+01, +4.676735E-09, 0.0, 0.0, -0.00283171, 90.0
1713503289.3155181, 3.2, 3.707147e-06, -1.17718e-06, 3.889562e-06, 341.8715, 0, 0, 0, +1.099999E+01, +4.676735E-09, 0.0, 0.0, -0.00283195, 0.0
1713503295.7808244, -3.2, 3.81682e-06, -1.250264e-06, 4.016376e-06, 341.8629, 0, 0, 0, +1.099999E+01, +4.676735E-09, 0.0, 2.3842e-07, -0.00283171, 90.0
1713503302.292797, 3.2, 3.707147e-06, -1.17718e-06, 3.831358e-06, 342.0512, 0, 0, 0, +1.099999E+01, +4.676735E-09, 0.0, 0.0, -0.00283171, 90.0
1713503308.798643, -3.2, 3.81682e-06, -1.250264e-06, 3.981651e-06, 341.2014, 0, 0, 0, +1.099999E+01, +4.676735E-09, 0.0, -2.3842e-07, -0.00283171, -90.0
1713503315.257424, 3.2, 3.634031e-06, -1.17718e-06, 3.7967e-06, 341.3565, 0, 0, 0, +1.099999E+01, +4.676735E-09, 2.3842e-07, 0.0, -0.00283171, 26.562
1713503321.7528846, -3.2, 3.707147e-06, -1.286805e-06, 3.912301e-06, 341.8715, 0, 0, 0, +1.099999E+01, +4.676735E-09, 0.0, 0.0, -0.00283171, 90.0
1713503328.2493622, 3.2, 3.560915e-06, -1.17718e-06, 3.762079e-06, 341.1786, 0, 0, 0, +1.099999E+01, +4.676735E-09, 0.0, -2.3842e-07, -0.00283171, -90.0
1713503334.7165332, -3.2, 3.634031e-06, -1.250264e-06, 3.877677e-06, 341.0146, 0, 0, 0, +1.099999E+01, +4.676735E-09, -2.3842e-07, 0.0, -0.00283171, 180.0
1713503357.3757076, 3.2, 3.451241e-06, -1.213722e-06, 3.65844e-06, 340.4326, 0, 0, 0, +1.149997E+01, +4.743255E-09, 0.0, 0.0, -0.00283171, 0.0
1713503363.8608844, -3.2, 3.524357e-06, -1.286805e-06, 3.739553e-06, 340.1317, 0, 0, 0, +1.149997E+01, +4.743255E-09, 0.0, -2.3842e-07, -0.00283171, -90.0
1713503370.3500485, 3.2, 3.451241e-06, -1.17718e-06, 3.611899e-06, 340.2789, 0, 0, 0, +1.149997E+01, +4.743255E-09, 0.0, 0.0, -0.00283171, 90.0
1713503376.8315613, -3.2, 3.597473e-06, -1.250264e-06, 3.820691e-06, 340.8357, 0, 0, 0, +1.149997E+01, +4.743255E-09, 0.0, 0.0, -0.00283195, 0.0
1713503383.2807834, 3.2, 3.451241e-06, -1.213722e-06, 3.636375e-06, 340.6244, 0, 0, 0, +1.149997E+01, +4.743255E-09, 0.0, 0.0, -0.00283195, 0.0
1713503389.7660294, -3.2, 3.597473e-06, -1.323347e-06, 3.808539e-06, 340.8357, 0, 0, 0, +1.149997E+01, +4.743255E-09, 0.0, -2.3842e-07, -0.00283171, -90.0
1713503396.2709105, 3.2, 3.487799e-06, -1.17718e-06, 3.64648e-06, 340.4326, 0, 0, 0, +1.149997E+01, +4.743255E-09, -2.3842e-07, 0.0, -0.00283171, 180.0
1713503402.77543, -3.2, 3.597473e-06, -1.250264e-06, 3.774027e-06, 340.6534, 0, 0, 0, +1.149997E+01, +4.743255E-09, 0.0, 0.0, -0.00283195, 0.0
1713503409.2518828, 3.2, 3.451241e-06, -1.213722e-06, 3.692948e-06, 341.166, 0, 0, 0, +1.149997E+01, +4.743255E-09, 0.0, 0.0, -0.00283195, 0.0
1713503415.737543, -3.2, 3.597473e-06, -1.323347e-06, 3.808539e-06, 340.318, 0, 0, 0, +1.149997E+01, +4.743255E-09, 0.0, 0.0, -0.00283171, 90.0
1713503438.37629, 3.2, 3.487799e-06, -1.250264e-06, 3.692948e-06, 340.8126, 0, 0, 0, +1.200010E+01, +4.782930E-09, 0.0, 0.0, -0.00283171, 90.0
1713503444.8516076, -3.2, 3.597473e-06, -1.213722e-06, 3.808539e-06, 341.0146, 0, 0, 0, +1.200010E+01, +4.782930E-09, -2.3842e-07, -2.3842e-07, -0.00283171, -135.0
1713503451.3206155, 3.2, 3.487799e-06, -1.17718e-06, 3.692948e-06, 340.2789, 0, 0, 0, +1.200010E+01, +4.782930E-09, 0.0, 0.0, -0.00283171, 0.0
1713503457.8189578, -3.2, 3.597473e-06, -1.250264e-06, 3.889613e-06, 340.6808, 0, 0, 0, +1.200010E+01, +4.782930E-09, 0.0, 0.0, -0.00283195, 0.0
