t,i,x,y,r,theta,xK,tc,therm,dc,i,x2,y2,r2,theta2
1681588101.954326, 3.2, -3.260618e-06, -1.404281e-06, 4.162679e-06, 198.7453, 0, 0, 0, +3.785131E-05, +1.555581E-10, 0.985966, 0.0164796, 0.419741, 0.96
1681588108.4817023, -3.2, 1.784375e-06, -1.477364e-06, 2.373368e-06, 316.6505, 0, 0, 0, +3.785131E-05, +1.555581E-10, 0.985966, 0.0165406, 0.419741, 0.966
1681588114.972171, 3.2, -3.40685e-06, -1.404281e-06, 3.447028e-06, 203.7763, 0, 0, 0, +3.785131E-05, +1.555581E-10, 0.985966, 0.0166017, 0.419741, 0.966
1681588121.4859436, -3.2, 1.711259e-06, -1.477364e-06, 1.996243e-06, 303.5608, 0, 0, 0, +3.785131E-05, +1.555581E-10, 0.985966, 0.0165406, 0.419741, 0.966
1681588127.9792767, 3.2, -3.260618e-06, -1.477364e-06, 3.155919e-06, 204.8671, 0, 0, 0, +3.785131E-05, +1.555581E-10, 0.985966, 0.0166017, 0.419741, 0.966
1681588134.4662418, -3.2, 2.223069e-06, -1.331197e-06, 3.207605e-06, 332.185, 0, 0, 0, +3.785131E-05, +1.555581E-10, 0.985966, 0.0165406, 0.419741, 0.966
1681588140.9860082, 3.2, -3.260618e-06, -1.477364e-06, 3.820522e-06, 203.4438, 0, 0, 0, +3.785131E-05, +1.555581E-10, 0.985966, 0.0165406, 0.419741, 0.966
1681588147.492648, -3.2, -1.067143e-06, -1.550447e-06, 1.4895e-06, 257.1876, 0, 0, 0, +3.785131E-05, +1.555581E-10, 0.985966, 0.0166017, 0.419741, 0.966
1681588153.9962652, 3.2, -2.456344e-06, -1.404281e-06, 2.992658e-06, 211.0247, 0, 0, 0, +3.785131E-05, +1.555581E-10, 0.985966, 0.0165406, 0.419741, 0.966
1681588160.4996672, -3.2, 3.758502e-06, -1.477364e-06, 3.797013e-06, 337.2438, 0, 0, 0, +3.785131E-05, +1.555581E-10, 0.985966, 0.0165406, 0.419741, 0.966
1681588167.0171788, 3.2, -3.114386e-06, -1.550447e-06, 3.381113e-06, 205.8764, 0, 0, 0, +3.785131E-05, +1.555581E-10, 0.985966, 0.0165406, 0.419741, 0.96
1681588173.5151849, -3.2, 3.100459e-06, -1.477364e-06, 3.470387e-06, 332.3085, 0, 0, 0, +3.785131E-05, +1.555581E-10, 0.985905, 0.0165406, 0.41968, 0.966
1681588180.0415087, 3.2, -4.138008e-06, -1.550447e-06, 4.350544e-06, 201.0156, 0, 0, 0, +3.785131E-05, +1.555581E-10, 0.985905, 0.0166017, 0.41968, 0.966
1681588186.5269294, -3.2, 1.85749e-06, -1.477364e-06, 2.373368e-06, 322.9104, 0, 0, 0, +3.785131E-05, +1.555581E-10, 0.985966, 0.0165406, 0.419741, 0.966
1681588193.0186014, 3.2, -4.576703e-06, -1.550447e-06, 4.418936e-06, 202.7394, 0, 0, 0, +3.785131E-05, +1.555581E-10, 0.985966, 0.0166017, 0.419741, 0.966
1681588199.5227792, -3.2, 1.418795e-06, -1.550447e-06, 2.052983e-06, 304.1882, 0, 0, 0, +3.785131E-05, +1.555581E-10, 0.985905, 0.0166627, 0.41968, 0.966
1681588206.012966, 3.2, -4.430471e-06, -1.550447e-06, 4.393826e-06, 198.4413, 0, 0, 0, +3.785131E-05, +1.555581E-10, 0.985905, 0.0166017, 0.41968, 0.966
1681588212.4959872, -3.2, 1.711259e-06, -1.477364e-06, 2.533532e-06, 319.1953, 0, 0, 0, +3.785131E-05, +1.555581E-10, 0.985905, 0.0166017, 0.41968, 0.966
1681588218.992249, 3.2, -5.161629e-06, -1.477364e-06, 5.439224e-06, 196.7192, 0, 0, 0, +3.785131E-05, +1.555581E-10, 0.985905, 0.0165406, 0.41968, 0.966
1681588225.495533, -3.2, 1.126332e-06, -1.477364e-06, 1.51206e-06, 291.0836, 0, 0, 0, +3.785131E-05, +1.555581E-10, 0.985905, 0.0166017, 0.41968, 0.966
1681588232.0061877, 3.2, -6.112135e-06, -1.62353e-06, 6.288148e-06, 194.0744, 0, 0, 0, +3.785131E-05, +1.555581E-10, 0.985905, 0.0165406, 0.41968, 0.966
1681588238.5241554, -3.2, 2.959457e-08, -1.550447e-06, 1.498191e-06, 283.68, 0, 0, 0, +3.785131E-05, +1.555581E-10, 0.985905, 0.0166017, 0.41968, 0.966
1681588245.0516777, 3.2, -6.91641e-06, -1.404281e-06, 6.874193e-06, 191.8736, 0, 0, 0, +3.785131E-05, +1.555581E-10, 0.985905, 0.0166017, 0.41968, 0.966
1681588251.542169, -3.2, -9.940271e-07, -1.477364e-06, 2.057983e-06, 232.3383, 0, 0, 0, +3.785131E-05, +1.555581E-10, 0.985905, 0.0166017, 0.41968, 0.966
1681588258.0402725, 3.2, -7.135757e-06, -1.62353e-06, 6.253447e-06, 192.146, 0, 0, 0, +3.785131E-05, +1.555581E-10, 0.985905, 0.0166017, 0.41968, 0.966
1681588264.5597236, -3.2, -1.505838e-06, -1.550447e-06, 1.968797e-06, 237.3351, 0, 0, 0, +3.785131E-05, +1.555581E-10, 0.985905, 0.0165406, 0.41968, 0.966
1681588271.0521128, 3.2, -7.135757e-06, -1.550447e-06, 7.230823e-06, 192.6351, 0, 0, 0, +3.785131E-05, +1.555581E-10, 0.985905, 0.0166627, 0.41968, 0.966
1681588277.5695128, -3.2, -1.505838e-06, -1.550447e-06, 2.014682e-06, 228.5725, 0, 0, 0, +3.785131E-05, +1.555581E-10, 0.985905, 0.0166017, 0.41968, 0.966
1681588284.078948, 3.2, -1.773755e-05, -1.404281e-06, 1.714974e-05, 185.0957, 0, 0, 0, +3.785131E-05, +1.555581E-10, 0.985966, 0.0165406, 0.419741, 0.966
1681588290.602016, -3.2, -1.042597e-05, -1.550447e-06, 1.031299e-05, 188.577, 0, 0, 0, +3.785131E-05, +1.555581E-10, 0.985966, 0.0166627, 0.419741, 0.966
1681588297.0972493, 3.2, -1.33506e-05, -1.477364e-06, 1.271433e-05, 186.6773, 0, 0, 0, +3.785131E-05, +1.555581E-10, 0.985966, 0.0166017, 0.419741, 0.966
1681588303.6100056, -3.2, -6.550831e-06, -1.62353e-06, 6.164081e-06, 194.918, 0, 0, 0, +3.785131E-05, +1.555581E-10, 0.985966, 0.0166627, 0.419741, 0.966
1681588310.093783, 3.2, -1.086466e-05, -1.550447e-06, 9.962429e-06, 188.6645, 0, 0, 0, +3.785131E-05, +1.555581E-10, 0.985966, 0.0166017, 0.419741, 0.966
1681588316.6037445, -3.2, -4.430471e-06, -1.696613e-06, 4.462753e-06, 202.1325, 0, 0, 0, +3.785131E-05, +1.555581E-10, 0.985966, 0.0166017, 0.419741, 0.966
1681588323.0916579, 3.2, -9.621695e-06, -1.62353e-06, 1.010691e-05, 188.8243, 0, 0, 0, +3.785131E-05, +1.555581E-10, 0.985966, 0.0166627, 0.419741, 0.966
1681588329.575936, -3.2, -4.357355e-06, -1.550447e-06, 4.377122e-06, 201.2267, 0, 0, 0, +3.785131E-05, +1.555581E-10, 0.985966, 0.0166627, 0.419741, 0.966
1681588336.0535946, 3.2, -8.232495e-06, -1.550447e-06, 8.220112e-06, 190.7826, 0, 0, 0, +3.785131E-05, +1.555581E-10, 0.985966, 0.0166017, 0.419741, 0.966
1681588342.534612, -3.2, -1.798301e-06, -1.62353e-06, 2.544561e-06, 224.5008, 0, 0, 0, +3.785131E-05, +1.555581E-10, 0.985966, 0.0166627, 0.419741, 0.966
1681588349.0176244, 3.2, -7.281989e-06, -1.477364e-06, 7.230823e-06, 192.2586, 0, 0, 0, +3.785131E-05, +1.555581E-10, 0.985966, 0.0166017, 0.419741, 0.966
1681588355.5081675, -3.2, -1.28649e-06, -1.62353e-06, 1.924597e-06, 233.6678, 0, 0, 0, +3.785131E-05, +1.555581E-10, 0.985966, 0.0166017, 0.419741, 0.966
1681588362.0259395, 3.2, -7.135757e-06, -1.477364e-06, 7.159425e-06, 191.4771, 0, 0, 0, +3.785131E-05, +1.555581E-10, 0.985966, 0.0166017, 0.419741, 0.966
1681588368.5249941, -3.2, 4.682896e-07, -1.62353e-06, 1.727029e-06, 295.1068, 0, 0, 0, +3.785131E-05, +1.555581E-10, 0.985966, 0.0166017, 0.419741, 0.966
1681588374.9818797, 3.2, -4.869166e-06, -1.550447e-06, 5.389462e-06, 196.0735, 0, 0, 0, +3.785131E-05, +1.555581E-10, 0.985905, 0.0166017, 0.41968, 0.966
1681588381.4952228, -3.2, 9.069846e-07, -1.62353e-06, 1.600015e-06, 297.1857, 0, 0, 0, +3.785131E-05, +1.555581E-10, 0.985905, 0.0166017, 0.41968, 0.966
1681588387.9859161, 3.2, -4.869166e-06, -1.62353e-06, 4.878874e-06, 198.997, 0, 0, 0, +3.785131E-05, +1.555581E-10, 0.985905, 0.0166017, 0.41968, 0.966
1681588394.4842675, -3.2, 1.491911e-06, -1.550447e-06, 2.255526e-06, 311.1501, 0, 0, 0, +3.785131E-05, +1.555581E-10, 0.985905, 0.0166017, 0.41968, 0.966
1681588400.9997222, 3.2, -4.796051e-06, -1.550447e-06, 4.55616e-06, 202.294, 0, 0, 0, +3.785131E-05, +1.555581E-10, 0.985966, 0.0166017, 0.419741, 0.966
1681588407.5096726, -3.2, 1.638143e-06, -1.62353e-06, 2.578905e-06, 320.1483, 0, 0, 0, +3.785131E-05, +1.555581E-10, 0.985966, 0.0166017, 0.419741, 0.966
1681588413.9916708, 3.2, -3.333734e-06, -1.62353e-06, 4.445105e-06, 201.9583, 0, 0, 0, +3.785131E-05, +1.555581E-10, 0.985905, 0.0166017, 0.41968, 0.966
1681588420.5249386, -3.2, 2.076838e-06, -1.62353e-06, 2.548698e-06, 322.9419, 0, 0, 0, +3.785131E-05, +1.555581E-10, 0.985966, 0.0166017, 0.419741, 0.966
1681588426.9896684, 3.2, -4.503587e-06, -1.696613e-06, 4.649989e-06, 199.5867, 0, 0, 0, +3.785131E-05, +1.555581E-10, 0.985905, 0.0166017, 0.41968, 0.966
1681588433.4959006, -3.2, 2.881112e-06, -1.62353e-06, 2.932789e-06, 325.1067, 0, 0, 0, +3.785131E-05, +1.555581E-10, 0.985905, 0.0166017, 0.41968, 0.966
1681588439.9809215, 3.2, -3.91866e-06, -1.62353e-06, 3.915598e-06, 201.2267, 0, 0, 0, +3.785131E-05, +1.555581E-10, 0.985966, 0.0166017, 0.419741, 0.966
1681588446.4606626, -3.2, 1.711259e-06, -1.62353e-06, 2.309176e-06, 327.1617, 0, 0, 0, +3.785131E-05, +1.555581E-10, 0.985966, 0.0166017, 0.419741, 0.966
1681588452.9742897, 3.2, -3.772429e-06, -1.550447e-06, 4.404752e-06, 201.0833, 0, 0, 0, +3.785131E-05, +1.555581E-10, 0.985966, 0.0166017, 0.419741, 0.966
1681588459.4827156, -3.2, 1.85749e-06, -1.62353e-06, 2.306374e-06, 317.8226, 0, 0, 0, +3.785131E-05, +1.555581E-10, 0.985966, 0.0165406, 0.419741, 0.966
1681588465.9872618, 3.2, -4.430471e-06, -1.550447e-06, 4.487476e-06, 201.4224, 0, 0, 0, +3.785131E-05, +1.555581E-10, 0.985966, 0.0166017, 0.419741, 0.966
1681588472.4985282, -3.2, 2.369301e-06, -1.550447e-06, 2.872183e-06, 324.3943, 0, 0, 0, +3.785131E-05, +1.555581E-10, 0.985966, 0.0166017, 0.419741, 0.966
1681588478.9942973, 3.2, -2.968155e-06, -1.550447e-06, 3.447488e-06, 207.5808, 0, 0, 0, +3.785131E-05, +1.555581E-10, 0.985966, 0.0166017, 0.419741, 0.966
1681588485.5139062, -3.2, 2.296185e-06, -1.62353e-06, 2.578905e-06, 325.1067, 0, 0, 0, +3.785131E-05, +1.555581E-10, 0.986027, 0.0166017, 0.419741, 0.966
1681588508.1969929, 3.2, -4.064892e-06, -1.842779e-06, 4.067572e-06, 206.4767, 0, 0, 0, +4.166289E+00, +2.958075E-10, 0.985477, 0.0165406, 0.419252, 0.966
1681588514.7142591, -3.2, 2.515533e-06, -1.769696e-06, 3.118291e-06, 323.775, 0, 0, 0, +4.166289E+00, +2.958075E-10, 0.985477, 0.0166017, 0.419252, 0.966
1681588521.237177, 3.2, -3.553081e-06, -1.769696e-06, 3.675612e-06, 207.9614, 0, 0, 0, +4.166289E+00, +2.958075E-10, 0.985477, 0.0166017, 0.419252, 0.966
1681588527.7186763, -3.2, 2.954228e-06, -1.696613e-06, 3.990864e-06, 332.952, 0, 0, 0, +4.166289E+00, +2.958075E-10, 0.985477, 0.0166017, 0.419252, 0.966
1681588534.2249475, 3.2, -3.114386e-06, -1.769696e-06, 3.393092e-06, 211.8341, 0, 0, 0, +4.166289E+00, +2.958075E-10, 0.985477, 0.0165406, 0.419252, 0.966
1681588540.7039652, -3.2, 3.539154e-06, -1.915862e-06, 4.123692e-06, 337.1379, 0, 0, 0, +4.166289E+00, +2.958075E-10, 0.985477, 0.0166017, 0.419252, 0.966
1681588547.183775, 3.2, -2.383228e-06, -1.696613e-06, 2.57566e-06, 223.3998, 0, 0, 0, +4.166289E+00, +2.958075E-10, 0.985477, 0.0166017, 0.419252, 0.966
1681588553.68298, -3.2, 4.270313e-06, -1.769696e-06, 4.595005e-06, 334.3152, 0, 0, 0, +4.166289E+00, +2.958075E-10, 0.985477, 0.0166627, 0.419191, 0.966
1681588560.1886873, 3.2, -2.090764e-06, -1.769696e-06, 2.807605e-06, 216.8777, 0, 0, 0, +4.166289E+00, +2.958075E-10, 0.985477, 0.0166017, 0.419252, 0.966
1681588566.6959288, -3.2, 2.588649e-06, -1.769696e-06, 3.237411e-06, 326.7247, 0, 0, 0, +4.166289E+00, +2.958075E-10, 0.985477, 0.0166017, 0.419252, 0.966
1681588573.2009757, 3.2, -3.04127e-06, -1.696613e-06, 3.805932e-06, 210.0334, 0, 0, 0, +4.166289E+00, +2.958075E-10, 0.985477, 0.0166017, 0.419252, 0.966
1681588579.7186718, -3.2, 2.442417e-06, -1.842779e-06, 2.914118e-06, 326.3817, 0, 0, 0, +4.166289E+00, +2.958075E-10, 0.985477, 0.0166017, 0.419252, 0.966
1681588586.2025018, 3.2, 2.959457e-08, -1.842779e-06, 1.887644e-06, 270.9581, 0, 0, 0, +4.166289E+00, +2.958075E-10, 0.985477, 0.0166017, 0.419252, 0.966
1681588592.6810324, -3.2, 2.661765e-06, -1.696613e-06, 3.569968e-06, 327.3967, 0, 0, 0, +4.166289E+00, +2.958075E-10, 0.985477, 0.0166627, 0.419252, 0.966
1681588599.1732533, 3.2, -3.40685e-06, -1.842779e-06, 3.937765e-06, 204.6376, 0, 0, 0, +4.166289E+00, +2.958075E-10, 0.985477, 0.0166017, 0.419252, 0.966
1681588605.6596863, -3.2, 1.930606e-06, -1.842779e-06, 2.411501e-06, 315.2366, 0, 0, 0, +4.166289E+00, +2.958075E-10, 0.985477, 0.0166627, 0.419191, 0.966
1681588612.1673512, 3.2, -3.40685e-06, -1.769696e-06, 3.610909e-06, 212.0928, 0, 0, 0, +4.166289E+00, +2.958075E-10, 0.985477, 0.0166017, 0.419252, 0.966
1681588618.6769912, -3.2, 2.73488e-06, -1.696613e-06, 3.059614e-06, 325.6421, 0, 0, 0, +4.166289E+00, +2.958075E-10, 0.985477, 0.0165406, 0.419191, 0.966
1681588625.1668694, 3.2, -2.895039e-06, -1.769696e-06, 3.418836e-06, 209.039, 0, 0, 0, +4.166289E+00, +2.958075E-10, 0.985477, 0.0166017, 0.419191, 0.966
1681588631.6496744, -3.2, 2.588649e-06, -1.696613e-06, 3.00157e-06, 323.775, 0, 0, 0, +4.166289E+00, +2.958075E-10, 0.985477, 0.0166017, 0.419191, 0.966
1681588638.1441875, 3.2, -1.715263e-05, -1.62353e-06, 1.730909e-05, 185.3616, 0, 0, 0, +4.166289E+00, +2.958075E-10, 0.985477, 0.0165406, 0.419252, 0.966
1681588644.638725, -3.2, -1.093778e-05, -1.842779e-06, 1.101984e-05, 189.313, 0, 0, 0, +4.166289E+00, +2.958075E-10, 0.985477, 0.0166627, 0.419252, 0.966
1681588651.1043484, 3.2, -1.686016e-05, -1.842779e-06, 1.754215e-05, 185.4638, 0, 0, 0, +4.166289E+00, +2.958075E-10, 0.985477, 0.0166017, 0.419252, 0.966
1681588657.6236584, -3.2, -1.079155e-05, -1.769696e-06, 1.037164e-05, 189.8535, 0, 0, 0, +4.166289E+00, +2.958075E-10, 0.985477, 0.0166017, 0.419252, 0.966
1681588664.1411169, 3.2, -1.525161e-05, -1.842779e-06, 1.508134e-05, 186.6187, 0, 0, 0, +4.166289E+00, +2.958075E-10, 0.985477, 0.0166017, 0.419252, 0.966
1681588670.642156, -3.2, -8.159379e-06, -1.696613e-06, 7.992192e-06, 191.9546, 0, 0, 0, +4.166289E+00, +2.958075E-10, 0.985477, 0.0165406, 0.419252, 0.966
1681588677.154146, 3.2, -1.444734e-05, -1.769696e-06, 1.441019e-05, 187.3133, 0, 0, 0, +4.166289E+00, +2.958075E-10, 0.985477, 0.0166017, 0.419252, 0.966
1681588683.6548274, -3.2, -7.501336e-06, -1.62353e-06, 8.190788e-06, 192.6779, 0, 0, 0, +4.166289E+00, +2.958075E-10, 0.985477, 0.0166017, 0.419252, 0.966
1681588690.1933842, 3.2, -1.393553e-05, -1.62353e-06, 1.395716e-05, 186.9415, 0, 0, 0, +4.166289E+00, +2.958075E-10, 0.985477, 0.0166017, 0.419252, 0.966
1681588696.6966388, -3.2, -6.404599e-06, -1.696613e-06, 7.121462e-06, 194.677, 0, 0, 0, +4.166289E+00, +2.958075E-10, 0.985477, 0.0166017, 0.419252, 0.966
1681588703.2131765, 3.2, -1.225386e-05, -1.550447e-06, 1.201928e-05, 188.3655, 0, 0, 0, +4.166289E+00, +2.958075E-10, 0.985477, 0.0166017, 0.419252, 0.966
1681588709.7199333, -3.2, -6.112135e-06, -1.769696e-06, 6.715103e-06, 195.4464, 0, 0, 0, +4.166289E+00, +2.958075E-10, 0.985477, 0.0166627, 0.419252, 0.966
1681588716.2027974, 3.2, -1.159582e-05, -1.62353e-06, 1.138043e-05, 188.591, 0, 0, 0, +4.166289E+00, +2.958075E-10, 0.985477, 0.0166017, 0.419191, 0.966
1681588722.693891, -3.2, -5.965903e-06, -1.842779e-06, 6.244024e-06, 197.5702, 0, 0, 0, +4.166289E+00, +2.958075E-10, 0.985477, 0.0165406, 0.419252, 0.966
1681588729.18721, 3.2, -1.19614e-05, -1.769696e-06, 1.165781e-05, 188.6773, 0, 0, 0, +4.166289E+00, +2.958075E-10, 0.985477, 0.0166017, 0.419252, 0.966
1681588735.7111666, -3.2, -6.697062e-06, -1.769696e-06, 7.050473e-06, 195.4464, 0, 0, 0, +4.166289E+00, +2.958075E-10, 0.985477, 0.0166017, 0.419252, 0.966
1681588742.2042792, 3.2, -1.115713e-05, -1.769696e-06, 1.173009e-05, 188.324, 0, 0, 0, +4.166289E+00, +2.958075E-10, 0.985477, 0.0166017, 0.419252, 0.966
1681588748.719249, -3.2, -5.746556e-06, -1.696613e-06, 6.363176e-06, 196.1478, 0, 0, 0, +4.166289E+00, +2.958075E-10, 0.985477, 0.0166017, 0.419252, 0.966
1681588755.2280407, 3.2, -1.188829e-05, -1.842779e-06, 1.201928e-05, 188.4159, 0, 0, 0, +4.166289E+00, +2.958075E-10, 0.985477, 0.0166017, 0.419252, 0.966
1681588761.7007313, -3.2, -4.796051e-06, -1.769696e-06, 5.087297e-06, 198.9466, 0, 0, 0, +4.166289E+00, +2.958075E-10, 0.985477, 0.0165406, 0.419252, 0.966
1681588768.218189, 3.2, -1.174205e-05, -1.769696e-06, 1.184397e-05, 188.9386, 0, 0, 0, +4.166289E+00, +2.958075E-10, 0.985477, 0.0165406, 0.419252, 0.966
1681588774.7072964, -3.2, -5.746556e-06, -1.696613e-06, 5.803607e-06, 196.7894, 0, 0, 0, +4.166289E+00, +2.958075E-10, 0.985477, 0.0165406, 0.419252, 0.966
1681588781.2004964, 3.2, -1.130336e-05, -1.696613e-06, 1.2381e-05, 188.3558, 0, 0, 0, +4.166289E+00, +2.958075E-10, 0.985477, 0.0165406, 0.419252, 0.966
1681588787.6925702, -3.2, -5.746556e-06, -1.842779e-06, 6.01288e-06, 197.1652, 0, 0, 0, +4.166289E+00, +2.958075E-10, 0.985477, 0.0166017, 0.419252, 0.966
1681588794.2090547, 3.2, -1.203452e-05, -1.696613e-06, 1.188578e-05, 188.7315, 0, 0, 0, +4.166289E+00, +2.958075E-10, 0.985477, 0.0165406, 0.419252, 0.966
1681588800.716688, -3.2, -4.576703e-06, -1.915862e-06, 5.069709e-06, 198.44, 0, 0, 0, +4.166289E+00, +2.958075E-10, 0.985477, 0.0166017, 0.419252, 0.966
1681588807.2019165, 3.2, -1.10109e-05, -1.769696e-06, 1.158555e-05, 188.4822, 0, 0, 0, +4.166289E+00, +2.958075E-10, 0.985477, 0.0166017, 0.419252, 0.966
1681588813.7349086, -3.2, -6.258367e-06, -1.62353e-06, 6.785662e-06, 196.0618, 0, 0, 0, +4.166289E+00, +2.958075E-10, 0.985477, 0.0166017, 0.419252, 0.966
1681588820.2706196, 3.2, -1.108401e-05, -1.769696e-06, 1.152476e-05, 189.0714, 0, 0, 0, +4.166289E+00, +2.958075E-10, 0.985477, 0.0165406, 0.419252, 0.966
1681588826.7678118, -3.2, -4.722935e-06, -1.769696e-06, 5.411913e-06, 198.9246, 0, 0, 0, +4.166289E+00, +2.958075E-10, 0.985477, 0.0166017, 0.419191, 0.966
1681588833.2509706, 3.2, -1.108401e-05, -1.842779e-06, 1.094776e-05, 189.5027, 0, 0, 0, +4.166289E+00, +2.958075E-10, 0.985477, 0.0165406, 0.419252, 0.966
1681588839.7886844, -3.2, -4.649818e-06, -1.842779e-06, 5.318462e-06, 198.9466, 0, 0, 0, +4.166289E+00, +2.958075E-10, 0.985477, 0.0166017, 0.419191, 0.966
1681588846.285905, 3.2, -9.841043e-06, -1.769696e-06, 9.71119e-06, 190.579, 0, 0, 0, +4.166289E+00, +2.958075E-10, 0.985477, 0.0165406, 0.419252, 0.966
1681588852.75725, -3.2, -3.626197e-06, -1.842779e-06, 4.264276e-06, 206.939, 0, 0, 0, +4.166289E+00, +2.958075E-10, 0.985477, 0.0166017, 0.419252, 0.966
1681588859.267704, 3.2, -1.137648e-05, -1.842779e-06, 1.171928e-05, 188.6237, 0, 0, 0, +4.166289E+00, +2.958075E-10, 0.985477, 0.0165406, 0.419191, 0.966
1681588865.7526515, -3.2, -6.623946e-06, -1.769696e-06, 6.785662e-06, 196.4071, 0, 0, 0, +4.166289E+00, +2.958075E-10, 0.985477, 0.0166017, 0.419191, 0.966
1681588872.2356293, 3.2, -1.049908e-05, -1.769696e-06, 1.04188e-05, 188.5557, 0, 0, 0, +4.166289E+00, +2.958075E-10, 0.985477, 0.0166017, 0.419252, 0.966
1681588878.7307746, -3.2, -5.892788e-06, -1.842779e-06, 6.01288e-06, 195.5137, 0, 0, 0, +4.166289E+00, +2.958075E-10, 0.985477, 0.0166017, 0.419252, 0.966
1681588885.2276387, 3.2, -1.115713e-05, -1.769696e-06, 1.093569e-05, 188.9552, 0, 0, 0, +4.166289E+00, +2.958075E-10, 0.985477, 0.0165406, 0.419252, 0.966
1681588891.729082, -3.2, -5.600324e-06, -1.769696e-06, 5.525792e-06, 198.4389, 0, 0, 0, +4.166289E+00, +2.958075E-10, 0.985477, 0.0166627, 0.419252, 0.966
1681588914.3871949, 3.2, -4.649818e-06, -2.062028e-06, 4.918107e-06, 202.3931, 0, 0, 0, +8.334009E+00, -3.343693E-10, 0.984989, 0.0164796, 0.418703, 0.96
1681588920.9066248, -3.2, 9.801004e-07, -1.988946e-06, 2.502987e-06, 309.689, 0, 0, 0, +8.334009E+00, -3.343693E-10, 0.984989, 0.0165406, 0.418703, 0.966
1681588927.4156384, 3.2, -4.942282e-06, -2.062028e-06, 5.096728e-06, 203.6773, 0, 0, 0, +8.334009E+00, -3.343693E-10, 0.984989, 0.0166017, 0.418703, 0.966
1681588933.896525, -3.2, 9.069846e-07, -2.062028e-06, 2.197887e-06, 290.9314, 0, 0, 0, +8.334009E+00, -3.343693E-10, 0.984989, 0.0166017, 0.418703, 0.966
1681588940.4112256, 3.2, -5.234745e-06, -1.915862e-06, 5.599863e-06, 202.647, 0, 0, 0, +8.334009E+00, -3.343693E-10, 0.984989, 0.0166017, 0.418703, 0.966
1681588946.9036496, -3.2, 1.565027e-06, -2.062028e-06, 2.576706e-06, 306.8736, 0, 0, 0, +8.334009E+00, -3.343693E-10, 0.984989, 0.0165406, 0.418703, 0.966
1681588953.4025826, 3.2, -5.234745e-06, -1.915862e-06, 5.918967e-06, 199.5524, 0, 0, 0, +8.334009E+00, -3.343693E-10, 0.984989, 0.0166017, 0.418703, 0.966
1681588959.9046674, -3.2, 2.954228e-06, -1.988946e-06, 3.870016e-06, 323.7086, 0, 0, 0, +8.334009E+00, -3.343693E-10, 0.984989, 0.0165406, 0.418703, 0.966
1681588966.4211824, 3.2, -4.722935e-06, -1.988946e-06, 5.259723e-06, 202.8372, 0, 0, 0, +8.334009E+00, -3.343693E-10, 0.984989, 0.0166017, 0.418703, 0.966
1681588972.9360301, -3.2, 7.607529e-07, -1.915862e-06, 2.224252e-06, 295.3333, 0, 0, 0, +8.334009E+00, -3.343693E-10, 0.984989, 0.0165406, 0.418703, 0.966
1681588979.4267604, 3.2, -4.942282e-06, -1.915862e-06, 5.096728e-06, 200.2536, 0, 0, 0, +8.334009E+00, -3.343693E-10, 0.984989, 0.0165406, 0.418703, 0.966
1681588985.9219372, -3.2, 1.126332e-06, -1.915862e-06, 2.152005e-06, 296.2329, 0, 0, 0, +8.334009E+00, -3.343693E-10, 0.984928, 0.0166017, 0.418703, 0.966
1681588992.4080596, 3.2, -5.088514e-06, -1.842779e-06, 5.368868e-06, 201.349, 0, 0, 0, +8.334009E+00, -3.343693E-10, 0.984989, 0.0165406, 0.418703, 0.966
1681588998.9128983, -3.2, 1.272564e-06, -1.988946e-06, 2.104459e-06, 288.4423, 0, 0, 0, +8.334009E+00, -3.343693E-10, 0.984989, 0.0165406, 0.418703, 0.966
1681589005.4216197, 3.2, -4.722935e-06, -2.135112e-06, 5.437233e-06, 200.9067, 0, 0, 0, +8.334009E+00, -3.343693E-10, 0.984989, 0.0166017, 0.418703, 0.966
1681589011.922873, -3.2, 1.491911e-06, -1.988946e-06, 2.623797e-06, 311.7714, 0, 0, 0, +8.334009E+00, -3.343693E-10, 0.984928, 0.0165406, 0.418703, 0.966
1681589018.4081259, 3.2, -4.869166e-06, -1.988946e-06, 5.463412e-06, 199.3935, 0, 0, 0, +8.334009E+00, -3.343693E-10, 0.984928, 0.0165406, 0.418703, 0.966
1681589024.9313936, -3.2, 1.491911e-06, -1.915862e-06, 2.473831e-06, 309.2447, 0, 0, 0, +8.334009E+00, -3.343693E-10, 0.984989, 0.0165406, 0.418703, 0.966
1681589031.4291978, 3.2, -5.307861e-06, -2.135112e-06, 5.39538e-06, 202.08, 0, 0, 0, +8.334009E+00, -3.343693E-10, 0.984989, 0.0165406, 0.418703, 0.966
1681589037.9256506, -3.2, 1.565027e-06, -1.842779e-06, 2.486303e-06, 311.8968, 0, 0, 0, +8.334009E+00, -3.343693E-10, 0.984989, 0.0166017, 0.418703, 0.966
1681589044.4132214, 3.2, -5.307861e-06, -1.915862e-06, 5.780801e-06, 200.2856, 0, 0, 0, +8.334009E+00, -3.343693E-10, 0.984989, 0.0165406, 0.418703, 0.966
1681589050.923437, -3.2, 1.053216e-06, -1.988946e-06, 2.322623e-06, 295.3333, 0, 0, 0, +8.334009E+00, -3.343693E-10, 0.984989, 0.0166017, 0.418703, 0.966
1681589057.413205, 3.2, -5.234745e-06, -1.988946e-06, 5.599863e-06, 198.6593, 0, 0, 0, +8.334009E+00, -3.343693E-10, 0.984989, 0.0165406, 0.418703, 0.966
1681589063.9022546, -3.2, 7.607529e-07, -2.062028e-06, 2.04333e-06, 279.1978, 0, 0, 0, +8.334009E+00, -3.343693E-10, 0.984989, 0.0165406, 0.418703, 0.966
1681589070.4296665, 3.2, -5.015398e-06, -1.915862e-06, 5.259723e-06, 201.1887, 0, 0, 0, +8.334009E+00, -3.343693E-10, 0.984928, 0.0165406, 0.418703, 0.966
1681589076.9167156, -3.2, 6.876371e-07, -1.915862e-06, 2.152005e-06, 303.5931, 0, 0, 0, +8.334009E+00, -3.343693E-10, 0.984928, 0.0165406, 0.418703, 0.966
1681589083.3936548, 3.2, -4.796051e-06, -1.915862e-06, 5.558271e-06, 201.9216, 0, 0, 0, +8.334009E+00, -3.343693E-10, 0.984928, 0.0165406, 0.418703, 0.966
1681589089.915308, -3.2, 1.272564e-06, -1.915862e-06, 2.285723e-06, 292.746, 0, 0, 0, +8.334009E+00, -3.343693E-10, 0.984989, 0.0165406, 0.418703, 0.966
1681589096.4309084, 3.2, -5.234745e-06, -1.988946e-06, 5.24957e-06, 202.647, 0, 0, 0, +8.334009E+00, -3.343693E-10, 0.984989, 0.0165406, 0.418703, 0.966
1681589102.9356577, -3.2, 1.565027e-06, -1.915862e-06, 2.341235e-06, 301.4338, 0, 0, 0, +8.334009E+00, -3.343693E-10, 0.984928, 0.0165406, 0.418703, 0.966
1681589109.429468, 3.2, -5.088514e-06, -1.915862e-06, 4.635357e-06, 205.2817, 0, 0, 0, +8.334009E+00, -3.343693E-10, 0.984928, 0.0165406, 0.418703, 0.966
1681589115.901151, -3.2, 2.076838e-06, -1.915862e-06, 2.719884e-06, 315.2196, 0, 0, 0, +8.334009E+00, -3.343693E-10, 0.984928, 0.0165406, 0.418703, 0.966
1681589122.3906937, 3.2, -3.845545e-06, -1.988946e-06, 4.008249e-06, 207.903, 0, 0, 0, +8.334009E+00, -3.343693E-10, 0.984989, 0.0165406, 0.418703, 0.966
1681589128.8975759, -3.2, 2.076838e-06, -1.842779e-06, 2.719884e-06, 322.9658, 0, 0, 0, +8.334009E+00, -3.343693E-10, 0.984989, 0.0165406, 0.418703, 0.966
1681589135.3952844, 3.2, -2.968155e-06, -1.842779e-06, 3.944937e-06, 208.7445, 0, 0, 0, +8.334009E+00, -3.343693E-10, 0.984989, 0.0165406, 0.418703, 0.966
1681589141.9080973, -3.2, 1.711259e-06, -1.842779e-06, 2.771848e-06, 310.7082, 0, 0, 0, +8.334009E+00, -3.343693E-10, 0.984989, 0.0165406, 0.418703, 0.966
1681589148.3826923, 3.2, -4.796051e-06, -1.988946e-06, 4.500548e-06, 204.903, 0, 0, 0, +8.334009E+00, -3.343693E-10, 0.984989, 0.0165406, 0.418703, 0.966
1681589154.9059007, -3.2, 1.638143e-06, -1.769696e-06, 2.465633e-06, 308.9936, 0, 0, 0, +8.334009E+00, -3.343693E-10, 0.984989, 0.0165406, 0.418703, 0.966
1681589161.4085064, 3.2, -5.746556e-06, -1.988946e-06, 6.358117e-06, 198.2137, 0, 0, 0, +8.334009E+00, -3.343693E-10, 0.984989, 0.0165406, 0.418703, 0.966
1681589167.9054964, -3.2, 2.954228e-06, -1.915862e-06, 3.339177e-06, 323.2319, 0, 0, 0, +8.334009E+00, -3.343693E-10, 0.984989, 0.0165406, 0.418703, 0.966
1681589174.3699572, 3.2, -3.91866e-06, -1.842779e-06, 4.296363e-06, 203.6341, 0, 0, 0, +8.334009E+00, -3.343693E-10, 0.984989, 0.0165406, 0.418703, 0.966
1681589180.8908443, -3.2, 2.515533e-06, -1.915862e-06, 3.669798e-06, 325.3046, 0, 0, 0, +8.334009E+00, -3.343693E-10, 0.984989, 0.0165406, 0.418703, 0.966
1681589187.3577292, 3.2, -2.821923e-06, -1.842779e-06, 3.532771e-06, 213.8259, 0, 0, 0, +8.334009E+00, -3.343693E-10, 0.984989, 0.0165406, 0.418703, 0.966
1681589193.8515275, -3.2, 2.954228e-06, -1.842779e-06, 3.663263e-06, 327.3967, 0, 0, 0, +8.334009E+00, -3.343693E-10, 0.984989, 0.0165406, 0.418703, 0.966
1681589200.3609796, 3.2, -4.064892e-06, -1.842779e-06, 4.036696e-06, 207.4895, 0, 0, 0, +8.334009E+00, -3.343693E-10, 0.984989, 0.0165406, 0.418703, 0.966
1681589206.8438597, -3.2, 2.223069e-06, -1.915862e-06, 4.08889e-06, 330.5481, 0, 0, 0, +8.334009E+00, -3.343693E-10, 0.984989, 0.0165406, 0.418703, 0.966
1681589213.3581088, 3.2, -4.822163e-07, -1.842779e-06, 1.991596e-06, 275.4503, 0, 0, 0, +8.334009E+00, -3.343693E-10, 0.984928, 0.0166017, 0.418703, 0.966
1681589219.8581316, -3.2, 2.807996e-06, -1.842779e-06, 3.561371e-06, 327.036, 0, 0, 0, +8.334009E+00, -3.343693E-10, 0.984928, 0.0165406, 0.418703, 0.966
1681589226.3763542, 3.2, -3.479965e-06, -1.915862e-06, 4.529784e-06, 206.4827, 0, 0, 0, +8.334009E+00, -3.343693E-10, 0.984989, 0.0166017, 0.418703, 0.966
1681589232.8866637, -3.2, 2.881112e-06, -1.842779e-06, 3.104179e-06, 321.2516, 0, 0, 0, +8.334009E+00, -3.343693E-10, 0.984989, 0.0165406, 0.418703, 0.966
1681589239.3811104, 3.2, -4.576703e-06, -1.915862e-06, 5.001665e-06, 203.4888, 0, 0, 0, +8.334009E+00, -3.343693E-10, 0.984928, 0.0165406, 0.418703, 0.966
1681589245.8754473, -3.2, 2.223069e-06, -1.842779e-06, 2.672059e-06, 317.3959, 0, 0, 0, +8.334009E+00, -3.343693E-10, 0.984928, 0.0165406, 0.418703, 0.966
1681589252.4104156, 3.2, -4.284239e-06, -1.988946e-06, 5.069709e-06, 202.8372, 0, 0, 0, +8.334009E+00, -3.343693E-10, 0.984928, 0.0165406, 0.418703, 0.966
1681589258.9189403, -3.2, -1.505838e-06, -1.988946e-06, 2.730953e-06, 222.5005, 0, 0, 0, +8.334009E+00, -3.343693E-10, 0.984928, 0.0165406, 0.418703, 0.966
1681589265.4029076, 3.2, -4.284239e-06, -1.769696e-06, 4.826966e-06, 203.5264, 0, 0, 0, +8.334009E+00, -3.343693E-10, 0.984928, 0.0165406, 0.418703, 0.966
1681589271.9181573, -3.2, 2.296185e-06, -1.842779e-06, 2.990484e-06, 317.3088, 0, 0, 0, +8.334009E+00, -3.343693E-10, 0.984928, 0.0165406, 0.418703, 0.966
1681589278.391173, 3.2, -5.161629e-06, -1.915862e-06, 5.411913e-06, 202.08, 0, 0, 0, +8.334009E+00, -3.343693E-10, 0.984928, 0.0165406, 0.418703, 0.966
1681589284.928164, -3.2, 1.491911e-06, -2.062028e-06, 2.623797e-06, 315.2196, 0, 0, 0, +8.334009E+00, -3.343693E-10, 0.984928, 0.0165406, 0.418703, 0.966
1681589291.4382017, 3.2, -4.064892e-06, -1.842779e-06, 4.723411e-06, 202.9241, 0, 0, 0, +8.334009E+00, -3.343693E-10, 0.984989, 0.0165406, 0.418703, 0.966
1681589297.9130435, -3.2, 1.85749e-06, -1.988946e-06, 2.823262e-06, 316.3333, 0, 0, 0, +8.334009E+00, -3.343693E-10, 0.984928, 0.0165406, 0.418703, 0.966
1681589320.580933, 3.2, -4.576703e-06, -2.135112e-06, 5.47441e-06, 205.0099, 0, 0, 0, +1.250016E+01, +2.037710E-10, 0.984318, 0.0164796, 0.418093, 0.96
1681589327.077166, -3.2, -1.871417e-06, -2.135112e-06, 2.325248e-06, 262.9813, 0, 0, 0, +1.250016E+01, +2.037710E-10, 0.984318, 0.0165406, 0.418093, 0.966
1681589333.5748088, 3.2, -4.430471e-06, -2.062028e-06, 5.086528e-06, 206.1196, 0, 0, 0, +1.250016E+01, +2.037710E-10, 0.984318, 0.0165406, 0.418093, 0.966
1681589340.088688, -3.2, 2.954228e-06, -2.135112e-06, 3.450411e-06, 318.5069, 0, 0, 0, +1.250016E+01, +2.037710E-10, 0.984318, 0.0165406, 0.418093, 0.966
1681589346.6244566, 3.2, -3.772429e-06, -2.135112e-06, 4.059895e-06, 213.5197, 0, 0, 0, +1.250016E+01, +2.037710E-10, 0.984318, 0.0165406, 0.418093, 0.966
1681589353.1271799, -3.2, 2.954228e-06, -2.208195e-06, 4.210682e-06, 328.2422, 0, 0, 0, +1.250016E+01, +2.037710E-10, 0.984318, 0.0165406, 0.418093, 0.966
1681589359.6284363, 3.2, -2.895039e-06, -2.135112e-06, 3.583207e-06, 218.5887, 0, 0, 0, +1.250016E+01, +2.037710E-10, 0.984318, 0.0165406, 0.418093, 0.966
1681589366.1385012, -3.2, 3.61227e-06, -2.208195e-06, 4.210682e-06, 328.3665, 0, 0, 0, +1.250016E+01, +2.037710E-10, 0.984318, 0.0165406, 0.418093, 0.966
1681589372.6541963, 3.2, -3.479965e-06, -2.135112e-06, 4.208088e-06, 212.0759, 0, 0, 0, +1.250016E+01, +2.037710E-10, 0.984318, 0.0165406, 0.418093, 0.966
1681589379.1385806, -3.2, 3.904734e-06, -2.135112e-06, 4.396654e-06, 329.4138, 0, 0, 0, +1.250016E+01, +2.037710E-10, 0.984318, 0.0166017, 0.418093, 0.966
1681589385.6072319, 3.2, -3.333734e-06, -2.135112e-06, 4.408565e-06, 209.992, 0, 0, 0, +1.250016E+01, +2.037710E-10, 0.984318, 0.0166017, 0.418093, 0.966
1681589392.088526, -3.2, 2.588649e-06, -2.135112e-06, 3.347242e-06, 317.0817, 0, 0, 0, +1.250016E+01, +2.037710E-10, 0.984318, 0.0165406, 0.418093, 0.966
1681589398.5818527, 3.2, -4.357355e-06, -2.208195e-06, 4.984074e-06, 208.086, 0, 0, 0, +1.250016E+01, +2.037710E-10, 0.984318, 0.0165406, 0.418093, 0.966
1681589405.0859375, -3.2, 2.73488e-06, -2.062028e-06, 3.704526e-06, 324.541, 0, 0, 0, +1.250016E+01, +2.037710E-10, 0.984318, 0.0165406, 0.418093, 0.966
1681589411.5834608, 3.2, -3.772429e-06, -2.062028e-06, 4.725181e-06, 204.6013, 0, 0, 0, +1.250016E+01, +2.037710E-10, 0.984318, 0.0165406, 0.418093, 0.966
1681589418.0971854, -3.2, 1.053216e-06, -2.281278e-06, 2.548636e-06, 308.7116, 0, 0, 0, +1.250016E+01, +2.037710E-10, 0.984318, 0.0166017, 0.418093, 0.966
1681589424.574812, 3.2, -4.796051e-06, -2.208195e-06, 5.681433e-06, 201.9127, 0, 0, 0, +1.250016E+01, +2.037710E-10, 0.984318, 0.0165406, 0.418093, 0.966
1681589431.08219, -3.2, 1.418795e-06, -2.208195e-06, 2.766503e-06, 305.6814, 0, 0, 0, +1.250016E+01, +2.037710E-10, 0.984318, 0.0165406, 0.418032, 0.966
1681589437.5664592, 3.2, -5.527208e-06, -2.135112e-06, 5.789094e-06, 201.7774, 0, 0, 0, +1.250016E+01, +2.037710E-10, 0.984318, 0.0165406, 0.418032, 0.966
1681589444.0840576, -3.2, 1.272564e-06, -2.135112e-06, 2.793659e-06, 308.9406, 0, 0, 0, +1.250016E+01, +2.037710E-10, 0.984318, 0.0165406, 0.418093, 0.966
1681589450.5871222, 3.2, -4.649818e-06, -2.062028e-06, 5.316717e-06, 204.4587, 0, 0, 0, +1.250016E+01, +2.037710E-10, 0.984318, 0.0165406, 0.418093, 0.966
1681589457.0572152, -3.2, 6.145212e-07, -2.208195e-06, 2.273597e-06, 279.8275, 0, 0, 0, +1.250016E+01, +2.037710E-10, 0.984318, 0.0165406, 0.418093, 0.966
1681589463.5582416, 3.2, -6.91641e-06, -2.135112e-06, 7.238469e-06, 198.4363, 0, 0, 0, +1.250016E+01, +2.037710E-10, 0.984318, 0.0165406, 0.418032, 0.966
1681589470.0397253, -3.2, -3.359846e-07, -2.208195e-06, 2.216333e-06, 278.2979, 0, 0, 0, +1.250016E+01, +2.037710E-10, 0.984318, 0.0166017, 0.418093, 0.966
1681589476.5251362, 3.2, -6.112135e-06, -2.062028e-06, 6.474326e-06, 199.4712, 0, 0, 0, +1.250016E+01, +2.037710E-10, 0.984318, 0.0165406, 0.418032, 0.966
1681589483.0339959, -3.2, 1.758262e-07, -2.281278e-06, 2.292108e-06, 292.018, 0, 0, 0, +1.250016E+01, +2.037710E-10, 0.984318, 0.0165406, 0.418032, 0.966
1681589489.5487292, 3.2, -2.090764e-06, -2.208195e-06, 3.263453e-06, 218.7759, 0, 0, 0, +1.250016E+01, +2.037710E-10, 0.984318, 0.0165406, 0.418032, 0.966
1681589496.0451963, -3.2, 1.758262e-07, -2.062028e-06, 2.142339e-06, 278.2979, 0, 0, 0, +1.250016E+01, +2.037710E-10, 0.984318, 0.0165406, 0.418032, 0.966
1681589502.5639617, 3.2, -6.331483e-06, -2.135112e-06, 6.986168e-06, 197.5037, 0, 0, 0, +1.250016E+01, +2.037710E-10, 0.984318, 0.0165406, 0.418032, 0.966
1681589509.0672092, -3.2, 9.069846e-07, -2.135112e-06, 2.446506e-06, 295.4992, 0, 0, 0, +1.250016E+01, +2.037710E-10, 0.984318, 0.0165406, 0.418032, 0.966
1681589515.571233, 3.2, -5.088514e-06, -2.208195e-06, 5.614138e-06, 203.6773, 0, 0, 0, +1.250016E+01, +2.037710E-10, 0.984318, 0.0165406, 0.418032, 0.966
1681589522.0524063, -3.2, 2.223069e-06, -2.208195e-06, 2.978583e-06, 316.1562, 0, 0, 0, +1.250016E+01, +2.037710E-10, 0.984318, 0.0165406, 0.418032, 0.966
1681589528.547632, 3.2, -4.942282e-06, -2.208195e-06, 5.830873e-06, 200.9672, 0, 0, 0, +1.250016E+01, +2.037710E-10, 0.984318, 0.0165406, 0.418032, 0.966
1681589535.0261946, -3.2, 2.369301e-06, -2.208195e-06, 3.515067e-06, 318.0754, 0, 0, 0, +1.250016E+01, +2.037710E-10, 0.984318, 0.0165406, 0.418032, 0.966
1681589541.5273721, 3.2, -4.064892e-06, -2.062028e-06, 5.057343e-06, 202.3495, 0, 0, 0, +1.250016E+01, +2.037710E-10, 0.984318, 0.0165406, 0.418032, 0.966
1681589548.0302367, -3.2, 2.076838e-06, -2.135112e-06, 3.14981e-06, 310.8712, 0, 0, 0, +1.250016E+01, +2.037710E-10, 0.984318, 0.0165406, 0.418093, 0.966
1681589554.5526676, 3.2, -5.67344e-06, -2.135112e-06, 6.011974e-06, 201.7774, 0, 0, 0, +1.250016E+01, +2.037710E-10, 0.984318, 0.0165406, 0.418093, 0.966
1681589561.0516932, -3.2, 2.003722e-06, -2.135112e-06, 3.13547e-06, 303.6134, 0, 0, 0, +1.250016E+01, +2.037710E-10, 0.984318, 0.0165406, 0.418093, 0.966
1681589567.552179, 3.2, -5.380977e-06, -2.135112e-06, 5.279983e-06, 206.49, 0, 0, 0, +1.250016E+01, +2.037710E-10, 0.984318, 0.0165406, 0.418093, 0.966
1681589574.0561771, -3.2, 2.588649e-06, -2.208195e-06, 3.586016e-06, 323.6548, 0, 0, 0, +1.250016E+01, +2.037710E-10, 0.984318, 0.0165406, 0.418093, 0.966
1681589580.5614917, 3.2, -4.211124e-06, -2.062028e-06, 4.754647e-06, 205.0099, 0, 0, 0, +1.250016E+01, +2.037710E-10, 0.984318, 0.0165406, 0.418093, 0.966
1681589587.067211, -3.2, 2.369301e-06, -1.988946e-06, 2.726895e-06, 314.2073, 0, 0, 0, +1.250016E+01, +2.037710E-10, 0.984318, 0.0165406, 0.418093, 0.966
1681589593.5787292, 3.2, -4.576703e-06, -2.135112e-06, 4.953207e-06, 205.7301, 0, 0, 0, +1.250016E+01, +2.037710E-10, 0.984318, 0.0165406, 0.418093, 0.966
1681589600.0951936, -3.2, 1.85749e-06, -2.135112e-06, 3.347242e-06, 322.021, 0, 0, 0, +1.250016E+01, +2.037710E-10, 0.984318, 0.0165406, 0.418093, 0.966
1681589606.6089687, 3.2, -4.430471e-06, -2.135112e-06, 4.145249e-06, 211.0024, 0, 0, 0, +1.250016E+01, +2.037710E-10, 0.984318, 0.0165406, 0.418093, 0.966
1681589613.1261926, -3.2, 1.272564e-06, -2.281278e-06, 2.588681e-06, 307.4969, 0, 0, 0, +1.250016E+01, +2.037710E-10, 0.984318, 0.0165406, 0.418093, 0.966
1681589619.635164, 3.2, -4.649818e-06, -2.208195e-06, 5.518304e-06, 203.7631, 0, 0, 0, +1.250016E+01, +2.037710E-10, 0.984318, 0.0165406, 0.418093, 0.966
1681589626.1379247, -3.2, 1.638143e-06, -2.062028e-06, 2.664943e-06, 297.0247, 0, 0, 0, +1.250016E+01, +2.037710E-10, 0.984318, 0.0165406, 0.418093, 0.966
1681589632.654162, 3.2, -6.404599e-06, -2.281278e-06, 7.056288e-06, 197.5037, 0, 0, 0, +1.250016E+01, +2.037710E-10, 0.984318, 0.0165406, 0.418093, 0.966
1681589639.1535797, -3.2, -4.091004e-07, -2.281278e-06, 2.151233e-06, 276.6504, 0, 0, 0, +1.250016E+01, +2.037710E-10, 0.984318, 0.0165406, 0.418093, 0.966
1681589645.6489923, 3.2, -6.989525e-06, -2.062028e-06, 7.518414e-06, 196.4031, 0, 0, 0, +1.250016E+01, +2.037710E-10, 0.984318, 0.0165406, 0.418093, 0.966
1681589652.1451988, -3.2, -4.822163e-07, -2.135112e-06, 1.996702e-06, 268.8709, 0, 0, 0, +1.250016E+01, +2.037710E-10, 0.984318, 0.0165406, 0.418093, 0.966
1681589658.6536212, 3.2, -7.355105e-06, -2.135112e-06, 7.619283e-06, 195.7423, 0, 0, 0, +1.250016E+01, +2.037710E-10, 0.984318, 0.0165406, 0.418093, 0.966
1681589665.1272547, -3.2, -1.067143e-06, -2.208195e-06, 2.553333e-06, 231.2988, 0, 0, 0, +1.250016E+01, +2.037710E-10, 0.984318, 0.0165406, 0.418093, 0.966
1681589671.622804, 3.2, -8.30561e-06, -2.062028e-06, 8.415903e-06, 194.2962, 0, 0, 0, +1.250016E+01, +2.037710E-10, 0.984318, 0.0165406, 0.418093, 0.966
1681589678.1022072, -3.2, -3.91866e-06, -1.988946e-06, 6.126917e-06, 198.2362, 0, 0, 0, +1.250016E+01, +2.037710E-10, 0.984318, 0.0165406, 0.418093, 0.966
1681589684.6124299, 3.2, -1.225386e-05, -2.062028e-06, 1.271465e-05, 189.442, 0, 0, 0, +1.250016E+01, +2.037710E-10, 0.984318, 0.0165406, 0.418032, 0.966
1681589691.1041265, -3.2, -6.477715e-06, -1.988946e-06, 6.84375e-06, 196.7132, 0, 0, 0, +1.250016E+01, +2.037710E-10, 0.984318, 0.0165406, 0.418032, 0.966
1681589697.6144667, 3.2, -1.247321e-05, -2.062028e-06, 1.257038e-05, 189.0233, 0, 0, 0, +1.250016E+01, +2.037710E-10, 0.984318, 0.0165406, 0.418032, 0.966
1681589704.1111722, -3.2, -5.819672e-06, -2.135112e-06, 5.355195e-06, 200.6231, 0, 0, 0, +1.250016E+01, +2.037710E-10, 0.984318, 0.0165406, 0.418032, 0.966
1681589726.7779016, 3.2, -4.138008e-06, -2.427444e-06, 5.051886e-06, 212.474, 0, 0, 0, +1.666686E+01, +2.090333E-09, 0.983646, 0.0164796, 0.41736, 0.96
1681589733.2644467, -3.2, 2.442417e-06, -2.354361e-06, 3.937681e-06, 320.7453, 0, 0, 0, +1.666686E+01, +2.090333E-09, 0.983646, 0.0165406, 0.417421, 0.966
1681589739.7791882, 3.2, -3.553081e-06, -2.427444e-06, 3.74355e-06, 221.3448, 0, 0, 0, +1.666686E+01, +2.090333E-09, 0.983646, 0.0165406, 0.41736, 0.966
1681589746.2391818, -3.2, 4.050965e-06, -2.354361e-06, 4.453617e-06, 331.0504, 0, 0, 0, +1.666686E+01, +2.090333E-09, 0.983646, 0.0165406, 0.417421, 0.966
1681589752.7319348, 3.2, -3.333734e-06, -2.427444e-06, 4.226022e-06, 211.9682, 0, 0, 0, +1.666686E+01, +2.090333E-09, 0.983646, 0.0165406, 0.41736, 0.966
1681589759.22979, -3.2, 3.61227e-06, -2.427444e-06, 3.602426e-06, 316.021, 0, 0, 0, +1.666686E+01, +2.090333E-09, 0.983646, 0.0165406, 0.41736, 0.966
1681589765.7308853, 3.2, -3.187502e-06, -2.354361e-06, 4.308252e-06, 211.6612, 0, 0, 0, +1.666686E+01, +2.090333E-09, 0.983646, 0.0165406, 0.41736, 0.966
1681589772.226871, -3.2, 3.685386e-06, -2.354361e-06, 4.636764e-06, 328.4311, 0, 0, 0, +1.666686E+01, +2.090333E-09, 0.983646, 0.0165406, 0.417421, 0.966
1681589778.7269752, 3.2, -3.187502e-06, -2.354361e-06, 4.485945e-06, 214.8976, 0, 0, 0, +1.666686E+01, +2.090333E-09, 0.983646, 0.0165406, 0.41736, 0.966
1681589785.2396636, -3.2, 4.782124e-06, -2.281278e-06, 5.497176e-06, 335.111, 0, 0, 0, +1.666686E+01, +2.090333E-09, 0.983646, 0.0165406, 0.41736, 0.966
1681589791.7687378, 3.2, -2.602575e-06, -2.281278e-06, 3.612729e-06, 222.9467, 0, 0, 0, +1.666686E+01, +2.090333E-09, 0.983646, 0.0165406, 0.417421, 0.966
1681589798.2492118, -3.2, 4.928355e-06, -2.281278e-06, 5.527905e-06, 334.7534, 0, 0, 0, +1.666686E+01, +2.090333E-09, 0.983646, 0.0165406, 0.417421, 0.966
1681589804.7676866, 3.2, 9.801004e-07, -2.281278e-06, 2.428902e-06, 286.2815, 0, 0, 0, +1.666686E+01, +2.090333E-09, 0.983646, 0.0165406, 0.417421, 0.966
1681589811.2566657, -3.2, 4.48966e-06, -2.354361e-06, 5.563782e-06, 335.0637, 0, 0, 0, +1.666686E+01, +2.090333E-09, 0.983646, 0.0165406, 0.417421, 0.966
1681589817.74337, 3.2, -2.090764e-06, -2.281278e-06, 2.904843e-06, 226.5647, 0, 0, 0, +1.666686E+01, +2.090333E-09, 0.983646, 0.0165406, 0.417421, 0.966
1681589824.217751, -3.2, 3.246691e-06, -2.281278e-06, 5.697471e-06, 337.2498, 0, 0, 0, +1.666686E+01, +2.090333E-09, 0.983646, 0.0165406, 0.41736, 0.966
1681589830.6948278, 3.2, -2.456344e-06, -2.427444e-06, 3.352291e-06, 223.7479, 0, 0, 0, +1.666686E+01, +2.090333E-09, 0.983646, 0.0165406, 0.41736, 0.966
1681589837.1781774, -3.2, 4.124081e-06, -2.427444e-06, 4.585577e-06, 327.4281, 0, 0, 0, +1.666686E+01, +2.090333E-09, 0.983646, 0.0165406, 0.417421, 0.966
1681589843.6988382, 3.2, -4.357355e-06, -2.208195e-06, 4.609597e-06, 211.6612, 0, 0, 0, +1.666686E+01, +2.090333E-09, 0.983646, 0.0165406, 0.417421, 0.966
1681589850.2290583, -3.2, 3.246691e-06, -2.427444e-06, 3.777628e-06, 323.2158, 0, 0, 0, +1.666686E+01, +2.090333E-09, 0.983646, 0.0165406, 0.417421, 0.966
1681589856.7282581, 3.2, -3.333734e-06, -2.427444e-06, 4.021771e-06, 213.7991, 0, 0, 0, +1.666686E+01, +2.090333E-09, 0.983646, 0.0165406, 0.417421, 0.966
1681589863.2422092, -3.2, 3.904734e-06, -2.281278e-06, 4.660018e-06, 326.3669, 0, 0, 0, +1.666686E+01, +2.090333E-09, 0.983646, 0.0165406, 0.417421, 0.966
1681589869.7199633, 3.2, -3.699313e-06, -2.427444e-06, 4.064987e-06, 217.088, 0, 0, 0, +1.666686E+01, +2.090333E-09, 0.983646, 0.0165406, 0.41736, 0.966
1681589876.2203617, -3.2, 3.392923e-06, -2.427444e-06, 3.34015e-06, 317.7959, 0, 0, 0, +1.666686E+01, +2.090333E-09, 0.983646, 0.0165406, 0.41736, 0.966
1681589882.7154148, 3.2, -4.796051e-06, -2.281278e-06, 5.710235e-06, 204.5191, 0, 0, 0, +1.666686E+01, +2.090333E-09, 0.983646, 0.0165406, 0.41736, 0.966
1681589889.1948743, -3.2, 2.223069e-06, -2.354361e-06, 3.650284e-06, 315.1714, 0, 0, 0, +1.666686E+01, +2.090333E-09, 0.983646, 0.0165406, 0.41736, 0.966
1681589895.6696692, 3.2, -5.234745e-06, -2.427444e-06, 5.777336e-06, 204.2809, 0, 0, 0, +1.666686E+01, +2.090333E-09, 0.983646, 0.0165406, 0.41736, 0.966
1681589902.19415, -3.2, 1.126332e-06, -2.354361e-06, 2.78726e-06, 291.0685, 0, 0, 0, +1.666686E+01, +2.090333E-09, 0.983646, 0.0165406, 0.41736, 0.966
1681589908.6926563, 3.2, -6.91641e-06, -2.427444e-06, 7.005776e-06, 201.8982, 0, 0, 0, +1.666686E+01, +2.090333E-09, 0.983646, 0.0165406, 0.41736, 0.966
1681589915.2137, -3.2, 1.053216e-06, -2.354361e-06, 2.740785e-06, 292.6016, 0, 0, 0, +1.666686E+01, +2.090333E-09, 0.983646, 0.0165406, 0.41736, 0.966
1681589921.6961973, 3.2, -5.600324e-06, -2.354361e-06, 5.73542e-06, 203.8439, 0, 0, 0, +1.666686E+01, +2.090333E-09, 0.983646, 0.0165406, 0.41736, 0.966
1681589928.173098, -3.2, 2.076838e-06, -2.281278e-06, 3.28869e-06, 316.0844, 0, 0, 0, +1.666686E+01, +2.090333E-09, 0.983646, 0.0165406, 0.41736, 0.966
1681589934.6784978, 3.2, -5.380977e-06, -2.354361e-06, 5.47441e-06, 203.3648, 0, 0, 0, +1.666686E+01, +2.090333E-09, 0.983646, 0.0165406, 0.41736, 0.966
1681589941.1916575, -3.2, 2.369301e-06, -2.354361e-06, 3.188309e-06, 308.4961, 0, 0, 0, +1.666686E+01, +2.090333E-09, 0.983646, 0.0165406, 0.41736, 0.966
1681589947.680676, 3.2, -4.357355e-06, -2.354361e-06, 5.245312e-06, 209.5358, 0, 0, 0, +1.666686E+01, +2.090333E-09, 0.983646, 0.0165406, 0.41736, 0.966
1681589954.182216, -3.2, 2.369301e-06, -2.354361e-06, 3.617882e-06, 322.1278, 0, 0, 0, +1.666686E+01, +2.090333E-09, 0.983646, 0.0165406, 0.417421, 0.966
1681589960.6721911, 3.2, -5.307861e-06, -2.354361e-06, 5.576486e-06, 204.4587, 0, 0, 0, +1.666686E+01, +2.090333E-09, 0.983646, 0.0165406, 0.41736, 0.966
1681589967.165515, -3.2, 1.638143e-06, -2.354361e-06, 2.84926e-06, 306.8747, 0, 0, 0, +1.666686E+01, +2.090333E-09, 0.983646, 0.0165406, 0.41736, 0.966
1681589973.6346722, 3.2, -5.234745e-06, -2.354361e-06, 6.019947e-06, 204.878, 0, 0, 0, +1.666686E+01, +2.090333E-09, 0.983646, 0.0165406, 0.417421, 0.966
1681589980.132278, -3.2, 2.076838e-06, -2.354361e-06, 3.030017e-06, 312.4017, 0, 0, 0, +1.666686E+01, +2.090333E-09, 0.983646, 0.0165406, 0.41736, 0.966
1681589986.6342034, 3.2, -4.503587e-06, -2.427444e-06, 5.211893e-06, 206.1333, 0, 0, 0, +1.666686E+01, +2.090333E-09, 0.983646, 0.0165406, 0.41736, 0.966
1681589993.1345353, -3.2, 2.661765e-06, -2.354361e-06, 3.185321e-06, 312.5607, 0, 0, 0, +1.666686E+01, +2.090333E-09, 0.983646, 0.0165406, 0.41736, 0.966
1681589999.6301625, 3.2, -4.869166e-06, -2.281278e-06, 5.643283e-06, 207.5994, 0, 0, 0, +1.666686E+01, +2.090333E-09, 0.983646, 0.0165406, 0.41736, 0.966
1681590006.1479275, -3.2, 1.85749e-06, -2.208195e-06, 3.085042e-06, 309.1536, 0, 0, 0, +1.666686E+01, +2.090333E-09, 0.983646, 0.0165406, 0.41736, 0.966
1681590012.6501682, 3.2, -4.503587e-06, -2.281278e-06, 4.571533e-06, 210.8445, 0, 0, 0, +1.666686E+01, +2.090333E-09, 0.983646, 0.0165406, 0.41736, 0.966
1681590019.155215, -3.2, 2.369301e-06, -2.354361e-06, 3.34015e-06, 319.1574, 0, 0, 0, +1.666686E+01, +2.090333E-09, 0.983646, 0.0165406, 0.41736, 0.966
1681590025.654532, 3.2, -5.307861e-06, -2.427444e-06, 5.681433e-06, 202.0259, 0, 0, 0, +1.666686E+01, +2.090333E-09, 0.983646, 0.0164796, 0.417421, 0.96
1681590032.1344256, -3.2, -3.359846e-07, -2.354361e-06, 2.065325e-06, 281.2495, 0, 0, 0, +1.666686E+01, +2.090333E-09, 0.983646, 0.0165406, 0.417421, 0.966
1681590038.6687117, 3.2, -6.550831e-06, -2.427444e-06, 7.074947e-06, 198.0645, 0, 0, 0, +1.666686E+01, +2.090333E-09, 0.983646, 0.0165406, 0.417421, 0.966
1681590045.1283317, -3.2, 2.489421e-07, -2.281278e-06, 2.36899e-06, 267.2491, 0, 0, 0, +1.666686E+01, +2.090333E-09, 0.983646, 0.0165406, 0.41736, 0.966
1681590051.6272566, 3.2, -7.135757e-06, -2.281278e-06, 6.961062e-06, 201.0664, 0, 0, 0, +1.666686E+01, +2.090333E-09, 0.983646, 0.0164796, 0.41736, 0.96
1681590058.1274633, -3.2, 2.489421e-07, -2.427444e-06, 2.28147e-06, 270.7433, 0, 0, 0, +1.666686E+01, +2.090333E-09, 0.983646, 0.0165406, 0.417421, 0.966
1681590064.6112175, 3.2, -5.67344e-06, -2.281278e-06, 6.075084e-06, 200.4675, 0, 0, 0, +1.666686E+01, +2.090333E-09, 0.983646, 0.0165406, 0.417421, 0.966
1681590071.1136222, -3.2, 1.491911e-06, -2.427444e-06, 2.642289e-06, 296.9969, 0, 0, 0, +1.666686E+01, +2.090333E-09, 0.983646, 0.0165406, 0.41736, 0.966
1681590077.6136062, 3.2, -5.600324e-06, -2.354361e-06, 5.979487e-06, 204.878, 0, 0, 0, +1.666686E+01, +2.090333E-09, 0.983646, 0.0165406, 0.41736, 0.966
1681590084.1120143, -3.2, 1.784375e-06, -2.354361e-06, 3.081951e-06, 306.8747, 0, 0, 0, +1.666686E+01, +2.090333E-09, 0.983646, 0.0165406, 0.41736, 0.966
1681590090.6033769, 3.2, -5.600324e-06, -2.354361e-06, 6.37318e-06, 200.3113, 0, 0, 0, +1.666686E+01, +2.090333E-09, 0.983646, 0.0165406, 0.41736, 0.966
1681590097.0641873, -3.2, 1.199448e-06, -2.281278e-06, 2.706554e-06, 302.3616, 0, 0, 0, +1.666686E+01, +2.090333E-09, 0.983646, 0.0165406, 0.41736, 0.966
1681590103.550573, 3.2, -6.112135e-06, -2.281278e-06, 6.37318e-06, 202.0259, 0, 0, 0, +1.666686E+01, +2.090333E-09, 0.983646, 0.0165406, 0.417421, 0.966
1681590110.0415246, -3.2, 3.220579e-07, -2.354361e-06, 2.433803e-06, 276.2277, 0, 0, 0, +1.666686E+01, +2.090333E-09, 0.983646, 0.0165406, 0.41736, 0.966
1681590132.7255437, 3.2, -3.553081e-06, -2.57361e-06, 4.789495e-06, 213.0686, 0, 0, 0, +2.083395E+01, +1.516863E-09, 0.982853, 0.0164796, 0.416628, 0.96
1681590139.2291648, -3.2, 2.881112e-06, -2.646693e-06, 3.966415e-06, 314.3648, 0, 0, 0, +2.083395E+01, +1.516863E-09, 0.982853, 0.0165406, 0.416628, 0.966
1681590145.7066486, 3.2, -3.772429e-06, -2.719777e-06, 5.513555e-06, 212.4087, 0, 0, 0, +2.083395E+01, +1.516863E-09, 0.982853, 0.0165406, 0.416628, 0.966
1681590152.2144773, -3.2, 2.807996e-06, -2.719777e-06, 4.021168e-06, 318.838, 0, 0, 0, +2.083395E+01, +1.516863E-09, 0.982853, 0.0165406, 0.416628, 0.966
1681590158.7141209, 3.2, -4.503587e-06, -2.646693e-06, 4.789495e-06, 211.431, 0, 0, 0, +2.083395E+01, +1.516863E-09, 0.982853, 0.0165406, 0.416628, 0.966
1681590165.213465, -3.2, 2.442417e-06, -2.646693e-06, 4.015551e-06, 315.9143, 0, 0, 0, +2.083395E+01, +1.516863E-09, 0.982853, 0.0165406, 0.416628, 0.966
1681590171.7171996, 3.2, -5.454093e-06, -2.427444e-06, 6.468744e-06, 205.6125, 0, 0, 0, +2.083395E+01, +1.516863E-09, 0.982853, 0.0165406, 0.416628, 0.966
1681590178.2151265, -3.2, 2.003722e-06, -2.79286e-06, 3.607045e-06, 312.0094, 0, 0, 0, +2.083395E+01, +1.516863E-09, 0.982914, 0.0165406, 0.416628, 0.966
1681590184.6902328, 3.2, -5.015398e-06, -2.57361e-06, 5.702319e-06, 207.4803, 0, 0, 0, +2.083395E+01, +1.516863E-09, 0.982853, 0.0165406, 0.416628, 0.966
1681590191.1636696, -3.2, 1.784375e-06, -2.500527e-06, 3.394864e-06, 309.8748, 0, 0, 0, +2.083395E+01, +1.516863E-09, 0.982853, 0.0165406, 0.416628, 0.966
1681590197.6684265, 3.2, -5.746556e-06, -2.646693e-06, 5.89913e-06, 207.1471, 0, 0, 0, +2.083395E+01, +1.516863E-09, 0.982914, 0.0165406, 0.416628, 0.966
1681590204.1604433, -3.2, 1.784375e-06, -2.646693e-06, 3.090611e-06, 311.8347, 0, 0, 0, +2.083395E+01, +1.516863E-09, 0.982914, 0.0165406, 0.416628, 0.966
1681590210.6501517, 3.2, -5.600324e-06, -2.79286e-06, 5.735674e-06, 207.4803, 0, 0, 0, +2.083395E+01, +1.516863E-09, 0.982853, 0.0165406, 0.416628, 0.966
1681590217.1244433, -3.2, 2.807996e-06, -2.646693e-06, 3.444739e-06, 313.5018, 0, 0, 0, +2.083395E+01, +1.516863E-09, 0.982914, 0.0165406, 0.416628, 0.966
1681590223.625772, 3.2, -1.067143e-06, -2.646693e-06, 3.119987e-06, 242.1531, 0, 0, 0, +2.083395E+01, +1.516863E-09, 0.982914, 0.0165406, 0.416628, 0.966
1681590230.1172338, -3.2, 1.053216e-06, -2.500527e-06, 2.822336e-06, 281.88, 0, 0, 0, +2.083395E+01, +1.516863E-09, 0.982914, 0.0165406, 0.416628, 0.966
1681590236.610221, 3.2, -5.746556e-06, -2.646693e-06, 5.865794e-06, 205.2251, 0, 0, 0, +2.083395E+01, +1.516863E-09, 0.982914, 0.0165406, 0.416628, 0.966
1681590243.1242092, -3.2, 1.565027e-06, -2.646693e-06, 3.319622e-06, 305.3687, 0, 0, 0, +2.083395E+01, +1.516863E-09, 0.982914, 0.0165406, 0.416628, 0.966
1681590249.5778093, 3.2, -5.015398e-06, -2.719777e-06, 5.767659e-06, 206.4995, 0, 0, 0, +2.083395E+01, +1.516863E-09, 0.982914, 0.0165406, 0.416628, 0.966
1681590256.0804038, -3.2, 3.027344e-06, -2.57361e-06, 4.13238e-06, 322.3974, 0, 0, 0, +2.083395E+01, +1.516863E-09, 0.982914, 0.0165406, 0.416628, 0.966
1681590262.582979, 3.2, -4.722935e-06, -2.646693e-06, 5.035841e-06, 213.2952, 0, 0, 0, +2.083395E+01, +1.516863E-09, 0.982914, 0.0165406, 0.416628, 0.966
1681590269.0833108, -3.2, 2.73488e-06, -2.646693e-06, 3.863195e-06, 318.1428, 0, 0, 0, +2.083395E+01, +1.516863E-09, 0.982914, 0.0165406, 0.416628, 0.966
1681590275.588696, 3.2, -4.796051e-06, -2.427444e-06, 5.261129e-06, 208.27, 0, 0, 0, +2.083395E+01, +1.516863E-09, 0.982914, 0.0165406, 0.416628, 0.966
1681590282.080683, -3.2, 2.442417e-06, -2.719777e-06, 3.409881e-06, 307.1281, 0, 0, 0, +2.083395E+01, +1.516863E-09, 0.982914, 0.0165406, 0.416628, 0.966
1681590288.5584338, 3.2, -5.380977e-06, -2.646693e-06, 6.194241e-06, 204.1254, 0, 0, 0, +2.083395E+01, +1.516863E-09, 0.982914, 0.0165406, 0.416628, 0.966
1681590295.0611753, -3.2, 2.369301e-06, -2.646693e-06, 3.293548e-06, 311.7395, 0, 0, 0, +2.083395E+01, +1.516863E-09, 0.982914, 0.0164796, 0.416628, 0.966
1681590301.5751429, 3.2, -5.600324e-06, -2.646693e-06, 6.163368e-06, 203.6662, 0, 0, 0, +2.083395E+01, +1.516863E-09, 0.982914, 0.0165406, 0.416628, 0.966
1681590308.088691, -3.2, 1.199448e-06, -2.646693e-06, 3.011426e-06, 284.1887, 0, 0, 0, +2.083395E+01, +1.516863E-09, 0.982914, 0.0165406, 0.416628, 0.966
1681590314.5945036, 3.2, -6.331483e-06, -2.57361e-06, 6.795009e-06, 202.323, 0, 0, 0, +2.083395E+01, +1.516863E-09, 0.982853, 0.0165406, 0.416628, 0.966
1681590321.1092942, -3.2, 8.338687e-07, -2.719777e-06, 2.848552e-06, 276.9378, 0, 0, 0, +2.083395E+01, +1.516863E-09, 0.982914, 0.0165406, 0.416628, 0.966
1681590327.594387, 3.2, -6.404599e-06, -2.719777e-06, 6.593538e-06, 202.7403, 0, 0, 0, +2.083395E+01, +1.516863E-09, 0.982914, 0.0165406, 0.416628, 0.966
1681590334.0987382, -3.2, 9.801004e-07, -2.646693e-06, 3.252872e-06, 308.121, 0, 0, 0, +2.083395E+01, +1.516863E-09, 0.982914, 0.0165406, 0.416628, 0.966
1681590340.605438, 3.2, -5.088514e-06, -2.646693e-06, 5.542001e-06, 207.1471, 0, 0, 0, +2.083395E+01, +1.516863E-09, 0.982853, 0.0165406, 0.416628, 0.966
1681590347.1057096, -3.2, 2.954228e-06, -2.57361e-06, 3.655487e-06, 313.5446, 0, 0, 0, +2.083395E+01, +1.516863E-09, 0.982853, 0.0165406, 0.416628, 0.966
1681590353.6007373, 3.2, -4.064892e-06, -2.719777e-06, 4.688216e-06, 215.3644, 0, 0, 0, +2.083395E+01, +1.516863E-09, 0.982853, 0.0165406, 0.416628, 0.966
1681590360.0853338, -3.2, 4.050965e-06, -2.646693e-06, 4.537296e-06, 323.2097, 0, 0, 0, +2.083395E+01, +1.516863E-09, 0.982853, 0.0165406, 0.416628, 0.966
1681590366.567441, 3.2, -4.211124e-06, -2.646693e-06, 4.811114e-06, 215.0531, 0, 0, 0, +2.083395E+01, +1.516863E-09, 0.982914, 0.0165406, 0.416628, 0.966
1681590373.080676, -3.2, 4.124081e-06, -2.646693e-06, 4.962e-06, 323.77, 0, 0, 0, +2.083395E+01, +1.516863E-09, 0.982914, 0.0165406, 0.416628, 0.966
1681590379.5638359, 3.2, -3.114386e-06, -2.646693e-06, 4.548615e-06, 213.5381, 0, 0, 0, +2.083395E+01, +1.516863E-09, 0.982914, 0.0164796, 0.416628, 0.966
1681590386.0394077, -3.2, 5.951977e-06, -2.646693e-06, 5.55987e-06, 333.1173, 0, 0, 0, +2.083395E+01, +1.516863E-09, 0.982914, 0.0165406, 0.416689, 0.966
1681590392.5382626, 3.2, -5.553321e-07, -2.646693e-06, 2.757737e-06, 267.4051, 0, 0, 0, +2.083395E+01, +1.516863E-09, 0.982914, 0.0165406, 0.416689, 0.966
1681590399.070401, -3.2, 9.095957e-06, -2.646693e-06, 9.857091e-06, 344.3077, 0, 0, 0, +2.083395E+01, +1.516863E-09, 0.982914, 0.0165406, 0.416689, 0.966
1681590405.5592594, 3.2, 1.199448e-06, -2.500527e-06, 2.904191e-06, 303.2296, 0, 0, 0, +2.083395E+01, +1.516863E-09, 0.982914, 0.0165406, 0.416689, 0.966
1681590412.019409, -3.2, 9.315306e-06, -2.57361e-06, 9.985309e-06, 345.2193, 0, 0, 0, +2.083395E+01, +1.516863E-09, 0.982914, 0.0165406, 0.416689, 0.966
1681590418.528827, 3.2, 8.338687e-07, -2.57361e-06, 2.805357e-06, 283.4295, 0, 0, 0, +2.083395E+01, +1.516863E-09, 0.982914, 0.0165406, 0.416689, 0.966
1681590425.0172231, -3.2, 8.218568e-06, -2.646693e-06, 8.263953e-06, 342.3376, 0, 0, 0, +2.083395E+01, +1.516863E-09, 0.982914, 0.0165406, 0.416689, 0.966
1681590431.5385034, 3.2, 7.607529e-07, -2.719777e-06, 2.890983e-06, 290.3202, 0, 0, 0, +2.083395E+01, +1.516863E-09, 0.982914, 0.0165406, 0.416689, 0.966
1681590438.0281134, -3.2, 9.169074e-06, -2.646693e-06, 9.593828e-06, 343.3108, 0, 0, 0, +2.083395E+01, +1.516863E-09, 0.982914, 0.0165406, 0.416689, 0.966
1681590444.5384848, 3.2, 1.565027e-06, -2.646693e-06, 2.905798e-06, 297.604, 0, 0, 0, +2.083395E+01, +1.516863E-09, 0.982914, 0.0165406, 0.416689, 0.966
1681590451.0265496, -3.2, 9.169074e-06, -2.719777e-06, 9.453038e-06, 343.3973, 0, 0, 0, +2.083395E+01, +1.516863E-09, 0.982914, 0.0165406, 0.416689, 0.966
1681590457.5339277, 3.2, 1.126332e-06, -2.719777e-06, 3.074784e-06, 298.1942, 0, 0, 0, +2.083395E+01, +1.516863E-09, 0.982914, 0.0165406, 0.416689, 0.966
1681590464.0463872, -3.2, 9.24219e-06, -2.500527e-06, 9.593828e-06, 342.899, 0, 0, 0, +2.083395E+01, +1.516863E-09, 0.982914, 0.0165406, 0.416689, 0.966
1681590470.5322344, 3.2, 1.930606e-06, -2.500527e-06, 2.936734e-06, 297.604, 0, 0, 0, +2.083395E+01, +1.516863E-09, 0.982914, 0.0165406, 0.416689, 0.966
1681590477.0342643, -3.2, 7.779873e-06, -2.500527e-06, 8.010402e-06, 340.5322, 0, 0, 0, +2.083395E+01, +1.516863E-09, 0.982914, 0.0165406, 0.416689, 0.966
1681590483.5394442, 3.2, -1.213375e-06, -2.719777e-06, 2.8149e-06, 252.687, 0, 0, 0, +2.083395E+01, +1.516863E-09, 0.982914, 0.0165406, 0.416628, 0.966
1681590490.060357, -3.2, 6.610019e-06, -2.646693e-06, 7.641383e-06, 339.6902, 0, 0, 0, +2.083395E+01, +1.516863E-09, 0.982914, 0.0165406, 0.416689, 0.966
1681590496.5662172, 3.2, -1.897529e-07, -2.719777e-06, 2.738097e-06, 244.7576, 0, 0, 0, +2.083395E+01, +1.516863E-09, 0.982914, 0.0165406, 0.416689, 0.966
1681590503.0328786, -3.2, 6.610019e-06, -2.646693e-06, 7.229827e-06, 337.9577, 0, 0, 0, +2.083395E+01, +1.516863E-09, 0.982914, 0.0165406, 0.416689, 0.966
1681590509.5223322, 3.2, -1.166371e-07, -2.500527e-06, 2.687675e-06, 248.0408, 0, 0, 0, +2.083395E+01, +1.516863E-09, 0.982914, 0.0165406, 0.416628, 0.966
1681590516.04716, -3.2, 7.926104e-06, -2.719777e-06, 8.703851e-06, 341.5348, 0, 0, 0, +2.083395E+01, +1.516863E-09, 0.982914, 0.0165406, 0.416628, 0.966
1681590538.7245715, 3.2, -3.626197e-06, -2.865943e-06, 4.796023e-06, 219.1537, 0, 0, 0, +2.500481E+01, +2.050804E-09, 0.982059, 0.0164186, 0.415773, 0.96
1681590545.2029295, -3.2, 3.466039e-06, -2.939026e-06, 4.325443e-06, 317.1465, 0, 0, 0, +2.500481E+01, +2.050804E-09, 0.982059, 0.0165406, 0.415773, 0.966
1681590551.7002285, 3.2, -5.015398e-06, -3.012109e-06, 5.500789e-06, 217.548, 0, 0, 0, +2.500481E+01, +2.050804E-09, 0.982059, 0.0165406, 0.415834, 0.966
1681590558.1912282, -3.2, 3.246691e-06, -2.865943e-06, 4.064814e-06, 314.4299, 0, 0, 0, +2.500481E+01, +2.050804E-09, 0.982059, 0.0165406, 0.415834, 0.966
1681590564.6737525, 3.2, -5.088514e-06, -3.085192e-06, 5.562732e-06, 212.7074, 0, 0, 0, +2.500481E+01, +2.050804E-09, 0.982059, 0.0165406, 0.415834, 0.966
1681590571.2097185, -3.2, 3.904734e-06, -3.012109e-06, 4.741451e-06, 323.5412, 0, 0, 0, +2.500481E+01, +2.050804E-09, 0.982059, 0.0165406, 0.415834, 0.966
1681590577.6931264, 3.2, -4.357355e-06, -3.085192e-06, 4.134802e-06, 217.198, 0, 0, 0, +2.500481E+01, +2.050804E-09, 0.982059, 0.0164796, 0.415834, 0.96
1681590584.1835744, -3.2, 3.246691e-06, -3.085192e-06, 3.961464e-06, 312.166, 0, 0, 0, +2.500481E+01, +2.050804E-09, 0.982059, 0.0165406, 0.415834, 0.966
1681590590.6961381, 3.2, -4.357355e-06, -3.012109e-06, 5.624942e-06, 207.7204, 0, 0, 0, +2.500481E+01, +2.050804E-09, 0.982059, 0.0165406, 0.415834, 0.966
1681590597.1871302, -3.2, 3.319807e-06, -2.865943e-06, 4.695106e-06, 322.8662, 0, 0, 0, +2.500481E+01, +2.050804E-09, 0.982059, 0.0165406, 0.415834, 0.966
1681590603.7006006, 3.2, -5.015398e-06, -3.012109e-06, 4.95703e-06, 219.5968, 0, 0, 0, +2.500481E+01, +2.050804E-09, 0.982059, 0.0165406, 0.415834, 0.966
1681590610.1775148, -3.2, 4.050965e-06, -2.939026e-06, 4.385743e-06, 315.1445, 0, 0, 0, +2.500481E+01, +2.050804E-09, 0.982059, 0.0165406, 0.415834, 0.966
1681590616.698234, 3.2, -4.430471e-06, -3.304441e-06, 5.826197e-06, 211.6479, 0, 0, 0, +2.500481E+01, +2.050804E-09, 0.982059, 0.0165406, 0.415834, 0.966
1681590623.1821692, -3.2, 2.807996e-06, -2.939026e-06, 4.222141e-06, 313.7266, 0, 0, 0, +2.500481E+01, +2.050804E-09, 0.982059, 0.0165406, 0.415834, 0.966
1681590629.6763968, 3.2, -6.039019e-06, -2.939026e-06, 7.016589e-06, 204.6501, 0, 0, 0, +2.500481E+01, +2.050804E-09, 0.982059, 0.0164796, 0.415834, 0.966
1681590636.196874, -3.2, 2.003722e-06, -3.012109e-06, 3.710184e-06, 308.8741, 0, 0, 0, +2.500481E+01, +2.050804E-09, 0.982121, 0.0164796, 0.415834, 0.966
1681590642.6862624, 3.2, -4.722935e-06, -2.939026e-06, 6.003368e-06, 209.389, 0, 0, 0, +2.500481E+01, +2.050804E-09, 0.982059, 0.0165406, 0.415834, 0.966
1681590649.1511655, -3.2, 3.319807e-06, -2.79286e-06, 4.379369e-06, 319.0082, 0, 0, 0, +2.500481E+01, +2.050804E-09, 0.982059, 0.0165406, 0.415834, 0.966
1681590655.6168642, 3.2, -5.527208e-06, -2.939026e-06, 6.192746e-06, 204.5574, 0, 0, 0, +2.500481E+01, +2.050804E-09, 0.982059, 0.0165406, 0.415834, 0.966
1681590662.1050875, -3.2, 1.85749e-06, -3.085192e-06, 4.068461e-06, 315.869, 0, 0, 0, +2.500481E+01, +2.050804E-09, 0.982059, 0.0164796, 0.415834, 0.966
1681590668.5852487, 3.2, -5.819672e-06, -2.865943e-06, 6.618583e-06, 210.9907, 0, 0, 0, +2.500481E+01, +2.050804E-09, 0.982059, 0.0165406, 0.415834, 0.966
1681590675.078182, -3.2, 3.685386e-06, -2.939026e-06, 4.064814e-06, 309.7276, 0, 0, 0, +2.500481E+01, +2.050804E-09, 0.982059, 0.0164796, 0.415834, 0.966
1681590681.5730467, 3.2, -5.67344e-06, -2.865943e-06, 5.93318e-06, 210.7387, 0, 0, 0, +2.500481E+01, +2.050804E-09, 0.982059, 0.0164796, 0.415834, 0.966
1681590688.0785952, -3.2, 1.85749e-06, -2.939026e-06, 3.455556e-06, 301.2632, 0, 0, 0, +2.500481E+01, +2.050804E-09, 0.982059, 0.0164796, 0.415834, 0.966
1681590694.5546434, 3.2, -5.454093e-06, -2.939026e-06, 6.521121e-06, 205.0861, 0, 0, 0, +2.500481E+01, +2.050804E-09, 0.982059, 0.0165406, 0.415834, 0.966
1681590701.075211, -3.2, 2.881112e-06, -2.939026e-06, 4.115663e-06, 316.4611, 0, 0, 0, +2.500481E+01, +2.050804E-09, 0.982059, 0.0165406, 0.415773, 0.966
1681590707.5838094, 3.2, -7.062642e-06, -2.865943e-06, 7.649757e-06, 201.7806, 0, 0, 0, +2.500481E+01, +2.050804E-09, 0.982059, 0.0165406, 0.415834, 0.966
1681590714.1096847, -3.2, 1.199448e-06, -2.939026e-06, 3.395189e-06, 300.0437, 0, 0, 0, +2.500481E+01, +2.050804E-09, 0.982059, 0.0165406, 0.415773, 0.966
1681590720.6137648, 3.2, -6.185251e-06, -2.865943e-06, 7.717312e-06, 203.3135, 0, 0, 0, +2.500481E+01, +2.050804E-09, 0.982059, 0.0164796, 0.415834, 0.966
1681590727.1296763, -3.2, 1.199448e-06, -2.79286e-06, 3.31422e-06, 304.2848, 0, 0, 0, +2.500481E+01, +2.050804E-09, 0.982059, 0.0165406, 0.415773, 0.966
1681590733.6226575, 3.2, -6.843294e-06, -2.939026e-06, 7.526854e-06, 201.882, 0, 0, 0, +2.500481E+01, +2.050804E-09, 0.982059, 0.0165406, 0.415834, 0.966
1681590740.1044784, -3.2, 1.053216e-06, -2.865943e-06, 2.936441e-06, 280.6977, 0, 0, 0, +2.500481E+01, +2.050804E-09, 0.982059, 0.0165406, 0.415834, 0.966
1681590746.5847025, 3.2, -6.550831e-06, -2.79286e-06, 7.25608e-06, 203.4663, 0, 0, 0, +2.500481E+01, +2.050804E-09, 0.982059, 0.0165406, 0.415834, 0.966
1681590753.097825, -3.2, 3.220579e-07, -2.719777e-06, 2.939175e-06, 273.5107, 0, 0, 0, +2.500481E+01, +2.050804E-09, 0.982059, 0.0165406, 0.415834, 0.966
1681590759.6097171, 3.2, -8.378726e-06, -2.939026e-06, 8.579119e-06, 200.1895, 0, 0, 0, +2.500481E+01, +2.050804E-09, 0.982059, 0.0165406, 0.415834, 0.966
1681590766.1179812, -3.2, 9.069846e-07, -2.939026e-06, 3.028898e-06, 287.1503, 0, 0, 0, +2.500481E+01, +2.050804E-09, 0.982059, 0.0165406, 0.415834, 0.966
1681590772.6271925, 3.2, -6.989525e-06, -2.719777e-06, 7.431952e-06, 203.3233, 0, 0, 0, +2.500481E+01, +2.050804E-09, 0.982059, 0.0165406, 0.415834, 0.966
1681590779.1375132, -3.2, 1.34568e-06, -2.865943e-06, 2.959842e-06, 288.4424, 0, 0, 0, +2.500481E+01, +2.050804E-09, 0.982059, 0.0165406, 0.415834, 0.966
1681590785.6107054, 3.2, -7.501336e-06, -2.939026e-06, 7.961915e-06, 202.0868, 0, 0, 0, +2.500481E+01, +2.050804E-09, 0.982059, 0.0165406, 0.415834, 0.966
1681590792.1226394, -3.2, 9.069846e-07, -2.865943e-06, 2.939348e-06, 267.7274, 0, 0, 0, +2.500481E+01, +2.050804E-09, 0.982059, 0.0165406, 0.415834, 0.966
1681590798.635521, 3.2, -7.574452e-06, -2.79286e-06, 7.757672e-06, 202.0868, 0, 0, 0, +2.500481E+01, +2.050804E-09, 0.982059, 0.0164796, 0.415834, 0.966
1681590805.127432, -3.2, -1.166371e-07, -2.865943e-06, 3.012254e-06, 277.6579, 0, 0, 0, +2.500481E+01, +2.050804E-09, 0.982059, 0.0165406, 0.415834, 0.966
1681590811.643184, 3.2, -6.258367e-06, -2.719777e-06, 7.419184e-06, 203.4663, 0, 0, 0, +2.500481E+01, +2.050804E-09, 0.982059, 0.0164796, 0.415834, 0.966
1681590818.1450722, -3.2, 1.638143e-06, -2.939026e-06, 3.376036e-06, 305.6573, 0, 0, 0, +2.500481E+01, +2.050804E-09, 0.982059, 0.0165406, 0.415834, 0.966
1681590824.6706436, 3.2, -5.746556e-06, -2.865943e-06, 6.226047e-06, 206.2005, 0, 0, 0, +2.500481E+01, +2.050804E-09, 0.982059, 0.0165406, 0.415834, 0.966
1681590831.1839318, -3.2, 2.369301e-06, -2.719777e-06, 3.813336e-06, 312.9915, 0, 0, 0, +2.500481E+01, +2.050804E-09, 0.982059, 0.0165406, 0.415834, 0.966
1681590837.6735785, 3.2, -5.67344e-06, -2.939026e-06, 6.455125e-06, 201.8922, 0, 0, 0, +2.500481E+01, +2.050804E-09, 0.982059, 0.0165406, 0.415773, 0.966
1681590844.1478634, -3.2, 8.338687e-07, -2.79286e-06, 3.028898e-06, 296.9309, 0, 0, 0, +2.500481E+01, +2.050804E-09, 0.982059, 0.0165406, 0.415834, 0.966
1681590850.6376505, 3.2, -6.989525e-06, -2.79286e-06, 7.054137e-06, 204.0493, 0, 0, 0, +2.500481E+01, +2.050804E-09, 0.982059, 0.0165406, 0.415834, 0.966
1681590857.161846, -3.2, 1.053216e-06, -2.865943e-06, 3.296008e-06, 291.9637, 0, 0, 0, +2.500481E+01, +2.050804E-09, 0.982059, 0.0165406, 0.415834, 0.966
1681590863.6563325, 3.2, -7.428221e-06, -2.79286e-06, 8.030172e-06, 201.0975, 0, 0, 0, +2.500481E+01, +2.050804E-09, 0.982059, 0.0165406, 0.415834, 0.966
1681590870.1664963, -3.2, 8.338687e-07, -2.865943e-06, 3.05503e-06, 272.0525, 0, 0, 0, +2.500481E+01, +2.050804E-09, 0.982059, 0.0165406, 0.415834, 0.966
1681590876.6742787, 3.2, -7.647568e-06, -2.865943e-06, 7.25608e-06, 202.9439, 0, 0, 0, +2.500481E+01, +2.050804E-09, 0.982059, 0.0165406, 0.415834, 0.966
1681590883.1704915, -3.2, 2.489421e-07, -2.865943e-06, 2.893059e-06, 274.9644, 0, 0, 0, +2.500481E+01, +2.050804E-09, 0.982059, 0.0164796, 0.415834, 0.966
1681590889.6745203, 3.2, -7.135757e-06, -2.719777e-06, 8.023547e-06, 201.7806, 0, 0, 0, +2.500481E+01, +2.050804E-09, 0.982059, 0.0164796, 0.415834, 0.966
1681590896.1772583, -3.2, 2.223069e-06, -2.865943e-06, 3.582726e-06, 302.2932, 0, 0, 0, +2.500481E+01, +2.050804E-09, 0.982059, 0.0164796, 0.415834, 0.966
1681590902.6421552, 3.2, -6.770178e-06, -2.865943e-06, 7.689776e-06, 200.1098, 0, 0, 0, +2.500481E+01, +2.050804E-09, 0.982059, 0.0164796, 0.415834, 0.966
1681590909.1216452, -3.2, 1.784375e-06, -2.939026e-06, 3.0676e-06, 293.412, 0, 0, 0, +2.500481E+01, +2.050804E-09, 0.982059, 0.0164796, 0.415773, 0.966
1681590915.6206732, 3.2, -6.623946e-06, -2.865943e-06, 6.816961e-06, 203.6291, 0, 0, 0, +2.500481E+01, +2.050804E-09, 0.982059, 0.0165406, 0.415834, 0.966
1681590922.1262214, -3.2, 1.126332e-06, -2.865943e-06, 2.947282e-06, 288.8798, 0, 0, 0, +2.500481E+01, +2.050804E-09, 0.982059, 0.0164796, 0.415773, 0.966
1681590944.7895443, 3.2, -4.649818e-06, -3.304441e-06, 6.148143e-06, 213.767, 0, 0, 0, +2.916792E+01, +5.637439E-09, 0.981083, 0.0164186, 0.414797, 0.96
1681590951.276177, -3.2, 3.466039e-06, -3.377525e-06, 4.531245e-06, 308.9981, 0, 0, 0, +2.916792E+01, +5.637439E-09, 0.981083, 0.0164796, 0.414797, 0.966
1681590957.7624884, 3.2, -3.991776e-06, -3.377525e-06, 5.015032e-06, 219.5093, 0, 0, 0, +2.916792E+01, +5.637439E-09, 0.981083, 0.0164796, 0.414797, 0.966
1681590964.2277365, -3.2, 5.220818e-06, -3.450608e-06, 6.54314e-06, 327.2621, 0, 0, 0, +2.916792E+01, +5.637439E-09, 0.981083, 0.0164796, 0.414797, 0.966
1681590970.6868176, 3.2, -3.187502e-06, -3.304441e-06, 4.967182e-06, 222.342, 0, 0, 0, +2.916792E+01, +5.637439E-09, 0.981083, 0.0164796, 0.414797, 0.966
1681590977.1897154, -3.2, 4.855239e-06, -3.377525e-06, 5.531611e-06, 325.1758, 0, 0, 0, +2.916792E+01, +5.637439E-09, 0.981083, 0.0165406, 0.414797, 0.966
1681590983.678023, 3.2, -3.260618e-06, -3.304441e-06, 4.544997e-06, 226.7358, 0, 0, 0, +2.916792E+01, +5.637439E-09, 0.981083, 0.0165406, 0.414797, 0.966
1681590990.1521795, -3.2, 5.220818e-06, -3.304441e-06, 5.69305e-06, 322.1308, 0, 0, 0, +2.916792E+01, +5.637439E-09, 0.981083, 0.0165406, 0.414858, 0.966
1681590996.6496723, 3.2, -4.064892e-06, -3.304441e-06, 5.904899e-06, 211.2102, 0, 0, 0, +2.916792E+01, +5.637439E-09, 0.981083, 0.0164796, 0.414858, 0.966
1681591003.1474442, -3.2, 5.001471e-06, -3.377525e-06, 5.162811e-06, 319.666, 0, 0, 0, +2.916792E+01, +5.637439E-09, 0.981083, 0.0165406, 0.414858, 0.966
1681591009.6571958, 3.2, -3.845545e-06, -3.377525e-06, 4.987415e-06, 224.7523, 0, 0, 0, +2.916792E+01, +5.637439E-09, 0.981083, 0.0165406, 0.414858, 0.966
1681591016.2052155, -3.2, 4.635892e-06, -3.304441e-06, 5.853494e-06, 330.3529, 0, 0, 0, +2.916792E+01, +5.637439E-09, 0.981083, 0.0164796, 0.414858, 0.966
1681591022.7155952, 3.2, -3.626197e-06, -3.304441e-06, 5.455491e-06, 215.7587, 0, 0, 0, +2.916792E+01, +5.637439E-09, 0.981083, 0.0164796, 0.414858, 0.966
1681591029.1799493, -3.2, 3.758502e-06, -3.377525e-06, 5.73578e-06, 323.4899, 0, 0, 0, +2.916792E+01, +5.637439E-09, 0.981083, 0.0164796, 0.414797, 0.966
1681591035.6586607, 3.2, -3.991776e-06, -3.377525e-06, 4.90225e-06, 218.4827, 0, 0, 0, +2.916792E+01, +5.637439E-09, 0.981083, 0.0164796, 0.414858, 0.966
1681591042.1407313, -3.2, 4.635892e-06, -3.304441e-06, 5.69305e-06, 323.6465, 0, 0, 0, +2.916792E+01, +5.637439E-09, 0.981083, 0.0165406, 0.414858, 0.966
1681591048.6442292, 3.2, -3.91866e-06, -3.231358e-06, 5.410549e-06, 221.2927, 0, 0, 0, +2.916792E+01, +5.637439E-09, 0.981083, 0.0165406, 0.414858, 0.966
1681591055.1373074, -3.2, 3.831618e-06, -3.304441e-06, 5.284636e-06, 322.2667, 0, 0, 0, +2.916792E+01, +5.637439E-09, 0.981083, 0.0164796, 0.414858, 0.966
1681591061.6381574, 3.2, -3.333734e-06, -3.158275e-06, 4.354723e-06, 226.696, 0, 0, 0, +2.916792E+01, +5.637439E-09, 0.981083, 0.0165406, 0.414858, 0.966
1681591068.1217163, -3.2, 5.220818e-06, -3.377525e-06, 5.854603e-06, 320.6833, 0, 0, 0, +2.916792E+01, +5.637439E-09, 0.981083, 0.0165406, 0.414858, 0.966
1681591074.5986662, 3.2, -2.968155e-06, -3.377525e-06, 4.334126e-06, 224.7361, 0, 0, 0, +2.916792E+01, +5.637439E-09, 0.981083, 0.0164796, 0.414858, 0.966
1681591081.1011999, -3.2, 6.683135e-06, -3.231358e-06, 6.932528e-06, 330.1218, 0, 0, 0, +2.916792E+01, +5.637439E-09, 0.981083, 0.0164796, 0.414858, 0.966
1681591087.5669007, 3.2, -2.383228e-06, -3.158275e-06, 3.910323e-06, 241.4446, 0, 0, 0, +2.916792E+01, +5.637439E-09, 0.981083, 0.0164796, 0.414858, 0.966
1681591094.0696578, -3.2, 5.586397e-06, -3.231358e-06, 6.616825e-06, 331.8331, 0, 0, 0, +2.916792E+01, +5.637439E-09, 0.981083, 0.0164796, 0.414858, 0.966
1681591100.56655, 3.2, -2.968155e-06, -3.231358e-06, 4.401241e-06, 230.2446, 0, 0, 0, +2.916792E+01, +5.637439E-09, 0.981083, 0.0165406, 0.414858, 0.966
1681591107.0714898, -3.2, 4.855239e-06, -3.012109e-06, 5.34189e-06, 320.5756, 0, 0, 0, +2.916792E+01, +5.637439E-09, 0.981083, 0.0164796, 0.414858, 0.966
1681591113.5831878, 3.2, -3.553081e-06, -2.939026e-06, 4.24236e-06, 231.1516, 0, 0, 0, +2.916792E+01, +5.637439E-09, 0.981144, 0.0164796, 0.414919, 0.966
1681591120.0761702, -3.2, 5.220818e-06, -3.304441e-06, 5.974643e-06, 324.5189, 0, 0, 0, +2.916792E+01, +5.637439E-09, 0.981083, 0.0164796, 0.414858, 0.966
1681591126.5725582, 3.2, -2.748807e-06, -3.231358e-06, 4.117397e-06, 228.7782, 0, 0, 0, +2.916792E+01, +5.637439E-09, 0.981144, 0.0164796, 0.414919, 0.966
1681591133.0725133, -3.2, 4.709008e-06, -3.450608e-06, 6.218088e-06, 332.6394, 0, 0, 0, +2.916792E+01, +5.637439E-09, 0.981144, 0.0164796, 0.414919, 0.966
1681591139.5962026, 3.2, -2.236996e-06, -3.377525e-06, 4.0742e-06, 237.6779, 0, 0, 0, +2.916792E+01, +5.637439E-09, 0.981083, 0.0164796, 0.414858, 0.966
1681591146.060955, -3.2, 6.317556e-06, -3.450608e-06, 7.553449e-06, 333.6902, 0, 0, 0, +2.916792E+01, +5.637439E-09, 0.981083, 0.0164796, 0.414858, 0.966
1681591152.5586715, 3.2, 7.607529e-07, -3.231358e-06, 3.827084e-06, 302.1493, 0, 0, 0, +2.916792E+01, +5.637439E-09, 0.981083, 0.0164796, 0.414858, 0.966
1681591159.0662062, -3.2, 9.388421e-06, -3.304441e-06, 9.540279e-06, 338.6874, 0, 0, 0, +2.916792E+01, +5.637439E-09, 0.981083, 0.0164796, 0.414858, 0.966
1681591165.569642, 3.2, 3.951737e-07, -3.304441e-06, 3.231494e-06, 269.2284, 0, 0, 0, +2.916792E+01, +5.637439E-09, 0.981083, 0.0164796, 0.414858, 0.966
1681591172.0484385, -3.2, 7.926104e-06, -3.231358e-06, 8.600129e-06, 338.1838, 0, 0, 0, +2.916792E+01, +5.637439E-09, 0.981083, 0.0164796, 0.414858, 0.966
1681591178.555265, 3.2, 6.145212e-07, -3.304441e-06, 3.327986e-06, 263.0938, 0, 0, 0, +2.916792E+01, +5.637439E-09, 0.981083, 0.0164796, 0.414858, 0.966
1681591185.0485435, -3.2, 1.041204e-05, -3.304441e-06, 9.702789e-06, 339.0103, 0, 0, 0, +2.916792E+01, +5.637439E-09, 0.981144, 0.0164796, 0.414919, 0.966
1681591191.5713258, 3.2, 3.220579e-07, -3.231358e-06, 3.420642e-06, 284.727, 0, 0, 0, +2.916792E+01, +5.637439E-09, 0.981083, 0.0164796, 0.414858, 0.966
1681591198.074524, -3.2, 8.803495e-06, -3.377525e-06, 9.540279e-06, 339.7347, 0, 0, 0, +2.916792E+01, +5.637439E-09, 0.981083, 0.0164796, 0.414858, 0.966
1681591204.5631504, 3.2, 2.959457e-08, -3.231358e-06, 3.455821e-06, 271.8627, 0, 0, 0, +2.916792E+01, +5.637439E-09, 0.981083, 0.0164796, 0.414858, 0.966
1681591211.033177, -3.2, 7.999221e-06, -3.231358e-06, 9.677592e-06, 339.5317, 0, 0, 0, +2.916792E+01, +5.637439E-09, 0.981083, 0.0164796, 0.414858, 0.966
1681591217.511168, 3.2, 1.126332e-06, -3.304441e-06, 3.329259e-06, 299.0157, 0, 0, 0, +2.916792E+01, +5.637439E-09, 0.981083, 0.0165406, 0.414858, 0.966
1681591224.0007224, -3.2, 1.004646e-05, -3.304441e-06, 1.034475e-05, 341.2911, 0, 0, 0, +2.916792E+01, +5.637439E-09, 0.981144, 0.0164796, 0.414919, 0.966
1681591230.4929154, 3.2, 9.801004e-07, -3.231358e-06, 3.405014e-06, 298.9077, 0, 0, 0, +2.916792E+01, +5.637439E-09, 0.981144, 0.0164796, 0.414919, 0.966
1681591236.9987304, -3.2, 9.900232e-06, -3.304441e-06, 1.074065e-05, 341.4108, 0, 0, 0, +2.916792E+01, +5.637439E-09, 0.981083, 0.0164796, 0.414858, 0.966
1681591243.4786463, 3.2, 3.220579e-07, -3.158275e-06, 3.168071e-06, 273.0458, 0, 0, 0, +2.916792E+01, +5.637439E-09, 0.981083, 0.0164796, 0.414858, 0.966
1681591249.9635487, -3.2, 9.827116e-06, -3.304441e-06, 1.085416e-05, 342.7584, 0, 0, 0, +2.916792E+01, +5.637439E-09, 0.981144, 0.0164796, 0.414919, 0.966
1681591256.4745705, 3.2, 9.069846e-07, -3.158275e-06, 3.319702e-06, 276.9723, 0, 0, 0, +2.916792E+01, +5.637439E-09, 0.981144, 0.0164796, 0.414919, 0.966
1681591262.951223, -3.2, 9.315306e-06, -3.231358e-06, 9.815161e-06, 340.5865, 0, 0, 0, +2.916792E+01, +5.637439E-09, 0.981144, 0.0164796, 0.414919, 0.966
1681591269.434752, 3.2, 1.565027e-06, -3.231358e-06, 3.182902e-06, 280.3119, 0, 0, 0, +2.916792E+01, +5.637439E-09, 0.981144, 0.0164796, 0.414919, 0.966
1681591275.9649334, -3.2, 9.315306e-06, -3.304441e-06, 1.032216e-05, 341.7981, 0, 0, 0, +2.916792E+01, +5.637439E-09, 0.981144, 0.0164796, 0.414919, 0.966
1681591282.4577048, 3.2, 7.607529e-07, -3.158275e-06, 3.313805e-06, 279.3048, 0, 0, 0, +2.916792E+01, +5.637439E-09, 0.981144, 0.0165406, 0.414919, 0.966
1681591288.9744647, -3.2, 6.171324e-06, -3.304441e-06, 7.095998e-06, 334.9458, 0, 0, 0, +2.916792E+01, +5.637439E-09, 0.981144, 0.0164796, 0.414919, 0.966
1681591295.4566631, 3.2, 2.369301e-06, -3.304441e-06, 4.109103e-06, 303.6328, 0, 0, 0, +2.916792E+01, +5.637439E-09, 0.981144, 0.0164796, 0.414919, 0.966
1681591301.9516494, -3.2, 1.041204e-05, -3.304441e-06, 1.078454e-05, 342.5075, 0, 0, 0, +2.916792E+01, +5.637439E-09, 0.981144, 0.0164796, 0.414919, 0.966
1681591308.4656625, 3.2, 1.930606e-06, -3.231358e-06, 3.922208e-06, 301.5873, 0, 0, 0, +2.916792E+01, +5.637439E-09, 0.981144, 0.0164796, 0.414919, 0.966
1681591314.9552803, -3.2, 1.041204e-05, -3.231358e-06, 1.09998e-05, 342.41, 0, 0, 0, +2.916792E+01, +5.637439E-09, 0.981144, 0.0164796, 0.414919, 0.966
1681591321.4606829, 3.2, 1.199448e-06, -3.158275e-06, 3.472908e-06, 283.8683, 0, 0, 0, +2.916792E+01, +5.637439E-09, 0.981144, 0.0164796, 0.414919, 0.966
1681591327.9253724, -3.2, 7.341178e-06, -3.231358e-06, 8.750445e-06, 338.4439, 0, 0, 0, +2.916792E+01, +5.637439E-09, 0.981144, 0.0164796, 0.414919, 0.966
1681591350.5582201, 3.2, -4.576703e-06, -3.816023e-06, 6.015218e-06, 222.7235, 0, 0, 0, +3.333449E+01, +1.027515E-08, 0.980045, 0.0164186, 0.413759, 0.96
1681591357.0756679, -3.2, 5.147703e-06, -3.816023e-06, 5.511828e-06, 322.0176, 0, 0, 0, +3.333449E+01, +1.027515E-08, 0.980045, 0.0164796, 0.413759, 0.966
1681591363.5786724, 3.2, -5.67344e-06, -3.889106e-06, 6.796876e-06, 216.4963, 0, 0, 0, +3.333449E+01, +1.027515E-08, 0.980045, 0.0165406, 0.413759, 0.966
1681591370.0872905, -3.2, 3.027344e-06, -3.96219e-06, 5.264254e-06, 312.355, 0, 0, 0, +3.333449E+01, +1.027515E-08, 0.980045, 0.0164796, 0.413759, 0.966
1681591376.5854046, 3.2, -4.722935e-06, -3.96219e-06, 6.682354e-06, 218.1994, 0, 0, 0, +3.333449E+01, +1.027515E-08, 0.980045, 0.0164796, 0.413759, 0.966
1681591383.0810914, -3.2, 5.074587e-06, -3.889106e-06, 6.266761e-06, 320.7833, 0, 0, 0, +3.333449E+01, +1.027515E-08, 0.980045, 0.0165406, 0.413759, 0.966
