t,i,x,y,r,theta,xK,tc,therm,trueGateDC,trueGateI,x2,y2,r2,theta2
1713468711.1532948, 3.2, 6.054687e-08, -1.200732e-08, 5.314713e-08, 341.9532, 0, 0, 0, +2.597649E-05, -1.778548E-10, 0.0, 0.0, -0.00283195, 0.0
1713468717.708482, -3.2, -3.889066e-08, -1.77569e-09, 4.327875e-08, 189.0856, 0, 0, 0, +2.597649E-05, -1.778548E-10, 0.0, 0.0, -0.00283195, 0.0
1713468724.1778245, 3.2, 3.422517e-08, -1.931564e-08, 4.343817e-08, 339.7617, 0, 0, 0, +2.597649E-05, -1.778548E-10, 0.0, 0.0, -0.00283195, 0.0
1713468730.6561203, -3.2, -5.497614e-08, -3.237352e-09, 3.66398e-08, 178.481, 0, 0, 0, +2.597649E-05, -1.778548E-10, -2.3842e-07, 0.0, -0.00283171, 180.0
1713468737.1453526, 3.2, 5.908456e-08, 2.609297e-09, 6.578459e-08, 348.2815, 0, 0, 0, +2.597649E-05, -1.778548E-10, -2.3842e-07, 0.0, -0.00283171, 180.0
1713468743.6699042, -3.2, -5.257375e-09, 1.147635e-09, 5.596818e-08, 185.1585, 0, 0, 0, +2.597649E-05, -1.778548E-10, 0.0, 0.0, -0.00283171, 0.0
1713468750.145615, 3.2, 3.276286e-08, -1.77569e-09, 7.158305e-08, 350.2475, 0, 0, 0, +2.597649E-05, -1.778548E-10, 0.0, -2.3842e-07, -0.00283171, -45.0
1713468756.6542807, -3.2, -3.889066e-08, -3.140275e-10, 4.106656e-08, 189.6687, 0, 0, 0, +2.597649E-05, -1.778548E-10, -2.3842e-07, 0.0, -0.00283171, 180.0
1713468763.1332357, 3.2, 6.932078e-08, -2.370062e-08, 6.55541e-08, 3.866007, 0, 0, 0, +2.597649E-05, -1.778548E-10, 0.0, 0.0, -0.00283195, 0.0
1713468769.6182165, -3.2, -2.426749e-08, -4.699014e-09, 4.383915e-08, 187.4436, 0, 0, 0, +2.597649E-05, -1.778548E-10, -2.3842e-07, 0.0, -0.00283171, 135.0
1713468792.2674172, 3.2, 2.184771e-07, -1.346899e-08, 2.423345e-07, 358.4955, 0, 0, 0, +5.000048E-01, -1.552626E-11, -2.3842e-07, 0.0, -0.00283171, 180.0
1713468798.7727559, -3.2, 1.497482e-07, -6.160676e-09, 1.490357e-07, 355.6317, 0, 0, 0, +5.000048E-01, -1.552626E-11, 0.0, 2.3842e-07, -0.00283171, 90.0
1713468805.268136, 3.2, 2.477234e-07, -9.084001e-09, 2.318778e-07, 357.0326, 0, 0, 0, +5.000048E-01, -1.552626E-11, 0.0, 0.0, -0.00283171, 45.0
1713468811.7402213, -3.2, 1.292757e-07, 1.868758e-08, 1.351863e-07, 2.450595, 0, 0, 0, +5.000048E-01, -1.552626E-11, -2.3842e-07, 0.0, -0.00283171, 180.0
1713468818.2057023, 3.2, 2.316379e-07, -1.200732e-08, 2.229944e-07, 356.4956, 0, 0, 0, +5.000048E-01, -1.552626E-11, 0.0, 0.0, -0.00283171, 90.0
1713468824.6844072, -3.2, 1.190395e-07, -3.237352e-09, 1.307501e-07, 356.6256, 0, 0, 0, +5.000048E-01, -1.552626E-11, 0.0, 0.0, -0.00283195, 0.0
1713468831.1497762, 3.2, 2.462611e-07, 1.284093e-08, 2.201921e-07, 358.0411, 0, 0, 0, +5.000048E-01, -1.552626E-11, -2.3842e-07, 0.0, -0.00283171, 135.0
1713468837.638627, -3.2, 1.278134e-07, -6.160676e-09, 1.357946e-07, 359.2552, 0, 0, 0, +5.000048E-01, -1.552626E-11, 0.0, 0.0, -0.00283195, 0.0
1713468844.127327, 3.2, 2.184771e-07, -1.346899e-08, 2.405326e-07, 357.8492, 0, 0, 0, +5.000048E-01, -1.552626E-11, -2.3842e-07, 0.0, -0.00283171, 180.0
1713468850.6226466, -3.2, 1.424366e-07, -9.084001e-09, 1.322008e-07, 359.8639, 0, 0, 0, +5.000048E-01, -1.552626E-11, 0.0, 0.0, -0.00283171, 0.0
1713468873.2882028, 3.2, 3.720203e-07, -1.346899e-08, 3.968814e-07, 0.1638672, 0, 0, 0, +9.999993E-01, +1.505507E-10, 0.0, 0.0, -0.00283171, 90.0
1713468879.7476008, -3.2, 2.886683e-07, -3.140275e-10, 2.918149e-07, 357.606, 0, 0, 0, +9.999993E-01, +1.505507E-10, 0.0, 0.0, -0.00283195, 0.0
1713468886.2224019, 3.2, 4.012667e-07, -1.77569e-09, 3.96127e-07, 356.3318, 0, 0, 0, +9.999993E-01, +1.505507E-10, -2.3842e-07, 0.0, -0.00283171, 180.0
1713468892.7387164, -3.2, 2.623466e-07, -1.054566e-08, 2.875938e-07, 357.9078, 0, 0, 0, +9.999993E-01, +1.505507E-10, 0.0, -2.3842e-07, -0.00283171, -90.0
1713468899.2298548, 3.2, 4.144275e-07, 4.070959e-09, 3.987419e-07, 358.862, 0, 0, 0, +9.999993E-01, +1.505507E-10, 0.0, 0.0, -0.00283195, 0.0
1713468905.7053423, -3.2, 3.237639e-07, -9.084001e-09, 2.785002e-07, 359.6307, 0, 0, 0, +9.999993E-01, +1.505507E-10, -2.3842e-07, 0.0, -0.00283171, 135.0
1713468912.1706307, 3.2, 4.129652e-07, 8.455946e-09, 3.781644e-07, 359.0731, 0, 0, 0, +9.999993E-01, +1.505507E-10, 0.0, 0.0, -0.00283195, 0.0
1713468918.6292405, -3.2, 2.652712e-07, -1.639231e-08, 2.844768e-07, 357.9288, 0, 0, 0, +9.999993E-01, +1.505507E-10, 0.0, 0.0, -0.00283171, 90.0
1713468925.0987666, 3.2, 3.720203e-07, -3.140275e-10, 3.793409e-07, 3.576966, 0, 0, 0, +9.999993E-01, +1.505507E-10, -2.3842e-07, -2.3842e-07, -0.00283171, -135.0
1713468931.5673034, -3.2, 2.769697e-07, -1.785397e-08, 3.071319e-07, 357.1817, 0, 0, 0, +9.999993E-01, +1.505507E-10, 0.0, 0.0, -0.00283195, 0.0
1713468954.2092485, 3.2, 1.760699e-07, -3.393226e-08, 1.859847e-07, 352.9745, 0, 0, 0, +1.499962E+00, +2.796203E-10, 0.0, 0.0, -0.00283171, 0.0
1713468960.6779048, -3.2, 1.453612e-07, 2.609297e-09, 8.851772e-08, 338.3749, 0, 0, 0, +1.499962E+00, +2.796203E-10, 0.0, 0.0, -0.00283195, 0.0
1713468967.1438494, 3.2, 1.731453e-07, -2.808561e-08, 1.905553e-07, 0.3557262, 0, 0, 0, +1.499962E+00, +2.796203E-10, -2.3842e-07, 0.0, -0.00283171, 135.0
1713468973.6422808, -3.2, 9.856711e-08, 1.147635e-09, 8.899013e-08, 355.8026, 0, 0, 0, +1.499962E+00, +2.796203E-10, 0.0, 0.0, -0.00283171, 45.0
1713468980.0974004, 3.2, 1.980046e-07, 8.455946e-09, 1.921826e-07, 4.654727, 0, 0, 0, +1.499962E+00, +2.796203E-10, -2.3842e-07, 0.0, -0.00283171, 135.0
1713468986.5995538, -3.2, 6.347151e-08, 4.070959e-09, 8.540683e-08, 344.9804, 0, 0, 0, +1.499962E+00, +2.796203E-10, 0.0, 0.0, -0.00283195, 0.0
1713468993.055081, 3.2, 2.331003e-07, 1.147635e-09, 1.980819e-07, 358.3848, 0, 0, 0, +1.499962E+00, +2.796203E-10, -2.3842e-07, 0.0, -0.00283171, 180.0
1713468999.540433, -3.2, 9.856711e-08, 6.994284e-09, 6.641989e-08, 339.9481, 0, 0, 0, +1.499962E+00, +2.796203E-10, 0.0, 0.0, -0.00283195, 0.0
1713469006.009199, 3.2, 2.053162e-07, 6.994284e-09, 2.01051e-07, 2.084595, 0, 0, 0, +1.499962E+00, +2.796203E-10, 0.0, 0.0, -0.00283195, 0.0
1713469012.4845283, -3.2, 4.446139e-08, -9.084001e-09, 8.624618e-08, 353.0783, 0, 0, 0, +1.499962E+00, +2.796203E-10, 0.0, 0.0, -0.00283195, 0.0
1713469035.110566, 3.2, 2.491857e-07, 4.070959e-09, 2.141288e-07, 3.796193, 0, 0, 0, +1.999971E+00, +3.647460E-10, 0.0, 0.0, -0.00283195, 0.0
1713469041.5689597, -3.2, 1.336627e-07, 9.917608e-09, 1.278408e-07, 17.13062, 0, 0, 0, +1.999971E+00, +3.647460E-10, -2.3842e-07, 0.0, -0.00283171, 180.0
1713469048.0241475, 3.2, 2.038539e-07, -1.77569e-09, 2.375671e-07, 358.0789, 0, 0, 0, +1.999971E+00, +3.647460E-10, 0.0, 0.0, -0.00283171, 0.0
1713469054.5031116, -3.2, 1.205019e-07, 4.070959e-09, 1.409984e-07, 1.707184, 0, 0, 0, +1.999971E+00, +3.647460E-10, 0.0, 0.0, -0.00283171, 90.0
1713469060.9818168, 3.2, 2.389495e-07, -1.054566e-08, 2.467133e-07, 355.5415, 0, 0, 0, +1.999971E+00, +3.647460E-10, 0.0, 0.0, -0.00283171, 90.0
1713469067.4771667, -3.2, 1.365873e-07, 1.137927e-08, 1.135542e-07, 356.3362, 0, 0, 0, +1.999971E+00, +3.647460E-10, 0.0, 0.0, -0.00283195, 0.0
1713469073.9457343, 3.2, 2.389495e-07, 1.430259e-08, 2.303309e-07, 3.467759, 0, 0, 0, +1.999971E+00, +3.647460E-10, 0.0, 0.0, -0.00283195, 0.0
1713469080.4149432, -3.2, 1.687583e-07, 8.455946e-09, 1.365877e-07, 4.303652, 0, 0, 0, +1.999971E+00, +3.647460E-10, -2.3842e-07, 0.0, -0.00283171, 180.0
1713469086.9036264, 3.2, 1.99467e-07, -2.223896e-08, 2.141115e-07, 0.2931178, 0, 0, 0, +1.999971E+00, +3.647460E-10, -2.3842e-07, -2.3842e-07, -0.00283171, -135.0
1713469093.358919, -3.2, 1.526728e-07, -1.346899e-08, 1.417629e-07, 343.8362, 0, 0, 0, +1.999971E+00, +3.647460E-10, 0.0, -2.3842e-07, -0.00283171, -90.0
1713469116.0044708, 3.2, 2.959798e-07, 2.609297e-09, 2.78878e-07, 1.22867, 0, 0, 0, +2.500055E+00, +4.305131E-10, 0.0, 0.0, -0.00283195, 0.0
1713469122.4831853, -3.2, 1.599844e-07, -1.931564e-08, 1.570931e-07, 2.055727, 0, 0, 0, +2.500055E+00, +4.305131E-10, 0.0, 0.0, -0.00283195, 0.0
1713469128.9486728, 3.2, 2.725828e-07, 4.070959e-09, 2.564999e-07, 358.1015, 0, 0, 0, +2.500055E+00, +4.305131E-10, 0.0, 0.0, -0.00283171, 90.0
1713469135.4043636, -3.2, 1.848438e-07, 4.070959e-09, 1.781074e-07, 1.313609, 0, 0, 0, +2.500055E+00, +4.305131E-10, -2.3842e-07, 0.0, -0.00283171, 135.0
1713469141.8861928, 3.2, 2.55035e-07, -1.346899e-08, 2.609266e-07, 357.6047, 0, 0, 0, +2.500055E+00, +4.305131E-10, 0.0, -2.3842e-07, -0.00283171, -90.0
1713469148.38135, -3.2, 1.453612e-07, -2.370062e-08, 1.572446e-07, 0.4072768, 0, 0, 0, +2.500055E+00, +4.305131E-10, 0.0, 0.0, -0.00283171, 45.0
1713469154.8770778, 3.2, 2.564973e-07, -7.622339e-09, 2.496326e-07, 359.9252, 0, 0, 0, +2.500055E+00, +4.305131E-10, 2.3842e-07, 0.0, -0.00283171, 26.562
1713469161.3756573, -3.2, 1.746076e-07, -2.808561e-08, 1.679573e-07, 356.2628, 0, 0, 0, +2.500055E+00, +4.305131E-10, -2.3842e-07, -2.3842e-07, -0.00283171, -135.0
1713469167.843647, 3.2, 2.316379e-07, 1.147635e-09, 2.608868e-07, 355.8354, 0, 0, 0, +2.500055E+00, +4.305131E-10, -2.3842e-07, 0.0, -0.00283171, 135.0
1713469174.3098657, -3.2, 1.380497e-07, -3.831725e-08, 1.540703e-07, 354.3062, 0, 0, 0, +2.500055E+00, +4.305131E-10, 0.0, -2.3842e-07, -0.00283171, -90.0
1713469196.9626262, 3.2, 3.340001e-07, 1.430259e-08, 3.632768e-07, 359.9531, 0, 0, 0, +3.000050E+00, +5.032688E-10, 0.0, 0.0, -0.00283171, 45.0
1713469203.4541693, -3.2, 2.462611e-07, -1.785397e-08, 2.319489e-07, 355.5933, 0, 0, 0, +3.000050E+00, +5.032688E-10, 0.0, 0.0, -0.00283171, 90.0
1713469209.9196353, 3.2, 3.573971e-07, -2.07773e-08, 3.647105e-07, 359.9535, 0, 0, 0, +3.000050E+00, +5.032688E-10, 0.0, 0.0, -0.00283195, 0.0
1713469216.3658125, -3.2, 2.50648e-07, -1.639231e-08, 2.564999e-07, 355.9492, 0, 0, 0, +3.000050E+00, +5.032688E-10, 0.0, 0.0, -0.00283195, 0.0
1713469222.8437223, 3.2, 3.486232e-07, -6.160676e-09, 3.518648e-07, 359.0284, 0, 0, 0, +3.000050E+00, +5.032688E-10, -2.3842e-07, -2.3842e-07, -0.00283171, -135.0
1713469229.3359177, -3.2, 2.989045e-07, -1.493065e-08, 2.806645e-07, 355.7099, 0, 0, 0, +3.000050E+00, +5.032688E-10, 0.0, 0.0, -0.00283171, 90.0
1713469235.8015127, 3.2, 3.939551e-07, 1.147635e-09, 3.720295e-07, 0.1733427, 0, 0, 0, +3.000050E+00, +5.032688E-10, -2.3842e-07, 0.0, -0.00283171, 180.0
1713469242.2866926, -3.2, 2.725828e-07, 1.147635e-09, 2.303548e-07, 2.265889, 0, 0, 0, +3.000050E+00, +5.032688E-10, 0.0, 0.0, -0.00283195, 0.0
1713469248.7555242, 3.2, 3.66171e-07, -1.054566e-08, 3.753031e-07, 356.0054, 0, 0, 0, +3.000050E+00, +5.032688E-10, -2.3842e-07, 0.0, -0.00283171, 180.0
1713469255.26115, -3.2, 2.477234e-07, -7.622339e-09, 2.624573e-07, 356.2525, 0, 0, 0, +3.000050E+00, +5.032688E-10, -2.3842e-07, 0.0, -0.00283171, 135.0
1713469277.9065223, 3.2, 3.924928e-07, -2.07773e-08, 3.956992e-07, 359.5411, 0, 0, 0, +3.500099E+00, +5.546549E-10, 0.0, 0.0, -0.00283195, 0.0
1713469284.3552346, -3.2, 2.886683e-07, 6.994284e-09, 2.800221e-07, 1.144362, 0, 0, 0, +3.500099E+00, +5.546549E-10, 0.0, 0.0, -0.00283171, 45.0
1713469290.8241203, 3.2, 3.881058e-07, -1.639231e-08, 4.012706e-07, 0.3672164, 0, 0, 0, +3.500099E+00, +5.546549E-10, 0.0, 0.0, -0.00283195, 0.0
1713469297.2891283, -3.2, 2.360249e-07, -1.200732e-08, 2.829649e-07, 357.9391, 0, 0, 0, +3.500099E+00, +5.546549E-10, 0.0, 0.0, -0.00283171, 90.0
1713469303.7781098, 3.2, 4.071159e-07, -1.346899e-08, 3.824938e-07, 0.6172493, 0, 0, 0, +3.500099E+00, +5.546549E-10, 0.0, 0.0, -0.00283171, 0.0
1713469310.233697, -3.2, 2.857437e-07, -1.346899e-08, 2.828214e-07, 3.101488, 0, 0, 0, +3.500099E+00, +5.546549E-10, 0.0, 0.0, -0.00283171, 90.0
1713469316.7196472, 3.2, 4.071159e-07, 1.147635e-09, 3.896074e-07, 358.2607, 0, 0, 0, +3.500099E+00, +5.546549E-10, 0.0, 0.0, -0.00283171, 90.0
1713469323.2109902, -3.2, 3.208392e-07, 6.994284e-09, 3.121799e-07, 0.5126932, 0, 0, 0, +3.500099E+00, +5.546549E-10, 0.0, -2.3842e-07, -0.00283171, -90.0
1713469329.6969934, 3.2, 3.807942e-07, 5.532621e-09, 3.87027e-07, 359.5221, 0, 0, 0, +3.500099E+00, +5.546549E-10, -2.3842e-07, 0.0, -0.00283171, 180.0
1713469336.1817954, -3.2, 3.223016e-07, 1.284093e-08, 3.244843e-07, 358.3481, 0, 0, 0, +3.500099E+00, +5.546549E-10, 0.0, 0.0, -0.00283195, 0.0
1713469358.8306847, 3.2, 4.407492e-07, 2.609297e-09, 4.319754e-07, 1.106447, 0, 0, 0, +4.000101E+00, +5.712976E-10, -2.3842e-07, 0.0, -0.00283171, 135.0
1713469365.2968783, -3.2, 3.179146e-07, -3.140275e-10, 3.237688e-07, 359.9447, 0, 0, 0, +4.000101E+00, +5.712976E-10, 0.0, 0.0, -0.00283195, 0.0
1713469371.7652318, 3.2, 4.436739e-07, 1.137927e-08, 4.422116e-07, 0.147234, 0, 0, 0, +4.000101E+00, +5.712976E-10, 0.0, 0.0, -0.00283171, 45.0
1713469378.249812, -3.2, 3.369247e-07, -3.237352e-09, 3.384025e-07, 1.489366, 0, 0, 0, +4.000101E+00, +5.712976E-10, 0.0, 0.0, -0.00283195, 0.0
1713469384.7191699, 3.2, 4.02729e-07, -6.160676e-09, 4.139765e-07, 2.688771, 0, 0, 0, +4.000101E+00, +5.712976E-10, 2.3842e-07, 0.0, -0.00283171, 0.0
1713469391.1982262, -3.2, 3.164523e-07, -1.200732e-08, 3.326618e-07, 357.9411, 0, 0, 0, +4.000101E+00, +5.712976E-10, 0.0, 0.0, -0.00283195, 0.0
1713469397.6632557, 3.2, 4.553724e-07, -1.054566e-08, 4.509855e-07, 3.215781, 0, 0, 0, +4.000101E+00, +5.712976E-10, 0.0, 0.0, -0.00283171, 0.0
1713469404.1489685, -3.2, 3.135277e-07, -1.200732e-08, 3.383917e-07, 359.4447, 0, 0, 0, +4.000101E+00, +5.712976E-10, 0.0, 0.0, -0.00283171, 90.0
1713469410.6514347, 3.2, 4.158898e-07, -4.699014e-09, 4.480684e-07, 359.5819, 0, 0, 0, +4.000101E+00, +5.712976E-10, 2.3842e-07, 0.0, -0.00283171, 0.0
1713469417.1261072, -3.2, 3.223016e-07, -1.77569e-09, 3.267139e-07, 358.4214, 0, 0, 0, +4.000101E+00, +5.712976E-10, 0.0, 0.0, -0.00283195, 0.0
1713469439.7952855, 3.2, 4.568347e-07, -2.516228e-08, 4.703923e-07, 359.0795, 0, 0, 0, +4.500091E+00, +6.295231E-10, 0.0, -2.3842e-07, -0.00283171, -90.0
1713469446.2702525, -3.2, 3.486232e-07, 2.609297e-09, 3.588902e-07, 359.7222, 0, 0, 0, +4.500091E+00, +6.295231E-10, -2.3842e-07, 2.3842e-07, -0.00283171, 116.562
1713469452.7565575, 3.2, 4.451362e-07, -4.699014e-09, 4.744225e-07, 0.1407805, 0, 0, 0, +4.500091E+00, +6.295231E-10, 0.0, 0.0, -0.00283195, 0.0
1713469459.2212148, -3.2, 4.129652e-07, -6.160676e-09, 3.793457e-07, 1.098668, 0, 0, 0, +4.500091E+00, +6.295231E-10, -2.3842e-07, -2.3842e-07, -0.00283171, -135.0
1713469465.6995566, 3.2, 4.802318e-07, -7.622339e-09, 4.729274e-07, 0.656065, 0, 0, 0, +4.500091E+00, +6.295231E-10, 0.0, 0.0, -0.00283195, 0.0
1713469472.1687598, -3.2, 3.70558e-07, -7.622339e-09, 3.663229e-07, 358.3304, 0, 0, 0, +4.500091E+00, +6.295231E-10, 0.0, 0.0, -0.00283171, 90.0
1713469478.6474764, 3.2, 4.597593e-07, -1.200732e-08, 4.758481e-07, 0.6661447, 0, 0, 0, +4.500091E+00, +6.295231E-10, 0.0, -2.3842e-07, -0.00283171, -90.0
1713469485.1329122, -3.2, 4.056536e-07, 1.137927e-08, 3.807984e-07, 359.055, 0, 0, 0, +4.500091E+00, +6.295231E-10, 0.0, 0.0, -0.00283171, 0.0
1713469491.5984576, 3.2, 4.714579e-07, 4.070959e-09, 4.744e-07, 357.8773, 0, 0, 0, +4.500091E+00, +6.295231E-10, 0.0, 0.0, -0.00283171, 0.0
1713469498.0803719, -3.2, 3.895681e-07, -1.639231e-08, 3.589404e-07, 359.4955, 0, 0, 0, +4.500091E+00, +6.295231E-10, -2.3842e-07, 0.0, -0.00283171, 180.0
1713469520.7527332, 3.2, 5.050911e-07, 2.609297e-09, 4.978514e-07, 358.9483, 0, 0, 0, +5.000150E+00, +6.673332E-10, 0.0, -2.3842e-07, -0.00283171, -90.0
1713469527.2213552, -3.2, 3.895681e-07, -4.699014e-09, 4.027564e-07, 0.3659022, 0, 0, 0, +5.000150E+00, +6.673332E-10, 0.0, 0.0, -0.00283195, 0.0
1713469533.7104983, 3.2, 4.948549e-07, -1.200732e-08, 5.009268e-07, 358.6382, 0, 0, 0, +5.000150E+00, +6.673332E-10, 0.0, -2.3842e-07, -0.00283171, -45.0
1713469540.1860993, -3.2, 4.290507e-07, -1.77569e-09, 4.041929e-07, 358.5055, 0, 0, 0, +5.000150E+00, +6.673332E-10, -2.3842e-07, 0.0, -0.00283171, 180.0
1713469546.6814618, 3.2, 5.270259e-07, 2.609297e-09, 5.124243e-07, 358.8039, 0, 0, 0, +5.000150E+00, +6.673332E-10, 0.0, 0.0, -0.00283171, 90.0
1713469553.133734, -3.2, 4.144275e-07, 1.147635e-09, 4.144865e-07, 1.99772, 0, 0, 0, +5.000150E+00, +6.673332E-10, 0.0, 0.0, -0.00283195, 0.0
1713469559.6184576, 3.2, 4.933926e-07, 1.868758e-08, 4.877124e-07, 359.3052, 0, 0, 0, +5.000150E+00, +6.673332E-10, -2.3842e-07, 0.0, -0.00283171, 180.0
1713469566.1038136, -3.2, 4.363623e-07, 2.609297e-09, 4.173523e-07, 358.9573, 0, 0, 0, +5.000150E+00, +6.673332E-10, 0.0, -4.76841e-07, -0.00283171, -90.0
1713469572.6025329, 3.2, 4.90468e-07, 4.070959e-09, 5.182521e-07, 0.2852511, 0, 0, 0, +5.000150E+00, +6.673332E-10, 0.0, -2.3842e-07, -0.00283171, -90.0
1713469579.1018665, -3.2, 3.954174e-07, -7.622339e-09, 3.983436e-07, 358.9274, 0, 0, 0, +5.000150E+00, +6.673332E-10, 0.0, 0.0, -0.00283195, 0.0
1713469601.7770634, 3.2, 1.980046e-07, 5.532621e-09, 1.587475e-07, 1.620489, 0, 0, 0, +5.500131E+00, +6.889554E-10, 0.0, 0.0, -0.00283171, 90.0
1713469608.255737, -3.2, 6.932078e-08, -1.054566e-08, 6.287593e-08, 341.4756, 0, 0, 0, +5.500131E+00, +6.889554E-10, -4.76841e-07, 0.0, -0.00283171, 180.0
1713469614.7344146, 3.2, 1.438989e-07, 4.070959e-09, 1.74889e-07, 3.223931, 0, 0, 0, +5.500131E+00, +6.889554E-10, -2.3842e-07, 0.0, -0.00283171, 180.0
1713469621.230202, -3.2, 7.955699e-08, -1.054566e-08, 6.364522e-08, 7.975941, 0, 0, 0, +5.500131E+00, +6.889554E-10, 0.0, 0.0, -0.00283171, 90.0
1713469627.7153952, 3.2, 1.643714e-07, 4.070959e-09, 2.020881e-07, 0.7961513, 0, 0, 0, +5.500131E+00, +6.889554E-10, 0.0, 0.0, -0.00283195, 0.0
1713469634.2038474, -3.2, 6.932078e-08, -6.160676e-09, 5.635617e-08, 356.0388, 0, 0, 0, +5.500131E+00, +6.889554E-10, -2.3842e-07, 0.0, -0.00283171, 180.0
1713469640.6827066, 3.2, 1.62909e-07, 9.917608e-09, 1.603886e-07, 359.3698, 0, 0, 0, +5.500131E+00, +6.889554E-10, -2.3842e-07, 0.0, -0.00283171, 180.0
1713469647.168118, -3.2, 6.932078e-08, -1.054566e-08, 5.81242e-08, 339.2447, 0, 0, 0, +5.500131E+00, +6.889554E-10, 0.0, 0.0, -0.00283171, 90.0
1713469653.6466267, 3.2, 1.643714e-07, 9.917608e-09, 1.753178e-07, 2.25613, 0, 0, 0, +5.500131E+00, +6.889554E-10, -2.3842e-07, 0.0, -0.00283171, 180.0
1713469660.131841, -3.2, 5.762224e-08, -9.084001e-09, 6.813754e-08, 348.9749, 0, 0, 0, +5.500131E+00, +6.889554E-10, 0.0, -2.3842e-07, -0.00283171, -90.0
1713469682.7879303, 3.2, 1.687583e-07, -1.77569e-09, 2.009705e-07, 3.047142, 0, 0, 0, +6.000195E+00, +7.480848E-10, 0.0, -2.3842e-07, -0.00283171, -90.0
1713469689.283246, -3.2, 8.394394e-08, 8.455946e-09, 8.659557e-08, 8.408583, 0, 0, 0, +6.000195E+00, +7.480848E-10, -2.3842e-07, 0.0, -0.00283171, 135.0
1713469695.7854245, 3.2, 2.287133e-07, -9.084001e-09, 2.199465e-07, 1.067488, 0, 0, 0, +6.000195E+00, +7.480848E-10, -2.3842e-07, 0.0, -0.00283171, 135.0
1713469702.2511225, -3.2, 9.710479e-08, -1.346899e-08, 7.807331e-08, 337.2752, 0, 0, 0, +6.000195E+00, +7.480848E-10, 0.0, 0.0, -0.00283195, 0.0
1713469708.7195375, 3.2, 2.316379e-07, -2.370062e-08, 1.952914e-07, 0.7606144, 0, 0, 0, +6.000195E+00, +7.480848E-10, 0.0, 0.0, -0.00283171, 45.0
1713469715.2147713, -3.2, 1.102656e-07, -4.699014e-09, 1.110528e-07, 350.6812, 0, 0, 0, +6.000195E+00, +7.480848E-10, -2.3842e-07, -2.3842e-07, -0.00283171, -135.0
1713469721.707062, 3.2, 2.140901e-07, 3.33042e-08, 2.144749e-07, 1.43147, 0, 0, 0, +6.000195E+00, +7.480848E-10, -2.3842e-07, 0.0, -0.00283171, 135.0
1713469728.1821992, -3.2, 9.564247e-08, -4.699014e-09, 9.900723e-08, 351.9733, 0, 0, 0, +6.000195E+00, +7.480848E-10, -2.3842e-07, -2.3842e-07, -0.00283171, -135.0
1713469734.6577737, 3.2, 2.038539e-07, 4.070959e-09, 2.054353e-07, 355.9556, 0, 0, 0, +6.000195E+00, +7.480848E-10, 0.0, 0.0, -0.00283171, 90.0
1713469741.136458, -3.2, 1.307381e-07, 9.917608e-09, 1.034306e-07, 352.8443, 0, 0, 0, +6.000195E+00, +7.480848E-10, 0.0, 0.0, -0.00283195, 0.0
1713469763.8123612, 3.2, 2.301756e-07, -2.516228e-08, 2.448015e-07, 4.098336, 0, 0, 0, +6.500203E+00, +7.933877E-10, 0.0, 0.0, -0.00283171, 90.0
1713469770.3077667, -3.2, 1.468236e-07, -1.054566e-08, 1.362994e-07, 352.0479, 0, 0, 0, +6.500203E+00, +7.933877E-10, 0.0, 0.0, -0.00283171, 45.0
1713469776.782851, 3.2, 2.287133e-07, 2.599589e-08, 2.571772e-07, 2.726483, 0, 0, 0, +6.500203E+00, +7.933877E-10, 0.0, -2.3842e-07, -0.00283171, -90.0
1713469783.24533, -3.2, 1.599844e-07, -1.931564e-08, 1.41698e-07, 350.5536, 0, 0, 0, +6.500203E+00, +7.933877E-10, 0.0, 0.0, -0.00283195, 0.0
1713469789.7237875, 3.2, 2.404118e-07, 1.137927e-08, 2.360277e-07, 1.899004, 0, 0, 0, +6.500203E+00, +7.933877E-10, -2.3842e-07, 0.0, -0.00283171, 180.0
1713469796.2090485, -3.2, 1.643714e-07, -2.662395e-08, 1.362885e-07, 357.2716, 0, 0, 0, +6.500203E+00, +7.933877E-10, -2.3842e-07, 0.0, -0.00283171, 180.0
1713469802.7047715, 3.2, 2.638089e-07, -1.346899e-08, 2.302421e-07, 0.6621016, 0, 0, 0, +6.500203E+00, +7.933877E-10, 0.0, 0.0, -0.00283171, 45.0
1713469809.1864822, -3.2, 8.101931e-08, 5.532621e-09, 1.237603e-07, 353.8446, 0, 0, 0, +6.500203E+00, +7.933877E-10, -2.3842e-07, -2.3842e-07, -0.00283171, -135.0
1713469815.6521134, 3.2, 2.214017e-07, -1.493065e-08, 2.40875e-07, 1.257167, 0, 0, 0, +6.500203E+00, +7.933877E-10, 0.0, 0.0, -0.00283171, 90.0
1713469822.1375575, -3.2, 1.117279e-07, -2.07773e-08, 1.327445e-07, 356.8059, 0, 0, 0, +6.500203E+00, +7.933877E-10, 0.0, 0.0, -0.00283195, 0.0
1713469844.756534, 3.2, 2.711205e-07, 6.994284e-09, 2.696991e-07, 0.8649138, 0, 0, 0, +7.000118E+00, +8.022357E-10, 0.0, -2.3842e-07, -0.00283171, -90.0
1713469851.2418919, -3.2, 1.497482e-07, -3.140275e-10, 1.600172e-07, 353.8717, 0, 0, 0, +7.000118E+00, +8.022357E-10, -2.3842e-07, 0.0, -0.00283171, 180.0
1713469857.73733, 3.2, 2.594219e-07, 9.917608e-09, 2.652772e-07, 359.0229, 0, 0, 0, +7.000118E+00, +8.022357E-10, 0.0, 0.0, -0.00283195, 0.0
1713469864.1928506, -3.2, 1.658337e-07, 4.070959e-09, 1.673273e-07, 356.3614, 0, 0, 0, +7.000118E+00, +8.022357E-10, 0.0, 0.0, -0.00283171, 90.0
1713469870.6749241, 3.2, 2.652712e-07, 1.147635e-09, 2.930554e-07, 359.6629, 0, 0, 0, +7.000118E+00, +8.022357E-10, 0.0, 0.0, -0.00283171, 90.0
1713469877.190554, -3.2, 1.62909e-07, 8.455946e-09, 1.634649e-07, 353.6322, 0, 0, 0, +7.000118E+00, +8.022357E-10, 0.0, 0.0, -0.00283171, 90.0
1713469883.6500762, 3.2, 2.798944e-07, -3.140275e-10, 2.857823e-07, 359.0627, 0, 0, 0, +7.000118E+00, +8.022357E-10, 0.0, 0.0, -0.00283171, 90.0
1713469890.1341777, -3.2, 1.512105e-07, 1.868758e-08, 1.485268e-07, 13.47642, 0, 0, 0, +7.000118E+00, +8.022357E-10, 0.0, 0.0, -0.00283171, 45.0
1713469896.5828533, 3.2, 2.755074e-07, -4.699014e-09, 2.9312e-07, 359.0905, 0, 0, 0, +7.000118E+00, +8.022357E-10, 0.0, -2.3842e-07, -0.00283171, -90.0
1713469903.0818014, -3.2, 1.453612e-07, 6.994284e-09, 1.824171e-07, 357.0219, 0, 0, 0, +7.000118E+00, +8.022357E-10, 0.0, 0.0, -0.00283195, 0.0
1713469925.7445142, 3.2, 2.959798e-07, -7.622339e-09, 3.092741e-07, 359.125, 0, 0, 0, +7.499793E+00, +8.704176E-10, -2.3842e-07, 0.0, -0.00283171, 180.0
1713469932.2061563, -3.2, 1.921554e-07, -1.493065e-08, 2.126309e-07, 358.3739, 0, 0, 0, +7.499793E+00, +8.704176E-10, 0.0, 0.0, -0.00283171, 0.0
1713469938.6816306, 3.2, 3.223016e-07, -7.193547e-08, 3.122957e-07, 356.7857, 0, 0, 0, +7.499793E+00, +8.704176E-10, 0.0, -2.3842e-07, -0.00283171, -90.0
1713469945.1768885, -3.2, 1.848438e-07, 8.455946e-09, 2.070163e-07, 2.888719, 0, 0, 0, +7.499793E+00, +8.704176E-10, -2.3842e-07, 0.0, -0.00283171, 180.0
1713469951.6824775, 3.2, 3.42774e-07, 6.994284e-09, 3.438064e-07, 357.959, 0, 0, 0, +7.499793E+00, +8.704176E-10, 0.0, 0.0, -0.00283195, 0.0
1713469958.16456, -3.2, 1.965423e-07, -1.200732e-08, 2.199396e-07, 1.51129, 0, 0, 0, +7.499793E+00, +8.704176E-10, 0.0, 0.0, -0.00283195, 0.0
1713469964.6598477, 3.2, 3.354624e-07, -6.160676e-09, 3.209678e-07, 357.3715, 0, 0, 0, +7.499793E+00, +8.704176E-10, 0.0, -4.76841e-07, -0.00283171, -90.0
1713469971.1552217, -3.2, 2.374872e-07, -3.237352e-09, 2.258727e-07, 1.067488, 0, 0, 0, +7.499793E+00, +8.704176E-10, -2.3842e-07, 0.0, -0.00283171, 180.0
1713469977.6240368, 3.2, 3.442363e-07, 1.147635e-09, 3.253774e-07, 0.769012, 0, 0, 0, +7.499793E+00, +8.704176E-10, 0.0, 0.0, -0.00283171, 0.0
1713469984.0927637, -3.2, 1.906931e-07, -1.785397e-08, 2.115946e-07, 355.4197, 0, 0, 0, +7.499793E+00, +8.704176E-10, -2.3842e-07, 0.0, -0.00283171, 180.0
1713470006.7585301, 3.2, 3.42774e-07, -2.370062e-08, 3.692463e-07, 359.7142, 0, 0, 0, +7.999887E+00, +9.122518E-10, 0.0, -2.3842e-07, -0.00283171, -90.0
1713470013.2670155, -3.2, 2.418741e-07, -1.346899e-08, 2.579598e-07, 0.6143591, 0, 0, 0, +7.999887E+00, +9.122518E-10, 0.0, 0.0, -0.00283195, 0.0
1713470019.7258184, 3.2, 3.544725e-07, 2.453423e-08, 3.386306e-07, 359.9473, 0, 0, 0, +7.999887E+00, +9.122518E-10, 0.0, -2.3842e-07, -0.00283171, -90.0
1713470026.2112868, -3.2, 2.491857e-07, -7.622339e-09, 2.40643e-07, 355.4885, 0, 0, 0, +7.999887E+00, +9.122518E-10, -2.3842e-07, 0.0, -0.00283171, 180.0
1713470032.6767323, 3.2, 3.573971e-07, -2.662395e-08, 3.472446e-07, 359.2146, 0, 0, 0, +7.999887E+00, +9.122518E-10, -2.3842e-07, 0.0, -0.00283171, 180.0
1713470039.1625566, -3.2, 2.638089e-07, -1.77569e-09, 2.506616e-07, 357.8875, 0, 0, 0, +7.999887E+00, +9.122518E-10, 0.0, 0.0, -0.00283171, 0.0
1713470045.624127, 3.2, 3.266885e-07, -7.622339e-09, 3.633264e-07, 358.7261, 0, 0, 0, +7.999887E+00, +9.122518E-10, 0.0, 0.0, -0.00283195, 0.0
1713470052.100007, -3.2, 2.564973e-07, -3.237352e-09, 2.550376e-07, 355.7269, 0, 0, 0, +7.999887E+00, +9.122518E-10, 0.0, -2.3842e-07, -0.00283171, -90.0
1713470058.5683382, 3.2, 3.573971e-07, -1.77569e-09, 3.983436e-07, 358.3286, 0, 0, 0, +7.999887E+00, +9.122518E-10, 0.0, -2.3842e-07, -0.00283171, -45.0
1713470065.0435717, -3.2, 2.711205e-07, 1.284093e-08, 2.433391e-07, 359.9265, 0, 0, 0, +7.999887E+00, +9.122518E-10, 0.0, 0.0, -0.00283195, 0.0
1713470087.679314, 3.2, 4.041913e-07, -7.622339e-09, 3.873692e-07, 356.924, 0, 0, 0, +8.499923E+00, +9.586085E-10, 0.0, -2.3842e-07, -0.00283171, -90.0
1713470094.1580067, -3.2, 2.82819e-07, -9.084001e-09, 3.025434e-07, 356.5309, 0, 0, 0, +8.499923E+00, +9.586085E-10, 0.0, 0.0, -0.00283171, 90.0
1713470100.645895, 3.2, 4.158898e-07, -4.699014e-09, 3.895769e-07, 0.1746895, 0, 0, 0, +8.499923E+00, +9.586085E-10, -2.3842e-07, 0.0, -0.00283171, 180.0
1713470107.106122, -3.2, 2.901306e-07, -1.054566e-08, 2.886684e-07, 356.4962, 0, 0, 0, +8.499923E+00, +9.586085E-10, 0.0, -2.3842e-07, -0.00283171, -90.0
1713470113.5710483, 3.2, 4.129652e-07, -1.493065e-08, 4.014463e-07, 357.2844, 0, 0, 0, +8.499923E+00, +9.586085E-10, 0.0, -2.3842e-07, -0.00283171, -90.0
1713470120.066299, -3.2, 2.711205e-07, -1.493065e-08, 2.842102e-07, 359.935, 0, 0, 0, +8.499923E+00, +9.586085E-10, 0.0, 0.0, -0.00283171, 90.0
1713470126.525377, 3.2, 4.232014e-07, 5.532621e-09, 3.955811e-07, 0.5749756, 0, 0, 0, +8.499923E+00, +9.586085E-10, 0.0, 0.0, -0.00283195, 0.0
1713470133.0138257, -3.2, 3.164523e-07, -2.662395e-08, 2.072726e-07, 10.17638, 0, 0, 0, +8.499923E+00, +9.586085E-10, 0.0, 0.0, -0.00283171, 45.0
1713470139.4800274, 3.2, 3.778696e-07, -2.07773e-08, 3.925411e-07, 358.4076, 0, 0, 0, +8.499923E+00, +9.586085E-10, 0.0, -2.3842e-07, -0.00283171, -90.0
1713470145.9580712, -3.2, 3.281508e-07, 1.147635e-09, 2.880179e-07, 359.3339, 0, 0, 0, +8.499923E+00, +9.586085E-10, 0.0, 0.0, -0.00283171, 45.0
1713470168.6037436, 3.2, 4.597593e-07, -1.493065e-08, 4.363743e-07, 359.5706, 0, 0, 0, +8.999898E+00, +9.978272E-10, 0.0, 0.0, -0.00283195, 0.0
1713470175.0791044, -3.2, 3.398494e-07, 8.455946e-09, 3.038165e-07, 12.97095, 0, 0, 0, +8.999898E+00, +9.978272E-10, 0.0, -2.3842e-07, -0.00283171, -90.0
1713470181.5671704, 3.2, 4.758448e-07, -1.77569e-09, 4.352088e-07, 357.9654, 0, 0, 0, +8.999898E+00, +9.978272E-10, -2.3842e-07, -2.3842e-07, -0.00283171, -135.0
1713470188.0435607, -3.2, 3.38387e-07, -3.140275e-10, 3.329416e-07, 358.0356, 0, 0, 0, +8.999898E+00, +9.978272E-10, -2.3842e-07, 0.0, -0.00283171, 135.0
1713470194.5354116, 3.2, 4.349e-07, -1.77569e-09, 4.565286e-07, 357.657, 0, 0, 0, +8.999898E+00, +9.978272E-10, -2.3842e-07, 0.0, -0.00283171, 180.0
1713470201.0104778, -3.2, 3.632464e-07, -3.237352e-09, 3.414745e-07, 359.4746, 0, 0, 0, +8.999898E+00, +9.978272E-10, -2.3842e-07, -2.3842e-07, -0.00283171, -135.0
1713470207.47611, 3.2, 4.568347e-07, -1.77569e-09, 4.453399e-07, 359.2249, 0, 0, 0, +8.999898E+00, +9.978272E-10, 0.0, 0.0, -0.00283171, 0.0
1713470213.9714658, -3.2, 3.10603e-07, -6.160676e-09, 3.194115e-07, 358.6513, 0, 0, 0, +8.999898E+00, +9.978272E-10, 0.0, -2.3842e-07, -0.00283171, -90.0
1713470220.4535537, 3.2, 4.173521e-07, 2.609297e-09, 4.306633e-07, 359.5833, 0, 0, 0, +8.999898E+00, +9.978272E-10, 0.0, 0.0, -0.00283195, 0.0
1713470226.9291112, -3.2, 3.413117e-07, -3.24706e-08, 3.477821e-07, 359.1975, 0, 0, 0, +8.999898E+00, +9.978272E-10, 0.0, 0.0, -0.00283171, 45.0
1713470249.587906, 3.2, 0, 0, 0, 0, 0, 0, 0, +9.499914E+00, +1.042526E-09, -2.3842e-07, 0.0, -0.00283171, 135.0
1713470256.0733864, -3.2, 0, 0, 0, 0, 0, 0, 0, +9.499914E+00, +1.042526E-09, 0.0, 0.0, -0.00283171, 0.0
1713470262.525527, 3.2, 0, 0, 0, 0, 0, 0, 0, +9.499914E+00, +1.042526E-09, -2.3842e-07, 0.0, -0.00283171, 135.0
1713470269.0175633, -3.2, 0, 0, 0, 0, 0, 0, 0, +9.499914E+00, +1.042526E-09, -2.3842e-07, 0.0, -0.00283171, 135.0
1713470275.5102892, 3.2, 0, 0, 0, 0, 0, 0, 0, +9.499914E+00, +1.042526E-09, 0.0, 0.0, -0.00283171, 90.0
1713470281.9981248, -3.2, 0, 0, 0, 0, 0, 0, 0, +9.499914E+00, +1.042526E-09, -2.3842e-07, -2.3842e-07, -0.00283171, -135.0
1713470288.460234, 3.2, 0, 0, 0, 0, 0, 0, 0, +9.499914E+00, +1.042526E-09, 0.0, -2.3842e-07, -0.00283171, -90.0
1713470294.9663754, -3.2, 0, 0, 0, 0, 0, 0, 0, +9.499914E+00, +1.042526E-09, -2.3842e-07, 2.3842e-07, -0.00283171, 116.562
1713470301.4315126, 3.2, 0, 0, 0, 0, 0, 0, 0, +9.499914E+00, +1.042526E-09, 0.0, 0.0, -0.00283195, 0.0
1713470307.9133005, -3.2, 0, 0, 0, 0, 0, 0, 0, +9.499914E+00, +1.042526E-09, 0.0, 0.0, -0.00283171, 90.0
1713470420.601521, 3.2, 0, 0, 0, 0, 0, 0, 0, +9.999928E+00, +1.060625E-09, 0.0, 0.0, -0.00283195, 0.0
1713470427.080966, -3.2, 0, 0, 0, 0, 0, 0, 0, +9.999928E+00, +1.060625E-09, 0.0, 0.0, -0.00283171, 45.0
1713470433.542226, 3.2, 0, 0, 0, 0, 0, 0, 0, +9.999928E+00, +1.060625E-09, 0.0, 0.0, -0.00283171, 45.0
1713470440.0075912, -3.2, 0, 0, 0, 0, 0, 0, 0, +9.999928E+00, +1.060625E-09, 0.0, -2.3842e-07, -0.00283171, -45.0
1713470446.4961202, 3.2, 0, 0, 0, 0, 0, 0, 0, +9.999928E+00, +1.060625E-09, 0.0, -2.3842e-07, -0.00283171, -45.0
1713470452.9686458, -3.2, 0, 0, 0, 0, 0, 0, 0, +9.999928E+00, +1.060625E-09, 0.0, 0.0, -0.00283171, 90.0
1713470459.4703758, 3.2, 0, 0, 0, 0, 0, 0, 0, +9.999928E+00, +1.060625E-09, 0.0, 0.0, -0.00283171, 45.0
1713470465.9293165, -3.2, 0, 0, 0, 0, 0, 0, 0, +9.999928E+00, +1.060625E-09, 0.0, 0.0, -0.00283195, 0.0
1713470472.39495, 3.2, 0, 0, 0, 0, 0, 0, 0, +9.999928E+00, +1.060625E-09, -2.3842e-07, 0.0, -0.00283171, 180.0
1713470478.8669405, -3.2, 0, 0, 0, 0, 0, 0, 0, +9.999928E+00, +1.060625E-09, -2.3842e-07, 0.0, -0.00283171, 180.0
1713470591.5285358, 3.2, 0, 0, 0, 0, 0, 0, 0, +1.049999E+01, +1.064093E-09, 0.0, 0.0, -0.00283195, 0.0
1713470598.004051, -3.2, 0, 0, 0, 0, 0, 0, 0, +1.049999E+01, +1.064093E-09, 0.0, 0.0, -0.00283171, 90.0
1713470604.4592376, 3.2, 0, 0, 0, 0, 0, 0, 0, +1.049999E+01, +1.064093E-09, -2.3842e-07, 0.0, -0.00283171, 180.0
1713470610.9356103, -3.2, 0, 0, 0, 0, 0, 0, 0, +1.049999E+01, +1.064093E-09, -2.3842e-07, 0.0, -0.00283171, 180.0
1713470617.412438, 3.2, 0, 0, 0, 0, 0, 0, 0, +1.049999E+01, +1.064093E-09, -2.3842e-07, 0.0, -0.00283171, 135.0
1713470623.8587472, -3.2, 0, 0, 0, 0, 0, 0, 0, +1.049999E+01, +1.064093E-09, -2.3842e-07, 0.0, -0.00283171, 135.0
1713470630.3207204, 3.2, 0, 0, 0, 0, 0, 0, 0, +1.049999E+01, +1.064093E-09, 0.0, 0.0, -0.00283171, 45.0
1713470636.7861261, -3.2, 0, 0, 0, 0, 0, 0, 0, +1.049999E+01, +1.064093E-09, 0.0, 0.0, -0.00283171, 0.0
1713470643.261761, 3.2, 0, 0, 0, 0, 0, 0, 0, +1.049999E+01, +1.064093E-09, 0.0, 0.0, -0.00283195, 0.0
1713470649.7437274, -3.2, 0, 0, 0, 0, 0, 0, 0, +1.049999E+01, +1.064093E-09, 0.0, -2.3842e-07, -0.00283171, -45.0
1713470762.4653761, 3.2, 0, 0, 0, 0, 0, 0, 0, +1.099995E+01, +1.086164E-09, 0.0, 0.0, -0.00283171, 45.0
1713470768.9700322, -3.2, 0, 0, 0, 0, 0, 0, 0, +1.099995E+01, +1.086164E-09, 0.0, 0.0, -0.00283171, 90.0
1713470775.4425907, 3.2, 0, 0, 0, 0, 0, 0, 0, +1.099995E+01, +1.086164E-09, 0.0, 0.0, -0.00283195, 0.0
1713470781.9080002, -3.2, 0, 0, 0, 0, 0, 0, 0, +1.099995E+01, +1.086164E-09, 0.0, -2.3842e-07, -0.00283171, -45.0
1713470788.3867974, 3.2, 0, 0, 0, 0, 0, 0, 0, +1.099995E+01, +1.086164E-09, 0.0, 0.0, -0.00283195, 0.0
1713470794.8695993, -3.2, 0, 0, 0, 0, 0, 0, 0, +1.099995E+01, +1.086164E-09, 0.0, 0.0, -0.00283171, 90.0
1713470801.340912, 3.2, 0, 0, 0, 0, 0, 0, 0, +1.099995E+01, +1.086164E-09, -4.76841e-07, 0.0, -0.00283171, 180.0
1713470807.8095868, -3.2, 0, 0, 0, 0, 0, 0, 0, +1.099995E+01, +1.086164E-09, 0.0, 0.0, -0.00283171, 0.0
1713470814.2853858, 3.2, 0, 0, 0, 0, 0, 0, 0, +1.099995E+01, +1.086164E-09, 0.0, 0.0, -0.00283195, 0.0
1713470820.7807243, -3.2, 0, 0, 0, 0, 0, 0, 0, +1.099995E+01, +1.086164E-09, 0.0, 0.0, -0.00283195, 0.0
1713470933.4785354, 3.2, 0, 0, 0, 0, 0, 0, 0, +1.149993E+01, +1.141872E-09, -2.3842e-07, -2.3842e-07, -0.00283171, -135.0
1713470939.953864, -3.2, 0, 0, 0, 0, 0, 0, 0, +1.149993E+01, +1.141872E-09, -2.3842e-07, -2.3842e-07, -0.00283171, -135.0
1713470946.422721, 3.2, 0, 0, 0, 0, 0, 0, 0, +1.149993E+01, +1.141872E-09, -2.3842e-07, -2.3842e-07, -0.00283171, -135.0
1713470952.889416, -3.2, 0, 0, 0, 0, 0, 0, 0, +1.149993E+01, +1.141872E-09, 0.0, -2.3842e-07, -0.00283171, -90.0
1713470959.3810046, 3.2, 0, 0, 0, 0, 0, 0, 0, +1.149993E+01, +1.141872E-09, 0.0, -2.3842e-07, -0.00283171, -90.0
1713470965.8890474, -3.2, 0, 0, 0, 0, 0, 0, 0, +1.149993E+01, +1.141872E-09, 0.0, -2.3842e-07, -0.00283171, -45.0
1713470972.3677452, 3.2, 0, 0, 0, 0, 0, 0, 0, +1.149993E+01, +1.141872E-09, 2.3842e-07, 0.0, -0.00283171, 26.562
1713470978.8527205, -3.2, 0, 0, 0, 0, 0, 0, 0, +1.149993E+01, +1.141872E-09, -2.3842e-07, 0.0, -0.00283171, 180.0
1713470985.3386884, 3.2, 0, 0, 0, 0, 0, 0, 0, +1.149993E+01, +1.141872E-09, -2.3842e-07, 0.0, -0.00283171, 180.0
1713470991.81425, -3.2, 0, 0, 0, 0, 0, 0, 0, +1.149993E+01, +1.141872E-09, -2.3842e-07, 0.0, -0.00283171, 135.0
1713471104.5287051, 3.2, 0, 0, 0, 0, 0, 0, 0, +1.200004E+01, +1.144838E-09, 0.0, 0.0, -0.00283171, 0.0
1713471110.9975367, -3.2, 0, 0, 0, 0, 0, 0, 0, +1.200004E+01, +1.144838E-09, -2.3842e-07, 0.0, -0.00283171, 180.0
1713471117.4831488, 3.2, 0, 0, 0, 0, 0, 0, 0, +1.200004E+01, +1.144838E-09, 0.0, 0.0, -0.00283171, 0.0
1713471123.9384983, -3.2, 0, 0, 0, 0, 0, 0, 0, +1.200004E+01, +1.144838E-09, 0.0, 0.0, -0.00283171, 45.0
1713471130.4505363, 3.2, 0, 0, 0, 0, 0, 0, 0, +1.200004E+01, +1.144838E-09, 0.0, 0.0, -0.00283195, 0.0
1713471136.925758, -3.2, 0, 0, 0, 0, 0, 0, 0, +1.200004E+01, +1.144838E-09, 0.0, 0.0, -0.00283195, 0.0
1713471143.404723, 3.2, 0, 0, 0, 0, 0, 0, 0, +1.200004E+01, +1.144838E-09, 0.0, 0.0, -0.00283195, 0.0
1713471149.8899586, -3.2, 0, 0, 0, 0, 0, 0, 0, +1.200004E+01, +1.144838E-09, 0.0, 0.0, -0.00283195, 0.0
1713471156.3728108, 3.2, 0, 0, 0, 0, 0, 0, 0, +1.200004E+01, +1.144838E-09, -2.3842e-07, 0.0, -0.00283171, 180.0
1713471162.857674, -3.2, 0, 0, 0, 0, 0, 0, 0, +1.200004E+01, +1.144838E-09, 0.0, 0.0, -0.00283195, 0.0
1713471275.518947, 3.2, 0, 0, 0, 0, 0, 0, 0, +1.250003E+01, +1.190140E-09, 0.0, 0.0, -0.00283171, 45.0
1713471282.0207386, -3.2, 0, 0, 0, 0, 0, 0, 0, +1.250003E+01, +1.190140E-09, -2.3842e-07, 0.0, -0.00283171, 180.0
1713471288.516778, 3.2, 0, 0, 0, 0, 0, 0, 0, +1.250003E+01, +1.190140E-09, 0.0, 0.0, -0.00283195, 0.0
1713471295.0020268, -3.2, 0, 0, 0, 0, 0, 0, 0, +1.250003E+01, +1.190140E-09, -2.3842e-07, -2.3842e-07, -0.00283171, -135.0
1713471301.4672933, 3.2, 0, 0, 0, 0, 0, 0, 0, +1.250003E+01, +1.190140E-09, 0.0, -2.3842e-07, -0.00283171, -90.0
1713471307.9632568, -3.2, 0, 0, 0, 0, 0, 0, 0, +1.250003E+01, +1.190140E-09, 0.0, 0.0, -0.00283195, 0.0
1713471314.4115448, 3.2, 0, 0, 0, 0, 0, 0, 0, +1.250003E+01, +1.190140E-09, -2.3842e-07, 0.0, -0.00283171, 135.0
1713471320.9037044, -3.2, 0, 0, 0, 0, 0, 0, 0, +1.250003E+01, +1.190140E-09, 0.0, 0.0, -0.00283195, 0.0
1713471327.4022017, 3.2, 0, 0, 0, 0, 0, 0, 0, +1.250003E+01, +1.190140E-09, 0.0, -2.3842e-07, -0.00283171, -90.0
1713471333.8716981, -3.2, 0, 0, 0, 0, 0, 0, 0, +1.250003E+01, +1.190140E-09, -2.3842e-07, 0.0, -0.00283171, 135.0
1713471446.5891335, 3.2, 0, 0, 0, 0, 0, 0, 0, +1.299969E+01, +1.248817E-09, 0.0, 0.0, -0.00283171, 90.0
1713471453.0913153, -3.2, 0, 0, 0, 0, 0, 0, 0, +1.299969E+01, +1.248817E-09, 0.0, 0.0, -0.00283195, 0.0
1713471459.5865455, 3.2, 0, 0, 0, 0, 0, 0, 0, +1.299969E+01, +1.248817E-09, -2.3842e-07, 0.0, -0.00283171, 180.0
1713471466.0653572, -3.2, 0, 0, 0, 0, 0, 0, 0, +1.299969E+01, +1.248817E-09, 0.0, 0.0, -0.00283171, 90.0
1713471472.5707235, 3.2, 0, 0, 0, 0, 0, 0, 0, +1.299969E+01, +1.248817E-09, 0.0, 0.0, -0.00283195, 0.0
1713471479.046049, -3.2, 0, 0, 0, 0, 0, 0, 0, +1.299969E+01, +1.248817E-09, -2.3842e-07, 0.0, -0.00283171, 180.0
1713471485.536536, 3.2, 0, 0, 0, 0, 0, 0, 0, +1.299969E+01, +1.248817E-09, -2.3842e-07, 0.0, -0.00283171, 180.0
1713471492.023368, -3.2, 0, 0, 0, 0, 0, 0, 0, +1.299969E+01, +1.248817E-09, -2.3842e-07, -2.3842e-07, -0.00283171, -135.0
1713471498.5027328, 3.2, 0, 0, 0, 0, 0, 0, 0, +1.299969E+01, +1.248817E-09, 0.0, 2.3842e-07, -0.00283171, 90.0
1713471504.974471, -3.2, 0, 0, 0, 0, 0, 0, 0, +1.299969E+01, +1.248817E-09, 0.0, 0.0, -0.00283195, 0.0
1713471617.6593, 3.2, 0, 0, 0, 0, 0, 0, 0, +1.349965E+01, +1.253846E-09, 0.0, 0.0, -0.00283195, 0.0
1713471624.108097, -3.2, 0, 0, 0, 0, 0, 0, 0, +1.349965E+01, +1.253846E-09, 0.0, 0.0, -0.00283195, 0.0
1713471630.576578, 3.2, 0, 0, 0, 0, 0, 0, 0, +1.349965E+01, +1.253846E-09, -2.3842e-07, -2.3842e-07, -0.00283171, -135.0
1713471637.046008, -3.2, 0, 0, 0, 0, 0, 0, 0, +1.349965E+01, +1.253846E-09, 0.0, 0.0, -0.00283195, 0.0
1713471643.524201, 3.2, 0, 0, 0, 0, 0, 0, 0, +1.349965E+01, +1.253846E-09, -2.3842e-07, -2.3842e-07, -0.00283171, -135.0
1713471649.999615, -3.2, 0, 0, 0, 0, 0, 0, 0, +1.349965E+01, +1.253846E-09, 0.0, 0.0, -0.00283195, 0.0
1713471656.4419088, 3.2, 0, 0, 0, 0, 0, 0, 0, +1.349965E+01, +1.253846E-09, 0.0, -2.3842e-07, -0.00283171, -45.0
1713471662.9211388, -3.2, 0, 0, 0, 0, 0, 0, 0, +1.349965E+01, +1.253846E-09, 0.0, 0.0, -0.00283195, 0.0
1713471669.4075875, 3.2, 0, 0, 0, 0, 0, 0, 0, +1.349965E+01, +1.253846E-09, 0.0, 0.0, -0.00283195, 0.0
1713471675.884764, -3.2, 0, 0, 0, 0, 0, 0, 0, +1.349965E+01, +1.253846E-09, 0.0, 0.0, -0.00283171, 45.0
