t,f2,bias,v2,x2,y2,r2,theta2,x8,y8,r8,theta8
1681331473.0584915,442.3,0.0,0.1,0.001204235,6.523243e-06,0.001200583,359.9625,-0.0986714,-0.00166322,-0.0145951,-179.034
1681331477.1311548,442.3,0.05,0.1,0.001204235,-7.850687e-07,0.001204235,0.3113085,-0.0986714,-0.00165559,-0.0145951,-179.04
1681331481.1734202,442.3,0.1,0.1,0.001200579,-7.850687e-07,0.001204253,0.1369224,-0.0986714,-0.00164796,-0.0145951,-179.046
1681331485.2445884,442.3,0.15,0.1,0.001207891,2.869087e-06,0.001204253,0.1365068,-0.0986638,-0.00164796,-0.0146027,-179.046
1681331489.3147888,442.3,0.2,0.1,0.001200579,-7.850687e-07,0.001204239,359.9625,-0.0986638,-0.00164796,-0.0146027,-179.046
1681331493.3710496,442.3,0.25,0.1,0.001200579,2.869087e-06,0.001204235,359.9625,-0.0986714,-0.00164796,-0.0145951,-179.046
1681331497.4236777,442.3,0.3,0.1,0.001204235,-4.439225e-06,0.001200583,0.1369224,-0.0986638,-0.00164796,-0.0146027,-179.046
1681331501.4932983,442.3,0.35,0.1,0.001204235,2.869087e-06,0.00120058,359.9626,-0.0986638,-0.00164796,-0.0146027,-179.046
1681331505.5614161,442.3,0.4,0.1,0.001204235,2.869087e-06,0.001204235,359.9625,-0.0986638,-0.00164796,-0.0146027,-179.046
1681331509.5913837,442.3,0.45,0.1,0.001204235,-7.850687e-07,0.001204239,0.1369224,-0.0986714,-0.00164796,-0.0145951,-179.046
1681331513.6679115,442.3,0.5,0.1,0.001204235,6.523243e-06,0.001204239,0.1365068,-0.0986714,-0.00164796,-0.0145951,-179.046
1681331517.7198179,442.3,0.55,0.1,0.001204235,2.869087e-06,0.001200583,359.9626,-0.0986714,-0.00164796,-0.0145951,-179.046
1681331521.789613,442.3,0.6,0.1,0.001204235,2.869087e-06,0.00120058,0.1365068,-0.0986714,-0.00164796,-0.0145951,-179.046
1681331525.8512542,442.3,0.65,0.1,0.001204235,2.869087e-06,0.001207894,0.1365068,-0.0986714,-0.00164796,-0.0145951,-179.046
1681331529.9117887,442.3,0.7,0.1,0.001207891,2.869087e-06,0.001204239,0.1360936,-0.0986714,-0.00164796,-0.0145951,-179.046
1681331533.9810834,442.3,0.75,0.1,0.001200579,-7.850687e-07,0.001200583,359.9625,-0.0986714,-0.00164796,-0.0145951,-179.046
1681331538.046341,442.3,0.8,0.1,0.001204235,6.523243e-06,0.00120058,359.9626,-0.0986714,-0.00164796,-0.0145951,-179.046
1681331542.0983884,442.3,0.85,0.1,0.001200579,6.523243e-06,0.001204239,359.9625,-0.0986638,-0.00164796,-0.0146027,-179.046
1681331546.162047,442.3,0.9,0.1,0.001204235,-7.850687e-07,0.001204239,0.4842144,-0.0986714,-0.00165559,-0.0145951,-179.04
1681331550.230436,442.3,0.95,0.1,0.001204235,2.869087e-06,0.00120058,0.1360936,-0.0986714,-0.00165559,-0.0145951,-179.04
1681331554.2814243,442.3,1.01,0.1,0.001204235,2.869087e-06,0.001204235,0.3103634,-0.0986714,-0.00165559,-0.0145951,-179.04
1681331558.3803222,442.3,1.06,0.1,0.001204235,2.869087e-06,0.001204235,359.9625,-0.0986638,-0.00164796,-0.0146027,-179.046
1681331562.471058,442.3,1.11,0.1,0.001200579,2.869087e-06,0.001200583,359.9626,-0.0986714,-0.00164796,-0.0145951,-179.046
1681331566.5596628,442.3,1.16,0.1,0.001200579,-7.850687e-07,0.001204235,0.1365068,-0.0986638,-0.00164796,-0.0146027,-179.046
1681331570.6379576,442.3,1.21,0.1,0.001204235,2.869087e-06,0.001207891,0.1365068,-0.0986638,-0.00164796,-0.0146027,-179.046
1681331574.7082589,442.3,1.26,0.1,0.001204235,2.869087e-06,0.001204239,0.1365068,-0.0986638,-0.00164796,-0.0146027,-179.046
1681331578.7757206,442.3,1.31,0.1,0.001204235,-7.850687e-07,0.001204253,0.3103634,-0.0986638,-0.00164796,-0.0146027,-179.046
1681331582.8649683,442.3,1.36,0.1,0.001204235,-7.850687e-07,0.001200583,359.9626,-0.0986638,-0.00164796,-0.0146027,-179.046
1681331586.9406576,442.3,1.41,0.1,0.001200579,2.869087e-06,0.00120058,0.1365068,-0.0986714,-0.00164796,-0.0145951,-179.046
1681331591.0193925,442.3,1.46,0.1,0.001204235,-7.850687e-07,0.001200583,0.3103634,-0.0986638,-0.00164796,-0.0146027,-179.046
1681331595.08901,442.3,1.51,0.1,0.001204235,6.523243e-06,0.00120058,0.1360936,-0.0986638,-0.00164796,-0.0146027,-179.046
1681331599.1508992,442.3,1.56,0.1,0.001204235,-7.850687e-07,0.001200583,0.1365068,-0.0986714,-0.00164033,-0.0145951,-179.046
1681331603.2086115,442.3,1.61,0.1,0.001204235,-7.850687e-07,0.001204235,0.1365068,-0.0986638,-0.00164796,-0.0146027,-179.046
1681331607.2866006,442.3,1.66,0.1,0.001204235,2.869087e-06,0.001204235,0.1369224,-0.0986638,-0.00164796,-0.0146027,-179.046
1681331611.35395,442.3,1.71,0.1,0.001204235,2.869087e-06,0.001204243,359.9625,-0.0986714,-0.00164796,-0.0145951,-179.046
1681331615.435487,442.3,1.76,0.1,0.001200579,2.869087e-06,0.001204239,0.3103634,-0.0986714,-0.00164796,-0.0145951,-179.046
1681331619.5174582,442.3,1.81,0.1,0.001200579,-7.850687e-07,0.001207894,359.9626,-0.0986714,-0.00164033,-0.0145951,-179.046
1681331623.5975225,442.3,1.86,0.1,0.001204235,-7.850687e-07,0.001204239,359.9625,-0.0986714,-0.00165559,-0.0145951,-179.04
1681331627.6592522,442.3,1.91,0.1,0.001200579,2.869087e-06,0.001204239,0.1365068,-0.0986714,-0.00164796,-0.0145951,-179.046
1681331631.7257245,442.3,1.96,0.1,0.001204235,2.869087e-06,0.001204235,0.3113085,-0.0986638,-0.00164796,-0.0146027,-179.046
1681331635.7771282,442.3,2.01,0.1,0.001204235,-7.850687e-07,0.001204235,0.1365068,-0.0986714,-0.00164796,-0.0145951,-179.046
1681331639.8271537,442.3,2.06,0.1,0.001204235,2.869087e-06,0.001200597,0.1365068,-0.0986638,-0.00164796,-0.0146027,-179.046
1681331643.8903506,442.3,2.11,0.1,0.001200579,2.869087e-06,0.001204235,359.9626,-0.0986638,-0.00164796,-0.0146027,-179.046
1681331647.9791217,442.3,2.16,0.1,0.001200579,2.869087e-06,0.001204235,0.1365068,-0.0986638,-0.00164796,-0.0146027,-179.046
