t,i,x,y,r,theta,xK,tc,therm,dc,trueGateDC,trueGateI
1681430700.5429716, 0, -0.002231426, 1.147635e-05, 0.002246051, 180.0796, 0, 0, 0, 0.0, +4.067468E-05, -1.186521E-09
1681430705.270106, 0, -0.002260672, -3.140275e-06, 0.002260674, 180.0796, 0, 0, 0, 1.0, +1.000052E+00, +7.316620E-11
1681430709.9701395, 0, -0.002246049, -3.140275e-06, 0.002260701, 180.0796, 0, 0, 0, 2.0, +1.999992E+00, -3.750171E-10
1681430714.646051, 0, -0.002246049, 1.147635e-05, 0.002260674, 180.0801, 0, 0, 0, 3.0, +3.000481E+00, -1.781616E-10
1681430719.3172197, 0, -0.002246049, -3.140275e-06, 0.002260674, 179.7072, 0, 0, 0, 4.0, +3.999676E+00, +8.800931E-11
1681430724.0121238, 0, -0.002260672, -3.140275e-06, 0.002260701, 180.0801, 0, 0, 0, 5.0, +5.000625E+00, +2.008980E-10
1681430728.7030976, 0, -0.002260672, -1.77569e-05, 0.002260701, 180.0796, 0, 0, 0, 6.0, +6.000206E+00, +5.975234E-10
1681430733.4337766, 0, -0.002260672, 2.609297e-05, 0.002260701, 180.0801, 0, 0, 0, 7.0, +6.999875E+00, +1.115317E-09
1681430738.1306324, 0, -0.002260672, -3.140275e-06, 0.002246051, 179.3387, 0, 0, 0, 8.0, +8.000852E+00, +1.088610E-09
1681430742.8306541, 0, -0.002260672, -3.140275e-06, 0.002260701, 180.0796, 0, 0, 0, 9.0, +9.000006E+00, +1.661486E-09
1681430747.5415277, 0, -0.002260672, -3.140275e-06, 0.002260742, 179.711, 0, 0, 0, 10.0, +1.000065E+01, +1.182868E-09
1681430752.2289498, 0, -0.002246049, 1.147635e-05, 0.002260742, 180.0796, 0, 0, 0, 11.0, +1.100083E+01, +2.095824E-09
1681430756.916819, 0, -0.002275295, 1.147635e-05, 0.002260674, 179.7072, 0, 0, 0, 12.0, +1.199987E+01, +2.387788E-09
1681430761.6173952, 0, -0.002275295, -3.140275e-06, 0.002246078, 179.7091, 0, 0, 0, 13.0, +1.300077E+01, +2.472506E-09
1681430766.3193843, 0, -0.002260672, -3.140275e-06, 0.002260674, 179.7091, 0, 0, 0, 14.0, +1.400051E+01, +2.884025E-09
1681430771.0468233, 0, -0.002260672, -1.77569e-05, 0.002260674, 180.0791, 0, 0, 0, 15.0, +1.499988E+01, +2.952940E-09
1681430775.7462082, 0, -0.002275295, -1.77569e-05, 0.002260674, 180.0796, 0, 0, 0, 16.0, +1.600071E+01, +3.314679E-09
1681430780.434378, 0, -0.002275295, -3.140275e-06, 0.002260674, 180.0796, 0, 0, 0, 17.0, +1.699987E+01, +3.525511E-09
1681430785.1343656, 0, -0.002260672, -3.140275e-06, 0.002275297, 180.0796, 0, 0, 0, 18.0, +1.800026E+01, +3.019482E-09
1681430789.8374074, 0, -0.002260672, 1.147635e-05, 0.002260701, 180.0791, 0, 0, 0, 19.0, +1.900061E+01, +3.662685E-09
1681430794.5391083, 0, -0.002260672, 1.147635e-05, 0.002260674, 180.0791, 0, 0, 0, 20.0, +1.999973E+01, +4.101264E-09
1681430799.239066, 0, -0.002275295, -3.140275e-06, 0.002275324, 180.0791, 0, 0, 0, 21.0, +2.100058E+01, +4.507583E-09
1681430803.933729, 0, -0.002275295, -3.140275e-06, 0.002260674, 179.7091, 0, 0, 0, 22.0, +2.200421E+01, +4.598154E-09
1681430808.6433804, 0, -0.002275295, -1.77569e-05, 0.002260674, 179.711, 0, 0, 0, 23.0, +2.300213E+01, +4.971354E-09
1681430813.3474846, 0, -0.002275295, -3.140275e-06, 0.002275324, 180.0796, 0, 0, 0, 24.0, +2.400360E+01, +5.199808E-09
1681430818.0533638, 0, -0.002260672, 2.609297e-05, 0.002275297, 180.0791, 0, 0, 0, 25.0, +2.500481E+01, +5.308401E-09
1681430822.7938418, 0, -0.002275295, -3.140275e-06, 0.002260674, 179.3387, 0, 0, 0, 26.0, +2.600614E+01, +5.586840E-09
1681430827.5026796, 0, -0.002275295, 1.147635e-05, 0.002260674, 179.711, 0, 0, 0, 27.0, +2.700686E+01, +5.529841E-09
1681430832.1858633, 0, -0.002260672, -3.140275e-06, 0.002275324, 180.0786, 0, 0, 0, 28.0, +2.800667E+01, +6.208034E-09
1681430836.8773851, 0, -0.002260672, 1.147635e-05, 0.002275297, 179.7091, 0, 0, 0, 29.0, +2.900322E+01, +6.213487E-09
1681430841.5623896, 0, -0.002275295, 1.147635e-05, 0.002275324, 180.0796, 0, 0, 0, 30.0, +3.000338E+01, +6.641719E-09
1681430846.2691462, 0, -0.002275295, 1.147635e-05, 0.002260674, 179.711, 0, 0, 0, 31.0, +3.100340E+01, +6.912029E-09
1681430851.014376, 0, -0.002289918, 1.147635e-05, 0.002275324, 180.0791, 0, 0, 0, 32.0, +3.200323E+01, +7.157950E-09
1681430855.7343638, 0, -0.002275295, 1.147635e-05, 0.002260674, 179.711, 0, 0, 0, 33.0, +3.300216E+01, +7.355603E-09
1681430860.4533782, 0, -0.002275295, 2.609297e-05, 0.002289987, 180.0796, 0, 0, 0, 34.0, +3.400224E+01, +7.933731E-09
1681430865.1649888, 0, -0.002289918, -3.140275e-06, 0.002289947, 180.0791, 0, 0, 0, 35.0, +3.499903E+01, +7.614702E-09
1681430869.848363, 0, -0.002289918, 1.147635e-05, 0.002275297, 180.0791, 0, 0, 0, 36.0, +3.599898E+01, +8.504490E-09
1681430874.5674038, 0, -0.002275295, 1.147635e-05, 0.002275324, 180.0791, 0, 0, 0, 37.0, +3.699900E+01, +8.644844E-09
1681430879.3080697, 0, -0.002275295, -3.140275e-06, 0.002275297, 179.3429, 0, 0, 0, 38.0, +3.799874E+01, +8.474291E-09
1681430884.0460405, 0, -0.002275295, -1.77569e-05, 0.002275297, 179.7128, 0, 0, 0, 39.0, +3.899873E+01, +8.708353E-09
1681430888.7476964, 0, -0.002275295, 1.147635e-05, 0.002289947, 180.0791, 0, 0, 0, 40.0, +3.999889E+01, +8.816293E-09
1681430893.4638536, 0, -0.002289918, 1.147635e-05, 0.00228992, 180.0786, 0, 0, 0, 41.0, +4.099693E+01, +9.394114E-09
1681430898.17839, 0, -0.002289918, -3.140275e-06, 0.002275297, 179.711, 0, 0, 0, 42.0, +4.199834E+01, +1.013400E-08
1681430902.8943634, 0, -0.002304541, -1.77569e-05, 0.002275324, 180.0786, 0, 0, 0, 43.0, +4.299965E+01, +1.055688E-08
1681430907.6209505, 0, -0.002289918, 1.147635e-05, 0.00228992, 180.0791, 0, 0, 0, 44.0, +4.400137E+01, +1.003252E-08
1681430912.3213472, 0, -0.002275295, 2.609297e-05, 0.002289947, 179.7128, 0, 0, 0, 45.0, +4.500257E+01, +1.041233E-08
1681430917.0236106, 0, -0.002289918, -3.140275e-06, 0.002289947, 179.7128, 0, 0, 0, 46.0, +4.600389E+01, +1.064255E-08
1681430921.727975, 0, -0.002289918, -3.140275e-06, 0.00228992, 180.0786, 0, 0, 0, 47.0, +4.700119E+01, +1.162897E-08
1681430926.399064, 0, -0.002289918, 1.147635e-05, 0.002275324, 180.0791, 0, 0, 0, 48.0, +4.800271E+01, +1.129167E-08
1681430931.0870252, 0, -0.002304541, -3.140275e-06, 0.00228992, 180.0781, 0, 0, 0, 49.0, +4.900370E+01, +1.233735E-08
1681430935.80336, 0, -0.002289918, 1.147635e-05, 0.002304689, 180.0781, 0, 0, 0, 50.0, +5.000528E+01, +1.211102E-08
1681430940.509339, 0, -0.002304541, -3.140275e-06, 0.00230457, 180.0786, 0, 0, 0, 51.0, +5.100629E+01, +1.299054E-08
1681430945.2324126, 0, -0.002304541, 1.147635e-05, 0.002290067, 180.0791, 0, 0, 0, 52.0, +5.200784E+01, +1.318735E-08
1681430949.9500535, 0, -0.002289918, 1.147635e-05, 0.00228992, 179.7147, 0, 0, 0, 53.0, +5.300600E+01, +1.294006E-08
1681430954.6789212, 0, -0.002289918, 1.147635e-05, 0.00228992, 180.0781, 0, 0, 0, 54.0, +5.400638E+01, +1.401983E-08
1681430959.408354, 0, -0.002289918, -3.140275e-06, 0.00228992, 179.7128, 0, 0, 0, 55.0, +5.500613E+01, +1.412657E-08
1681430964.135814, 0, -0.002275295, -3.140275e-06, 0.00228992, 180.4415, 0, 0, 0, 56.0, +5.600589E+01, +1.465187E-08
1681430968.8467343, 0, -0.002304541, 1.147635e-05, 0.002304544, 179.7128, 0, 0, 0, 57.0, +5.700595E+01, +1.494662E-08
1681430973.5438359, 0, -0.002304541, 1.147635e-05, 0.00228992, 180.4443, 0, 0, 0, 58.0, +5.800612E+01, +1.450849E-08
1681430978.256683, 0, -0.002304541, -3.140275e-06, 0.002304544, 180.0781, 0, 0, 0, 59.0, +5.900254E+01, +1.532466E-08
1681430982.9372156, 0, -0.002304541, 1.147635e-05, 0.002290067, 180.0781, 0, 0, 0, 60.0, +6.000153E+01, +1.591713E-08
1681430987.649204, 0, -0.002304541, -3.140275e-06, 0.00228992, 179.7147, 0, 0, 0, 61.0, +6.100147E+01, +1.557204E-08
1681430992.3367217, 0, -0.002304541, 1.147635e-05, 0.00230457, 180.0786, 0, 0, 0, 62.0, +6.200129E+01, +1.616723E-08
1681430997.0522501, 0, -0.002304541, 1.147635e-05, 0.002304544, 180.0781, 0, 0, 0, 63.0, +6.300116E+01, +1.635988E-08
1681431001.7203786, 0, -0.002304541, 1.147635e-05, 0.00228992, 179.7164, 0, 0, 0, 64.0, +6.400120E+01, +1.705419E-08
1681431006.4417841, 0, -0.002304541, -3.140275e-06, 0.002304544, 180.0781, 0, 0, 0, 65.0, +6.499778E+01, +1.707626E-08
1681431011.1580598, 0, -0.002289918, 1.147635e-05, 0.002289987, 179.7147, 0, 0, 0, 66.0, +6.599766E+01, +1.741229E-08
1681431015.8540108, 0, -0.002319165, 1.147635e-05, 0.00230457, 180.0786, 0, 0, 0, 67.0, +6.699783E+01, +1.769795E-08
1681431020.595984, 0, -0.002304541, -3.140275e-06, 0.002319233, 180.0781, 0, 0, 0, 68.0, +6.799927E+01, +1.860878E-08
1681431025.3206184, 0, -0.002304541, 1.147635e-05, 0.002304544, 180.0786, 0, 0, 0, 69.0, +6.900055E+01, +1.897426E-08
1681431030.0416367, 0, -0.002304541, 1.147635e-05, 0.00230457, 179.7147, 0, 0, 0, 70.0, +7.000178E+01, +1.950170E-08
1681431034.7792265, 0, -0.002304541, -3.140275e-06, 0.002333816, 179.7147, 0, 0, 0, 71.0, +7.100009E+01, +1.929742E-08
1681431039.4941423, 0, -0.002304541, 1.147635e-05, 0.002319311, 180.0781, 0, 0, 0, 72.0, +7.200122E+01, +2.032674E-08
1681431044.1958282, 0, -0.002304541, 2.609297e-05, 0.002304544, 180.0781, 0, 0, 0, 73.0, +7.300260E+01, +2.067704E-08
1681431048.927403, 0, -0.002304541, 1.147635e-05, 0.00230457, 179.7164, 0, 0, 0, 74.0, +7.400336E+01, +2.084303E-08
1681431053.6243644, 0, -0.002319165, -3.140275e-06, 0.002319167, 179.7147, 0, 0, 0, 75.0, +7.500489E+01, +2.125612E-08
1681431058.350695, 0, -0.002319165, 2.609297e-05, 0.00230457, 179.7147, 0, 0, 0, 76.0, +7.600623E+01, +2.123189E-08
1681431063.057047, 0, -0.002304541, -3.140275e-06, 0.00230457, 179.7147, 0, 0, 0, 77.0, +7.700434E+01, +2.156989E-08
1681431067.7573755, 0, -0.002319165, 1.147635e-05, 0.00230457, 180.0781, 0, 0, 0, 78.0, +7.800555E+01, +2.237970E-08
1681431072.4494238, 0, -0.002304541, -3.140275e-06, 0.002319311, 179.3513, 0, 0, 0, 79.0, +7.900700E+01, +2.270070E-08
1681431077.1633477, 0, -0.002319165, 1.147635e-05, 0.002304544, 180.0781, 0, 0, 0, 80.0, +8.000813E+01, +2.310948E-08
1681431081.894832, 0, -0.002319165, 1.147635e-05, 0.002319167, 179.7164, 0, 0, 0, 81.0, +8.100875E+01, +2.317336E-08
1681431086.5778081, 0, -0.002319165, 1.147635e-05, 0.00230457, 179.7147, 0, 0, 0, 82.0, +8.200855E+01, +2.355361E-08
1681431091.2953758, 0, -0.002304541, 2.609297e-05, 0.002319167, 179.3513, 0, 0, 0, 83.0, +8.300525E+01, +2.387432E-08
1681431095.994372, 0, -0.002304541, 1.147635e-05, 0.002304544, 179.7147, 0, 0, 0, 84.0, +8.400506E+01, +2.508897E-08
1681431100.7143707, 0, -0.002319165, 1.147635e-05, 0.002304544, 180.0776, 0, 0, 0, 85.0, +8.500492E+01, +2.541588E-08
1681431105.4558227, 0, -0.002319165, 2.609297e-05, 0.002319167, 179.7147, 0, 0, 0, 86.0, +8.600492E+01, +2.509312E-08
1681431110.1550367, 0, -0.002304541, -3.140275e-06, 0.002304544, 180.0776, 0, 0, 0, 87.0, +8.700390E+01, +2.617218E-08
1681431114.8188007, 0, -0.002304541, 1.147635e-05, 0.002304689, 180.0776, 0, 0, 0, 88.0, +8.800384E+01, +2.655253E-08
1681431119.5249684, 0, -0.002304541, 1.147635e-05, 0.002319311, 179.3513, 0, 0, 0, 89.0, +8.900053E+01, +2.646902E-08
1681431124.2283537, 0, -0.002304541, 1.147635e-05, 0.002304689, 180.0781, 0, 0, 0, 90.0, +9.000020E+01, +2.757064E-08
1681431128.9505625, 0, -0.002319165, 1.147635e-05, 0.002319167, 180.0776, 0, 0, 0, 91.0, +9.100047E+01, +2.760120E-08
1681431133.6758163, 0, -0.002319165, 1.147635e-05, 0.002319193, 179.7147, 0, 0, 0, 92.0, +9.199993E+01, +2.836758E-08
1681431138.4096339, 0, -0.002319165, -3.140275e-06, 0.002304544, 180.0781, 0, 0, 0, 93.0, +9.300008E+01, +2.802897E-08
1681431143.0959477, 0, -0.002319165, 1.147635e-05, 0.002319193, 180.0776, 0, 0, 0, 94.0, +9.400039E+01, +2.874831E-08
1681431147.809373, 0, -0.002304541, -1.77569e-05, 0.002304544, 180.0776, 0, 0, 0, 95.0, +9.499884E+01, +2.897626E-08
1681431152.512146, 0, -0.002319165, 2.609297e-05, 0.002319193, 180.0771, 0, 0, 0, 96.0, +9.600007E+01, +3.007471E-08
1681431157.2216308, 0, -0.002319165, 4.070959e-05, 0.002319193, 179.7164, 0, 0, 0, 97.0, +9.700128E+01, +3.044038E-08
1681431161.9376438, 0, -0.002319165, -3.140275e-06, 0.002304544, 180.0771, 0, 0, 0, 98.0, +9.800322E+01, +3.015592E-08
1681431166.6572497, 0, -0.002333788, 1.147635e-05, 0.002319193, 179.7147, 0, 0, 0, 99.0, +9.900445E+01, +3.078972E-08
1681431171.3536918, 0, -0.002319165, 1.147635e-05, 0.002319193, 179.7164, 0, 0, 0, 100.0, +1.000062E+02, +3.147339E-08
1681431176.0602984, 0, -0.002319165, 1.147635e-05, 0.002304689, 179.3513, 0, 0, 0, 101.0, +1.010035E+02, +3.200028E-08
1681431180.786572, 0, -0.002319165, 1.147635e-05, 0.002319167, 180.0776, 0, 0, 0, 102.0, +1.020050E+02, +3.200581E-08
1681431185.5035737, 0, -0.002304541, 1.147635e-05, 0.00230457, 180.0781, 0, 0, 0, 103.0, +1.030062E+02, +3.320235E-08
1681431190.230339, 0, -0.002304541, -3.140275e-06, 0.002319193, 179.7164, 0, 0, 0, 104.0, +1.040080E+02, +3.328739E-08
1681431194.9193895, 0, -0.002319165, 1.147635e-05, 0.002319193, 179.3554, 0, 0, 0, 105.0, +1.050093E+02, +3.334951E-08
1681431199.6435053, 0, -0.002304541, 1.147635e-05, 0.002319167, 179.3554, 0, 0, 0, 106.0, +1.060110E+02, +3.407018E-08
1681431204.3403745, 0, -0.002319165, 1.147635e-05, 0.002304544, 179.7147, 0, 0, 0, 107.0, +1.070089E+02, +3.471550E-08
1681431209.0667574, 0, -0.002304541, 1.147635e-05, 0.002319167, 179.7147, 0, 0, 0, 108.0, +1.080091E+02, +3.540518E-08
1681431213.761145, 0, -0.002319165, 1.147635e-05, 0.00230457, 179.7164, 0, 0, 0, 109.0, +1.090090E+02, +3.580091E-08
1681431218.4922495, 0, -0.002319165, 1.147635e-05, 0.002319311, 179.7164, 0, 0, 0, 110.0, +1.100088E+02, +3.625137E-08
1681431223.2120929, 0, -0.002304541, 1.147635e-05, 0.00230457, 179.7164, 0, 0, 0, 111.0, +1.110091E+02, +3.594698E-08
1681431227.896833, 0, -0.002333788, -3.140275e-06, 0.002333816, 179.3554, 0, 0, 0, 112.0, +1.120088E+02, +3.636869E-08
1681431232.5833914, 0, -0.002304541, -3.140275e-06, 0.002319193, 179.7164, 0, 0, 0, 113.0, +1.130052E+02, +3.706499E-08
1681431237.3210921, 0, -0.002319165, -3.140275e-06, 0.00230461, 179.7147, 0, 0, 0, 114.0, +1.140040E+02, +3.810644E-08
1681431242.0123692, 0, -0.002304541, 1.147635e-05, 0.002304544, 179.3513, 0, 0, 0, 115.0, +1.150040E+02, +3.849464E-08
1681431246.7078948, 0, -0.002304541, 1.147635e-05, 0.002319193, 180.0776, 0, 0, 0, 116.0, +1.160038E+02, +3.867472E-08
1681431251.4133801, 0, -0.002319165, 1.147635e-05, 0.00228992, 179.7147, 0, 0, 0, 117.0, +1.170037E+02, +3.869265E-08
1681431256.1143749, 0, -0.002319165, 1.147635e-05, 0.002319193, 179.7164, 0, 0, 0, 118.0, +1.180039E+02, +3.908197E-08
1681431260.8209982, 0, -0.002319165, 2.609297e-05, 0.002319193, 179.7147, 0, 0, 0, 119.0, +1.190002E+02, +3.951245E-08
1681431265.5037994, 0, -0.002319165, 1.147635e-05, 0.002319193, 179.7147, 0, 0, 0, 120.0, +1.199997E+02, +4.001251E-08
1681431270.236078, 0, -0.002319165, 1.147635e-05, 0.002319193, 179.3554, 0, 0, 0, 121.0, +1.210001E+02, +4.128979E-08
1681431274.939605, 0, -0.002304541, 1.147635e-05, 0.002319193, 179.7147, 0, 0, 0, 122.0, +1.220014E+02, +4.168481E-08
1681431279.6529293, 0, -0.002319165, 1.147635e-05, 0.002319311, 180.0776, 0, 0, 0, 123.0, +1.230030E+02, +4.190779E-08
1681431284.3485196, 0, -0.002304541, 2.609297e-05, 0.002304544, 179.7164, 0, 0, 0, 124.0, +1.240043E+02, +4.250458E-08
1681431289.070737, 0, -0.002319165, 1.147635e-05, 0.002319193, 179.3554, 0, 0, 0, 125.0, +1.250026E+02, +4.255282E-08
1681431293.8033972, 0, -0.002319165, -3.140275e-06, 0.00230457, 179.7147, 0, 0, 0, 126.0, +1.260037E+02, +4.315444E-08
1681431298.524448, 0, -0.002319165, 2.609297e-05, 0.002319167, 179.7182, 0, 0, 0, 127.0, +1.270054E+02, +4.315906E-08
1681431303.2366838, 0, -0.002319165, -3.140275e-06, 0.00230457, 180.0776, 0, 0, 0, 128.0, +1.280062E+02, +4.403290E-08
1681431307.9663653, 0, -0.002319165, 1.147635e-05, 0.002319193, 180.0776, 0, 0, 0, 129.0, +1.290074E+02, +4.421013E-08
1681431312.6875648, 0, -0.002319165, 1.147635e-05, 0.002319193, 179.7164, 0, 0, 0, 130.0, +1.300086E+02, +4.536157E-08
1681431317.3893824, 0, -0.002319165, -3.140275e-06, 0.002319167, 180.0776, 0, 0, 0, 131.0, +1.310068E+02, +4.509089E-08
1681431322.1103327, 0, -0.002319165, 2.609297e-05, 0.00233379, 180.0781, 0, 0, 0, 132.0, +1.320080E+02, +4.625890E-08
1681431326.8368468, 0, -0.002319165, 2.609297e-05, 0.002319311, 179.7182, 0, 0, 0, 133.0, +1.330092E+02, +4.658192E-08
1681431331.5249536, 0, -0.002319165, -3.140275e-06, 0.00230457, 180.0771, 0, 0, 0, 134.0, +1.340107E+02, +4.679862E-08
1681431336.2526596, 0, -0.002319165, 1.147635e-05, 0.002319167, 179.3554, 0, 0, 0, 135.0, +1.350109E+02, +4.707388E-08
1681431340.9379182, 0, -0.002319165, 1.147635e-05, 0.00233379, 179.7164, 0, 0, 0, 136.0, +1.360104E+02, +4.804842E-08
1681431345.6503627, 0, -0.002333788, 1.147635e-05, 0.002333816, 180.0771, 0, 0, 0, 137.0, +1.370070E+02, +4.837791E-08
1681431350.313474, 0, -0.002333788, 1.147635e-05, 0.002333816, 179.72, 0, 0, 0, 138.0, +1.380070E+02, +4.861131E-08
1681431355.0164125, 0, -0.002348411, 1.147635e-05, 0.002348439, 179.72, 0, 0, 0, 139.0, +1.390067E+02, +4.856844E-08
1681431359.7084484, 0, -0.002333788, 1.147635e-05, 0.002333816, 180.0766, 0, 0, 0, 140.0, +1.400061E+02, +4.965047E-08
1681431364.3754814, 0, -0.002348411, -3.140275e-06, 0.002333816, 180.0766, 0, 0, 0, 141.0, +1.410053E+02, +4.942732E-08
1681431369.0779452, 0, -0.002348411, -1.77569e-05, 0.00233379, 179.7164, 0, 0, 0, 142.0, +1.420048E+02, +5.042562E-08
1681431373.7791045, 0, -0.002333788, -3.140275e-06, 0.002348556, 180.0766, 0, 0, 0, 143.0, +1.430013E+02, +5.101261E-08
1681431378.4658828, 0, -0.002348411, 2.609297e-05, 0.002348439, 179.72, 0, 0, 0, 144.0, +1.440009E+02, +5.138845E-08
1681431383.1587124, 0, -0.002348411, -3.140275e-06, 0.002348413, 179.72, 0, 0, 0, 145.0, +1.450010E+02, +5.172837E-08
1681431387.8343031, 0, -0.002363034, 2.609297e-05, 0.002363062, 180.0762, 0, 0, 0, 146.0, +1.460007E+02, +5.175881E-08
1681431392.5434246, 0, -0.002363034, 1.147635e-05, 0.002363036, 179.7217, 0, 0, 0, 147.0, +1.470001E+02, +5.269997E-08
1681431397.2157829, 0, -0.002363034, 1.147635e-05, 0.002377685, 179.7234, 0, 0, 0, 148.0, +1.480006E+02, +5.266482E-08
1681431401.898258, 0, -0.002377657, -3.140275e-06, 0.002363062, 180.0752, 0, 0, 0, 149.0, +1.489986E+02, +5.354689E-08
1681431406.5745945, 0, -0.00239228, 1.147635e-05, 0.002363062, 180.0748, 0, 0, 0, 150.0, +1.500001E+02, +5.317542E-08
1681431411.2660053, 0, -0.002377657, -3.140275e-06, 0.002377659, 179.7251, 0, 0, 0, 151.0, +1.510014E+02, +5.363489E-08
1681431415.9522038, 0, -0.002377657, -3.140275e-06, 0.002377685, 180.0748, 0, 0, 0, 152.0, +1.520027E+02, +5.453049E-08
1681431420.6239967, 0, -0.002406904, -3.140275e-06, 0.002406931, 179.3789, 0, 0, 0, 153.0, +1.530042E+02, +5.445924E-08
1681431425.2804015, 0, -0.002406904, -3.140275e-06, 0.002392282, 179.7268, 0, 0, 0, 154.0, +1.540052E+02, +5.505589E-08
1681431429.9964466, 0, -0.002406904, 1.147635e-05, 0.002421529, 180.0743, 0, 0, 0, 155.0, +1.550023E+02, +5.592093E-08
1681431434.6842656, 0, -0.002406904, -3.140275e-06, 0.002436177, 179.7284, 0, 0, 0, 156.0, +1.560036E+02, +5.607316E-08
1681431439.391148, 0, -0.00243615, 1.147635e-05, 0.002436152, 180.0743, 0, 0, 0, 157.0, +1.570046E+02, +5.658466E-08
1681431444.0469916, 0, -0.002450773, 1.147635e-05, 0.0024508, 180.0739, 0, 0, 0, 158.0, +1.580061E+02, +5.673519E-08
1681431448.7350967, 0, -0.002450773, 1.147635e-05, 0.002436152, 179.7284, 0, 0, 0, 159.0, +1.590074E+02, +5.734435E-08
1681431453.404565, 0, -0.00243615, -3.140275e-06, 0.002450775, 179.7301, 0, 0, 0, 160.0, +1.600086E+02, +5.761420E-08
1681431458.098801, 0, -0.002450773, 1.147635e-05, 0.002450912, 180.0734, 0, 0, 0, 161.0, +1.610061E+02, +5.853799E-08
1681431462.7724972, 0, -0.002450773, -3.140275e-06, 0.002465423, 179.7333, 0, 0, 0, 162.0, +1.620064E+02, +5.915089E-08
1681431467.4615226, 0, -0.002480019, 1.147635e-05, 0.002465423, 179.7348, 0, 0, 0, 163.0, +1.630063E+02, +5.907207E-08
1681431472.1513028, 0, -0.002494643, -3.140275e-06, 0.002494645, 179.7333, 0, 0, 0, 164.0, +1.640059E+02, +6.005667E-08
1681431476.8071597, 0, -0.002509266, 1.147635e-05, 0.002494645, 179.7379, 0, 0, 0, 165.0, +1.650058E+02, +6.011058E-08
1681431481.4929721, 0, -0.002509266, 1.147635e-05, 0.002523915, 180.0717, 0, 0, 0, 166.0, +1.660024E+02, +6.009024E-08
1681431486.1782722, 0, -0.002523889, 1.147635e-05, 0.002494645, 179.7395, 0, 0, 0, 167.0, +1.670020E+02, +6.095679E-08
1681431490.8771513, 0, -0.002538512, -3.140275e-06, 0.002523891, 180.0705, 0, 0, 0, 168.0, +1.680010E+02, +6.122648E-08
1681431495.5498667, 0, -0.002553135, 2.609297e-05, 0.002538514, 179.4111, 0, 0, 0, 169.0, +1.690003E+02, +6.223001E-08
1681431500.2191534, 0, -0.002538512, 1.147635e-05, 0.002553137, 179.741, 0, 0, 0, 170.0, +1.700003E+02, +6.262589E-08
1681431504.9026845, 0, -0.002567758, 1.147635e-05, 0.002582513, 180.0701, 0, 0, 0, 171.0, +1.710000E+02, +6.260837E-08
1681431509.597403, 0, -0.002582381, 1.147635e-05, 0.002597007, 179.7454, 0, 0, 0, 172.0, +1.719965E+02, +6.311277E-08
1681431514.3024092, 0, -0.002597005, 1.147635e-05, 0.00259703, 180.0693, 0, 0, 0, 173.0, +1.729962E+02, +6.350915E-08
1681431518.9778655, 0, -0.002611628, 1.147635e-05, 0.002611653, 179.7482, 0, 0, 0, 174.0, +1.739958E+02, +6.360514E-08
1681431523.6625228, 0, -0.002611628, 1.147635e-05, 0.002611758, 179.7454, 0, 0, 0, 175.0, +1.749963E+02, +6.434755E-08
1681431528.3633707, 0, -0.002611628, 2.609297e-05, 0.002626276, 180.0685, 0, 0, 0, 176.0, +1.759976E+02, +6.529382E-08
1681431533.0589335, 0, -0.002626251, 1.147635e-05, 0.002626253, 180.0685, 0, 0, 0, 177.0, +1.769992E+02, +6.518805E-08
1681431537.732123, 0, -0.002655497, 1.147635e-05, 0.002640876, 179.751, 0, 0, 0, 178.0, +1.779974E+02, +6.604628E-08
1681431542.4069195, 0, -0.002684744, 2.609297e-05, 0.002670145, 180.0681, 0, 0, 0, 179.0, +1.789987E+02, +6.689618E-08
1681431547.0989265, 0, -0.00267012, 2.609297e-05, 0.002684745, 179.7537, 0, 0, 0, 180.0, +1.800000E+02, +6.689010E-08
1681431551.7715347, 0, -0.00267012, 1.147635e-05, 0.002684745, 180.0674, 0, 0, 0, 181.0, +1.810015E+02, +6.789220E-08
1681431556.4505417, 0, -0.002699367, 1.147635e-05, 0.002699391, 179.7564, 0, 0, 0, 182.0, +1.820023E+02, +6.727958E-08
1681431561.1300845, 0, -0.002699367, -3.140275e-06, 0.002699391, 179.7564, 0, 0, 0, 183.0, +1.830037E+02, +6.764019E-08
1681431565.8099036, 0, -0.002728613, -1.77569e-05, 0.002714014, 180.0659, 0, 0, 0, 184.0, +1.840018E+02, +6.807626E-08
1681431570.49216, 0, -0.002728613, 1.147635e-05, 0.002728637, 179.759, 0, 0, 0, 185.0, +1.850032E+02, +6.872593E-08
1681431575.1849155, 0, -0.002728613, 1.147635e-05, 0.002728637, 179.759, 0, 0, 0, 186.0, +1.860045E+02, +6.939700E-08
1681431579.8746243, 0, -0.002743236, 1.147635e-05, 0.002743238, 179.7603, 0, 0, 0, 187.0, +1.870062E+02, +6.915095E-08
1681431584.5526955, 0, -0.002757859, 2.609297e-05, 0.002757883, 180.0653, 0, 0, 0, 188.0, +1.880073E+02, +7.036277E-08
1681431589.2473898, 0, -0.002757859, -1.77569e-05, 0.002757883, 179.7616, 0, 0, 0, 189.0, +1.890075E+02, +7.075830E-08
1681431593.9445944, 0, -0.002757859, 1.147635e-05, 0.002757883, 179.7616, 0, 0, 0, 190.0, +1.900045E+02, +7.093479E-08
1681431598.639666, 0, -0.002787106, 1.147635e-05, 0.002772506, 179.4608, 0, 0, 0, 191.0, +1.910042E+02, +7.159223E-08
1681431603.309349, 0, -0.002772483, 1.147635e-05, 0.002787228, 179.7641, 0, 0, 0, 192.0, +1.920042E+02, +7.150940E-08
1681431607.9977512, 0, -0.002801729, 2.609297e-05, 0.002787129, 179.4636, 0, 0, 0, 193.0, +1.930037E+02, +7.237759E-08
1681431612.6974747, 0, -0.002816352, -3.140275e-06, 0.002801753, 179.4664, 0, 0, 0, 194.0, +1.940038E+02, +7.259642E-08
1681431617.3860059, 0, -0.002816352, 1.147635e-05, 0.002801731, 179.4692, 0, 0, 0, 195.0, +1.950029E+02, +7.260699E-08
1681431622.0689409, 0, -0.002816352, 2.609297e-05, 0.002816376, 179.7665, 0, 0, 0, 196.0, +1.959996E+02, +7.259855E-08
1681431626.7346401, 0, -0.002830975, 1.147635e-05, 0.002816376, 179.7677, 0, 0, 0, 197.0, +1.969995E+02, +7.308272E-08
1681431631.395424, 0, -0.002845598, -3.140275e-06, 0.002830999, 179.4692, 0, 0, 0, 198.0, +1.979991E+02, +7.437939E-08
1681431636.068396, 0, -0.002830975, 1.147635e-05, 0.002830977, 179.7689, 0, 0, 0, 199.0, +1.989994E+02, +7.406710E-08
1681431640.766012, 0, -0.002860222, 1.147635e-05, 0.002860245, 179.7689, 0, 0, 0, 200.0, +1.999993E+02, +7.494343E-08
1681431645.4341657, 0, -0.002860222, 1.147635e-05, 0.002845718, 179.7689, 0, 0, 0, 201.0, +2.009993E+02, +7.521027E-08
1681431650.106893, 0, -0.002860222, 1.147635e-05, 0.0028456, 179.7689, 0, 0, 0, 202.0, +2.019965E+02, +7.517060E-08
1681431654.7792127, 0, -0.002860222, 1.147635e-05, 0.002874847, 179.7713, 0, 0, 0, 203.0, +2.029980E+02, +7.554116E-08
1681431659.4615753, 0, -0.002874845, 1.147635e-05, 0.002874868, 179.48, 0, 0, 0, 204.0, +2.039994E+02, +7.619845E-08
1681431664.1294475, 0, -0.002874845, -1.77569e-05, 0.002874847, 179.7713, 0, 0, 0, 205.0, +2.050012E+02, +7.630352E-08
1681431668.7901957, 0, -0.002904091, 1.147635e-05, 0.002889491, 179.7713, 0, 0, 0, 206.0, +2.060026E+02, +7.725584E-08
1681431673.4750433, 0, -0.002889468, 1.147635e-05, 0.002889586, 179.7736, 0, 0, 0, 207.0, +2.070040E+02, +7.810153E-08
1681431678.1413436, 0, -0.002918714, 2.609297e-05, 0.002889491, 179.7736, 0, 0, 0, 208.0, +2.080025E+02, +7.770588E-08
1681431682.8006454, 0, -0.002904091, -3.140275e-06, 0.002889491, 179.7736, 0, 0, 0, 209.0, +2.090031E+02, +7.901860E-08
1681431687.4815753, 0, -0.002918714, 1.147635e-05, 0.002918737, 179.7747, 0, 0, 0, 210.0, +2.100047E+02, +7.907818E-08
1681431692.1748312, 0, -0.002889468, 1.147635e-05, 0.002904114, 179.7724, 0, 0, 0, 210.0, +2.100046E+02, +7.851492E-08
1681431696.8546348, 0, -0.002889468, 1.147635e-05, 0.002874868, 179.7713, 0, 0, 0, 209.0, +2.090032E+02, +7.793208E-08
1681431701.520357, 0, -0.002845598, 2.609297e-05, 0.0028456, 179.7677, 0, 0, 0, 208.0, +2.080022E+02, +7.730467E-08
1681431706.2061768, 0, -0.002816352, 2.609297e-05, 0.002801753, 179.4692, 0, 0, 0, 207.0, +2.070043E+02, +7.587471E-08
1681431710.88935, 0, -0.002787106, 1.147635e-05, 0.002787129, 179.7641, 0, 0, 0, 206.0, +2.060026E+02, +7.523420E-08
1681431715.582078, 0, -0.002757859, 2.609297e-05, 0.002757883, 179.7628, 0, 0, 0, 205.0, +2.050010E+02, +7.465777E-08
1681431720.3045967, 0, -0.002757859, 1.147635e-05, 0.002757883, 179.7603, 0, 0, 0, 204.0, +2.039995E+02, +7.353305E-08
1681431725.030682, 0, -0.00271399, -3.140275e-06, 0.002728637, 179.4521, 0, 0, 0, 203.0, +2.029978E+02, +7.301200E-08
1681431729.712852, 0, -0.00271399, 1.147635e-05, 0.002699369, 179.4462, 0, 0, 0, 202.0, +2.019964E+02, +7.171117E-08
1681431734.43071, 0, -0.00267012, 1.147635e-05, 0.002670248, 179.7537, 0, 0, 0, 201.0, +2.009991E+02, +7.057064E-08
1681431739.120945, 0, -0.002626251, 1.147635e-05, 0.002670145, 179.7524, 0, 0, 0, 200.0, +1.999989E+02, +7.070445E-08
1681431743.8300776, 0, -0.002626251, 1.147635e-05, 0.002640876, 179.4339, 0, 0, 0, 199.0, +1.989991E+02, +6.909857E-08
1681431748.5354893, 0, -0.002611628, -3.140275e-06, 0.00259703, 179.7468, 0, 0, 0, 198.0, +1.979993E+02, +6.836381E-08
1681431753.2445562, 0, -0.002582381, -3.140275e-06, 0.002611653, 179.7454, 0, 0, 0, 197.0, +1.969995E+02, +6.796391E-08
1681431757.9159014, 0, -0.002553135, 1.147635e-05, 0.002567784, 179.7454, 0, 0, 0, 196.0, +1.959993E+02, +6.728273E-08
1681431762.6285388, 0, -0.002538512, 1.147635e-05, 0.002509292, 179.7424, 0, 0, 0, 195.0, +1.950030E+02, +6.622385E-08
1681431767.3168058, 0, -0.002509266, -3.140275e-06, 0.002523891, 180.0709, 0, 0, 0, 194.0, +1.940036E+02, +6.639210E-08
1681431771.997139, 0, -0.002509266, 2.609297e-05, 0.002509401, 179.0705, 0, 0, 0, 193.0, +1.930039E+02, +6.473784E-08
1681431776.6582944, 0, -0.002494643, 1.147635e-05, 0.002480046, 179.7364, 0, 0, 0, 192.0, +1.920039E+02, +6.490394E-08
1681431781.3467338, 0, -0.002480019, 1.147635e-05, 0.002480157, 179.7348, 0, 0, 0, 191.0, +1.910041E+02, +6.400993E-08
1681431786.0455754, 0, -0.002450773, -3.140275e-06, 0.002450775, 179.7317, 0, 0, 0, 190.0, +1.900041E+02, +6.293677E-08
1681431790.7401876, 0, -0.002450773, 1.147635e-05, 0.002450775, 179.7317, 0, 0, 0, 189.0, +1.890075E+02, +6.271772E-08
1681431795.4263356, 0, -0.002450773, 2.609297e-05, 0.002436214, 179.7301, 0, 0, 0, 188.0, +1.880074E+02, +6.128170E-08
1681431800.1216846, 0, -0.00243615, 1.147635e-05, 0.002421554, 179.7301, 0, 0, 0, 187.0, +1.870059E+02, +6.153263E-08
1681431804.810695, 0, -0.00243615, -3.140275e-06, 0.00243629, 180.0743, 0, 0, 0, 186.0, +1.860046E+02, +6.075843E-08
1681431809.4986873, 0, -0.002406904, 1.147635e-05, 0.002421554, 180.0748, 0, 0, 0, 185.0, +1.850030E+02, +5.976860E-08
1681431814.1875432, 0, -0.002421527, 2.609297e-05, 0.002406931, 179.7268, 0, 0, 0, 184.0, +1.840016E+02, +5.932019E-08
1681431818.8776922, 0, -0.002421527, 1.147635e-05, 0.002392282, 180.0748, 0, 0, 0, 183.0, +1.830035E+02, +5.867529E-08
1681431823.547007, 0, -0.00239228, -3.140275e-06, 0.002406931, 179.7251, 0, 0, 0, 182.0, +1.820023E+02, +5.812504E-08
1681431828.2425747, 0, -0.002406904, -3.140275e-06, 0.002392282, 179.7268, 0, 0, 0, 181.0, +1.810014E+02, +5.744834E-08
1681431832.9544265, 0, -0.002377657, 1.147635e-05, 0.002392282, 180.0752, 0, 0, 0, 180.0, +1.800001E+02, +5.630290E-08
1681431837.6432235, 0, -0.00239228, 1.147635e-05, 0.002392423, 179.3712, 0, 0, 0, 179.0, +1.789987E+02, +5.549050E-08
1681431842.3423371, 0, -0.00239228, -3.140275e-06, 0.002392282, 180.0752, 0, 0, 0, 178.0, +1.779972E+02, +5.563863E-08
1681431847.0533178, 0, -0.002377657, -3.140275e-06, 0.002377685, 179.7234, 0, 0, 0, 177.0, +1.769991E+02, +5.424776E-08
1681431851.7670789, 0, -0.002377657, -3.140275e-06, 0.002377659, 179.7234, 0, 0, 0, 176.0, +1.759977E+02, +5.365646E-08
1681431856.4867477, 0, -0.00239228, -3.140275e-06, 0.002392308, 179.7251, 0, 0, 0, 175.0, +1.749964E+02, +5.314612E-08
1681431861.2018774, 0, -0.002377657, -3.140275e-06, 0.002377685, 179.7234, 0, 0, 0, 174.0, +1.739958E+02, +5.315488E-08
1681431865.9085898, 0, -0.002377657, 1.147635e-05, 0.002377659, 179.7234, 0, 0, 0, 173.0, +1.729958E+02, +5.271274E-08
1681431870.6083462, 0, -0.002377657, 1.147635e-05, 0.002377685, 180.0762, 0, 0, 0, 172.0, +1.719963E+02, +5.164444E-08
1681431875.2999446, 0, -0.002377657, -1.77569e-05, 0.002348439, 180.0766, 0, 0, 0, 171.0, +1.709998E+02, +5.153737E-08
1681431880.032757, 0, -0.002377657, -3.140275e-06, 0.002377659, 180.0757, 0, 0, 0, 170.0, +1.700002E+02, +5.073938E-08
