t,i,x,y,r,theta,xK,tc,therm,dc,trueGateDC,trueGateI
1708972869.7328982, 0, -1.386241e-06, 2.766311e-08, 1.386886e-06, 178.8568, 0, 0, 0, 0.0, +6.898504E-05, -1.528524E-09
1708972874.4080973, 0, -1.386241e-06, 3.497142e-08, 1.408448e-06, 179.1718, 0, 0, 0, 0.5, +5.000523E-01, +2.392360E-10
1708972879.0838885, 0, -1.415488e-06, 3.497142e-08, 1.41592e-06, 178.5847, 0, 0, 0, 1.0, +1.000047E+00, +8.738214E-10
1708972883.749635, 0, -1.393553e-06, 4.958804e-08, 1.401742e-06, 178.253, 0, 0, 0, 1.5, +1.500022E+00, +1.455252E-09
1708972888.4230952, 0, -1.393553e-06, 4.958804e-08, 1.387128e-06, 177.9513, 0, 0, 0, 2.0, +2.000027E+00, +2.062377E-09
1708972893.1017787, 0, -1.386241e-06, 3.497142e-08, 1.386886e-06, 178.5549, 0, 0, 0, 2.5, +2.500484E+00, +2.693838E-09
1708972897.7907183, 0, -1.393553e-06, 3.497142e-08, 1.393827e-06, 178.8628, 0, 0, 0, 3.0, +3.000471E+00, +3.369307E-09
1708972902.457325, 0, -1.400864e-06, 2.766311e-08, 1.393702e-06, 179.1631, 0, 0, 0, 3.5, +3.500541E+00, +4.090382E-09
1708972907.129718, 0, -1.400864e-06, 4.227973e-08, 1.401138e-06, 178.8687, 0, 0, 0, 4.0, +4.000577E+00, +4.846811E-09
1708972911.8050334, 0, -1.37893e-06, 3.497142e-08, 1.386682e-06, 178.253, 0, 0, 0, 4.5, +4.500496E+00, +5.640298E-09
1708972916.4809604, 0, -1.386241e-06, 4.227973e-08, 1.371769e-06, 178.5549, 0, 0, 0, 5.0, +5.000583E+00, +6.469839E-09
1708972921.1408658, 0, -1.386241e-06, 3.497142e-08, 1.386517e-06, 177.5861, 0, 0, 0, 5.5, +5.500569E+00, +7.325133E-09
1708972925.825764, 0, -1.33506e-06, 2.03548e-08, 1.320727e-06, 179.4307, 0, 0, 0, 6.0, +6.000603E+00, +8.197814E-09
1708972930.5212078, 0, -1.342372e-06, 2.766311e-08, 1.357148e-06, 178.5395, 0, 0, 0, 6.5, +6.500631E+00, +9.127479E-09
1708972935.187257, 0, -1.422799e-06, 2.766311e-08, 1.41592e-06, 178.2891, 0, 0, 0, 7.0, +7.000534E+00, +1.005528E-08
1708972939.8597636, 0, -1.422799e-06, 2.03548e-08, 1.423068e-06, 178.8861, 0, 0, 0, 7.5, +7.500210E+00, +1.098866E-08
1708972944.5357335, 0, -1.33506e-06, 2.766311e-08, 1.335347e-06, 178.8194, 0, 0, 0, 8.0, +8.000289E+00, +1.193456E-08
1708972949.1979847, 0, -1.342372e-06, 3.497142e-08, 1.342657e-06, 178.5076, 0, 0, 0, 8.5, +8.500327E+00, +1.289409E-08
1708972953.8905842, 0, -1.422799e-06, 2.766311e-08, 1.452309e-06, 178.3322, 0, 0, 0, 9.0, +9.000312E+00, +1.385739E-08
1708972958.5659697, 0, -1.37893e-06, 2.03548e-08, 1.37908e-06, 179.4579, 0, 0, 0, 9.5, +9.500343E+00, +1.483814E-08
1708972963.2424088, 0, -1.386241e-06, 2.03548e-08, 1.386391e-06, 179.1587, 0, 0, 0, 10.0, +1.000036E+01, +1.584383E-08
1708972967.89782, 0, -1.364307e-06, 2.766311e-08, 1.357277e-06, 178.5316, 0, 0, 0, 10.5, +1.050042E+01, +1.683438E-08
1708972972.5766313, 0, -1.349683e-06, 2.766311e-08, 1.357277e-06, 178.8321, 0, 0, 0, 11.0, +1.100037E+01, +1.782959E-08
1708972977.2534165, 0, -1.371618e-06, 2.03548e-08, 1.364587e-06, 178.8384, 0, 0, 0, 11.5, +1.150034E+01, +1.883287E-08
1708972981.938668, 0, -1.364307e-06, 2.03548e-08, 1.37908e-06, 179.1498, 0, 0, 0, 12.0, +1.200046E+01, +1.982476E-08
1708972986.6307123, 0, -1.371618e-06, 2.03548e-08, 1.379207e-06, 179.1543, 0, 0, 0, 12.5, +1.250042E+01, +2.082305E-08
1708972991.306917, 0, -1.37893e-06, 2.766311e-08, 1.386391e-06, 179.1631, 0, 0, 0, 13.0, +1.300016E+01, +2.183927E-08
1708972995.9827373, 0, -1.386241e-06, 2.766311e-08, 1.386517e-06, 179.1587, 0, 0, 0, 13.5, +1.350012E+01, +2.285217E-08
1708973000.6644, 0, -1.393553e-06, 1.304649e-08, 1.386391e-06, 178.8568, 0, 0, 0, 14.0, +1.400005E+01, +2.387407E-08
1708973005.337452, 0, -1.386241e-06, 1.304649e-08, 1.401301e-06, 178.8687, 0, 0, 0, 14.5, +1.450020E+01, +2.487291E-08
1708973010.0432315, 0, -1.408176e-06, 2.03548e-08, 1.372064e-06, 179.1587, 0, 0, 0, 15.0, +1.500022E+01, +2.587252E-08
1708973014.6989741, 0, -1.415488e-06, 1.304649e-08, 1.415548e-06, 178.8861, 0, 0, 0, 15.5, +1.550015E+01, +2.693118E-08
1708973019.3511794, 0, -1.422799e-06, 2.766311e-08, 1.408323e-06, 179.4636, 0, 0, 0, 16.0, +1.600025E+01, +2.793021E-08
1708973024.0366495, 0, -1.400864e-06, 3.497142e-08, 1.393827e-06, 178.8687, 0, 0, 0, 16.5, +1.650030E+01, +2.895085E-08
1708973028.7493956, 0, -1.393553e-06, 2.03548e-08, 1.393992e-06, 178.5699, 0, 0, 0, 17.0, +1.700028E+01, +2.995022E-08
1708973033.4454143, 0, -1.400864e-06, 3.497142e-08, 1.415758e-06, 178.8804, 0, 0, 0, 17.5, +1.750037E+01, +3.091566E-08
1708973038.1174483, 0, -1.437422e-06, 2.03548e-08, 1.481432e-06, 179.4978, 0, 0, 0, 18.0, +1.800032E+01, +3.195645E-08
1708973042.8036582, 0, -1.481292e-06, 1.304649e-08, 1.496054e-06, 179.2166, 0, 0, 0, 18.5, +1.850008E+01, +3.293676E-08
1708973047.479452, 0, -1.51785e-06, 2.766311e-08, 1.503364e-06, 179.5027, 0, 0, 0, 19.0, +1.900015E+01, +3.391477E-08
1708973052.1616006, 0, -1.481292e-06, 1.304649e-08, 1.503364e-06, 179.5003, 0, 0, 0, 19.5, +1.950014E+01, +3.491080E-08
1708973056.8702352, 0, -1.415488e-06, 2.03548e-08, 1.422859e-06, 179.4826, 0, 0, 0, 20.0, +2.000010E+01, +3.591243E-08
1708973061.5799909, 0, -1.495915e-06, 2.03548e-08, 1.495972e-06, 179.2204, 0, 0, 0, 20.5, +2.050014E+01, +3.690296E-08
1708973066.235541, 0, -1.510538e-06, 2.766311e-08, 1.481432e-06, 179.2049, 0, 0, 0, 21.0, +2.100022E+01, +3.795845E-08
1708973070.9074974, 0, -1.481292e-06, 2.03548e-08, 1.488743e-06, 179.2242, 0, 0, 0, 21.5, +2.150526E+01, +3.905895E-08
1708973075.6039953, 0, -1.51785e-06, 1.304649e-08, 1.496054e-06, 179.2088, 0, 0, 0, 22.0, +2.200694E+01, +3.997702E-08
1708973080.269294, 0, -1.481292e-06, 2.03548e-08, 1.495972e-06, 178.9354, 0, 0, 0, 22.5, +2.250400E+01, +4.091407E-08
1708973084.942099, 0, -1.459357e-06, 2.766311e-08, 1.459619e-06, 178.914, 0, 0, 0, 23.0, +2.300507E+01, +4.193338E-08
1708973089.6446018, 0, -1.444734e-06, 2.766311e-08, 1.459776e-06, 178.9406, 0, 0, 0, 23.5, +2.350586E+01, +4.301057E-08
1708973094.3402495, 0, -1.525161e-06, 1.304649e-08, 1.532608e-06, 178.9707, 0, 0, 0, 24.0, +2.400355E+01, +4.395261E-08
1708973099.004827, 0, -1.532473e-06, 3.497142e-08, 1.532723e-06, 179.2426, 0, 0, 0, 24.5, +2.450458E+01, +4.492956E-08
1708973103.6572964, 0, -1.532473e-06, 1.304649e-08, 1.54723e-06, 178.9707, 0, 0, 0, 25.0, +2.500529E+01, +4.594397E-08
1708973108.343082, 0, -1.525161e-06, 5.738173e-09, 1.532723e-06, 179.2354, 0, 0, 0, 25.5, +2.550704E+01, +4.696782E-08
1708973112.9953833, 0, -1.539785e-06, 2.03548e-08, 1.547151e-06, 178.9756, 0, 0, 0, 26.0, +2.600413E+01, +4.796109E-08
1708973115.2549126, 0, -1.532473e-06, 2.03548e-08, 1.54723e-06, 179.2426, 0, 0, 0, 26.5, +2.650494E+01, +4.898633E-08
1708973119.9207187, 0, -1.525161e-06, 2.03548e-08, 1.525412e-06, 178.9609, 0, 0, 0, 27.0, +2.700556E+01, +4.997739E-08
1708973124.5865276, 0, -1.525161e-06, 1.304649e-08, 1.517986e-06, 178.9609, 0, 0, 0, 27.5, +2.750297E+01, +5.095953E-08
1708973129.2623272, 0, -1.51785e-06, 2.03548e-08, 1.510675e-06, 178.9508, 0, 0, 0, 28.0, +2.800435E+01, +5.199199E-08
1708973133.9212875, 0, -1.510538e-06, 1.304649e-08, 1.517986e-06, 178.6801, 0, 0, 0, 28.5, +2.850488E+01, +5.300984E-08
1708973138.5970812, 0, -1.51785e-06, 1.304649e-08, 1.517986e-06, 179.2242, 0, 0, 0, 29.0, +2.900309E+01, +5.404222E-08
1708973143.2728605, 0, -1.510538e-06, 2.766311e-08, 1.503481e-06, 179.2242, 0, 0, 0, 29.5, +2.950401E+01, +5.510027E-08
1708973147.9253566, 0, -1.510538e-06, 5.738173e-09, 1.510595e-06, 179.2242, 0, 0, 0, 30.0, +3.000457E+01, +5.611091E-08
1708973152.6011765, 0, -1.51785e-06, 2.766311e-08, 1.525217e-06, 179.2354, 0, 0, 0, 30.5, +3.050599E+01, +5.708153E-08
1708973157.2742834, 0, -1.525161e-06, 2.03548e-08, 1.533056e-06, 178.9658, 0, 0, 0, 31.0, +3.100320E+01, +5.805823E-08
1708973161.946017, 0, -1.525161e-06, 1.304649e-08, 1.525217e-06, 179.5122, 0, 0, 0, 31.5, +3.150476E+01, +5.909340E-08
1708973166.641705, 0, -1.532473e-06, 1.304649e-08, 1.53984e-06, 179.2426, 0, 0, 0, 32.0, +3.200537E+01, +6.006793E-08
1708973171.2974975, 0, -1.554408e-06, 2.03548e-08, 1.554541e-06, 179.5191, 0, 0, 0, 32.5, +3.250275E+01, +6.105266E-08
1708973175.9833086, 0, -1.554408e-06, 2.03548e-08, 1.54723e-06, 179.2426, 0, 0, 0, 33.0, +3.300431E+01, +6.211116E-08
1708973180.6357737, 0, -1.554408e-06, 1.304649e-08, 1.547151e-06, 179.7885, 0, 0, 0, 33.5, +3.350495E+01, +6.308434E-08
1708973185.2981353, 0, -1.547096e-06, 2.766311e-08, 1.539919e-06, 178.9756, 0, 0, 0, 34.0, +3.400325E+01, +6.406039E-08
1708973189.960547, 0, -1.547096e-06, 1.304649e-08, 1.554462e-06, 179.2462, 0, 0, 0, 34.5, +3.450342E+01, +6.501318E-08
1708973194.6071277, 0, -1.539785e-06, 1.304649e-08, 1.532484e-06, 179.2426, 0, 0, 0, 35.0, +3.500506E+01, +6.598331E-08
1708973199.2830534, 0, -1.539785e-06, 5.738173e-09, 1.525217e-06, 179.5122, 0, 0, 0, 35.5, +3.550548E+01, +6.694922E-08
1708973203.958437, 0, -1.539785e-06, 1.304649e-08, 1.539919e-06, 179.2462, 0, 0, 0, 36.0, +3.600337E+01, +6.791733E-08
1708973208.6382124, 0, -1.561719e-06, 2.03548e-08, 1.583785e-06, 178.9899, 0, 0, 0, 36.5, +3.650450E+01, +6.885183E-08
1708973213.3341172, 0, -1.561719e-06, 1.304649e-08, 1.554462e-06, 179.2497, 0, 0, 0, 37.0, +3.700560E+01, +6.984823E-08
1708973218.0086184, 0, -1.547096e-06, 5.738173e-09, 1.561774e-06, 178.9804, 0, 0, 0, 37.5, +3.750324E+01, +7.079387E-08
1708973222.6852124, 0, -1.561719e-06, 5.738173e-09, 1.554462e-06, 180.0579, 0, 0, 0, 38.0, +3.800373E+01, +7.173507E-08
1708973227.3474605, 0, -1.561719e-06, 1.304649e-08, 1.561852e-06, 179.2533, 0, 0, 0, 38.5, +3.850512E+01, +7.272465E-08
1708973232.0126793, 0, -1.547096e-06, 1.304649e-08, 1.554541e-06, 179.5191, 0, 0, 0, 39.0, +3.900268E+01, +7.366345E-08
1708973236.706037, 0, -1.561719e-06, 5.738173e-09, 1.554418e-06, 180.0579, 0, 0, 0, 39.5, +3.950355E+01, +7.459347E-08
1708973241.3782916, 0, -1.554408e-06, 1.304649e-08, 1.53984e-06, 179.5122, 0, 0, 0, 40.0, +4.000467E+01, +7.555867E-08
1708973246.0440054, 0, -1.525161e-06, 2.03548e-08, 1.525217e-06, 179.5099, 0, 0, 0, 40.0, +4.000487E+01, +7.516967E-08
1708973250.7195594, 0, -1.525161e-06, 1.304649e-08, 1.525297e-06, 179.239, 0, 0, 0, 39.5, +3.950351E+01, +7.353386E-08
1708973255.3758411, 0, -1.532473e-06, 2.03548e-08, 1.532608e-06, 179.5145, 0, 0, 0, 39.0, +3.900273E+01, +7.194016E-08
1708973260.0543458, 0, -1.532473e-06, 1.304649e-08, 1.532484e-06, 179.5122, 0, 0, 0, 38.5, +3.850514E+01, +7.037256E-08
1708973264.730465, 0, -1.583654e-06, 5.738173e-09, 1.591019e-06, 179.7933, 0, 0, 0, 38.0, +3.800389E+01, +6.878777E-08
1708973269.4225848, 0, -1.547096e-06, 5.738173e-09, 1.56173e-06, 179.7895, 0, 0, 0, 37.5, +3.750300E+01, +6.724139E-08
1708973274.0983975, 0, -1.583654e-06, 1.304649e-08, 1.576474e-06, 179.5258, 0, 0, 0, 37.0, +3.700512E+01, +6.574420E-08
1708973278.7744598, 0, -1.539785e-06, 1.304649e-08, 1.554541e-06, 179.5258, 0, 0, 0, 36.5, +3.650442E+01, +6.425019E-08
1708973283.4500306, 0, -1.547096e-06, 1.304649e-08, 1.525412e-06, 179.2354, 0, 0, 0, 36.0, +3.600330E+01, +6.275963E-08
1708973288.1196065, 0, -1.539785e-06, 1.304649e-08, 1.547343e-06, 179.5122, 0, 0, 0, 35.5, +3.550518E+01, +6.132960E-08
1708973292.8054223, 0, -1.554408e-06, 1.304649e-08, 1.569163e-06, 179.7905, 0, 0, 0, 35.0, +3.500464E+01, +5.987448E-08
1708973297.4707146, 0, -1.576342e-06, 1.304649e-08, 1.569163e-06, 179.2602, 0, 0, 0, 34.5, +3.450330E+01, +5.846189E-08
1708973302.1264768, 0, -1.561719e-06, 1.304649e-08, 1.561774e-06, 179.5213, 0, 0, 0, 34.0, +3.400287E+01, +5.704671E-08
1708973306.8023264, 0, -1.561719e-06, 5.738173e-09, 1.576396e-06, 179.7914, 0, 0, 0, 33.5, +3.350455E+01, +5.569515E-08
1708973311.504607, 0, -1.569031e-06, 5.738173e-09, 1.569041e-06, 179.5236, 0, 0, 0, 33.0, +3.300396E+01, +5.436695E-08
1708973316.1875505, 0, -1.569031e-06, 5.738173e-09, 1.576396e-06, 179.7905, 0, 0, 0, 32.5, +3.250238E+01, +5.306222E-08
1708973320.8733969, 0, -1.547096e-06, -1.570137e-09, 1.554418e-06, 179.7895, 0, 0, 0, 32.0, +3.200466E+01, +5.172171E-08
1708973325.5559065, 0, -1.554408e-06, -8.878449e-09, 1.56173e-06, 179.7885, 0, 0, 0, 31.5, +3.150407E+01, +5.038333E-08
1708973330.2109597, 0, -1.569031e-06, 5.738173e-09, 1.56172e-06, 179.5191, 0, 0, 0, 31.0, +3.100276E+01, +4.907966E-08
1708973334.9067612, 0, -1.561719e-06, -8.878449e-09, 1.56172e-06, 179.7885, 0, 0, 0, 30.5, +3.050571E+01, +4.787920E-08
1708973339.5759726, 0, -1.561719e-06, -1.570137e-09, 1.56173e-06, 179.5236, 0, 0, 0, 30.0, +3.000382E+01, +4.661777E-08
1708973344.2518516, 0, -1.576342e-06, 5.738173e-09, 1.56173e-06, 179.5213, 0, 0, 0, 29.5, +2.950332E+01, +4.539780E-08
1708973348.9170904, 0, -1.547096e-06, 5.738173e-09, 1.539785e-06, 179.7875, 0, 0, 0, 29.0, +2.900282E+01, +4.417965E-08
1708973353.5599825, 0, -1.532473e-06, -1.570137e-09, 1.532499e-06, 180.3335, 0, 0, 0, 28.5, +2.850334E+01, +4.297535E-08
1708973358.2158022, 0, -1.525161e-06, -8.878449e-09, 1.525162e-06, 180.059, 0, 0, 0, 28.0, +2.800349E+01, +4.180659E-08
1708973362.9206965, 0, -1.525161e-06, 5.738173e-09, 1.532474e-06, 180.059, 0, 0, 0, 27.5, +2.750196E+01, +4.066932E-08
1708973367.6003256, 0, -1.525161e-06, 1.304649e-08, 1.517861e-06, 179.7834, 0, 0, 0, 27.0, +2.700468E+01, +3.950282E-08
1708973372.27646, 0, -1.539785e-06, 5.738173e-09, 1.532484e-06, 179.239, 0, 0, 0, 26.5, +2.650398E+01, +3.835136E-08
1708973376.9626443, 0, -1.510538e-06, -1.618676e-08, 1.517906e-06, 179.5099, 0, 0, 0, 26.0, +2.600335E+01, +3.726699E-08
1708973381.6277933, 0, -1.510538e-06, -1.570137e-09, 1.517876e-06, 179.7834, 0, 0, 0, 25.5, +2.550606E+01, +3.620434E-08
1708973386.3136358, 0, -1.532473e-06, -1.570137e-09, 1.532653e-06, 180.3304, 0, 0, 0, 25.0, +2.500453E+01, +3.512297E-08
1708973391.005424, 0, -1.532473e-06, -8.878449e-09, 1.517851e-06, 180.0593, 0, 0, 0, 24.5, +2.450383E+01, +3.407765E-08
1708973395.688241, 0, -1.525161e-06, 5.738173e-09, 1.517851e-06, 179.7834, 0, 0, 0, 24.0, +2.400256E+01, +3.304252E-08
1708973400.3539503, 0, -1.532473e-06, -1.570137e-09, 1.532558e-06, 180.3352, 0, 0, 0, 23.5, +2.350479E+01, +3.199545E-08
1708973405.03724, 0, -1.503227e-06, 5.738173e-09, 1.53984e-06, 180.0584, 0, 0, 0, 23.0, +2.300391E+01, +3.097920E-08
1708973409.7230237, 0, -1.525161e-06, -1.570137e-09, 1.517861e-06, 180.0593, 0, 0, 0, 22.5, +2.250285E+01, +2.999504E-08
1708973414.3983414, 0, -1.525161e-06, -1.570137e-09, 1.525172e-06, 180.059, 0, 0, 0, 22.0, +2.200583E+01, +2.901951E-08
1708973419.0899389, 0, -1.51785e-06, -1.570137e-09, 1.517861e-06, 180.059, 0, 0, 0, 21.5, +2.150394E+01, +2.806302E-08
1708973423.7635658, 0, -1.51785e-06, -1.570137e-09, 1.517851e-06, 180.3335, 0, 0, 0, 21.0, +2.100007E+01, +2.721874E-08
1708973428.4087856, 0, -1.495915e-06, 5.738173e-09, 1.496054e-06, 179.7802, 0, 0, 0, 20.5, +2.049999E+01, +2.616949E-08
1708973433.1017382, 0, -1.503227e-06, -1.570137e-09, 1.48863e-06, 180.3384, 0, 0, 0, 20.0, +1.999997E+01, +2.524494E-08
1708973437.7772563, 0, -1.51785e-06, 5.738173e-09, 1.510549e-06, 179.7802, 0, 0, 0, 19.5, +1.950001E+01, +2.434526E-08
1708973442.473075, 0, -1.495915e-06, -1.570137e-09, 1.510595e-06, 180.0596, 0, 0, 0, 19.0, +1.900001E+01, +2.344988E-08
1708973447.1778681, 0, -1.510538e-06, 5.738173e-09, 1.510539e-06, 180.3384, 0, 0, 0, 18.5, +1.849991E+01, +2.257310E-08
1708973451.8367734, 0, -1.510538e-06, -1.570137e-09, 1.503228e-06, 180.0596, 0, 0, 0, 18.0, +1.800015E+01, +2.170855E-08
1708973456.4739912, 0, -1.51785e-06, -1.570137e-09, 1.510539e-06, 180.0593, 0, 0, 0, 17.5, +1.750020E+01, +2.084791E-08
1708973461.1696873, 0, -1.488604e-06, -1.570137e-09, 1.495926e-06, 179.7802, 0, 0, 0, 17.0, +1.700012E+01, +1.999753E-08
1708973465.8451467, 0, -1.488604e-06, -1.570137e-09, 1.495916e-06, 180.0602, 0, 0, 0, 16.5, +1.650010E+01, +1.917495E-08
1708973470.5165846, 0, -1.47398e-06, 5.738173e-09, 1.48863e-06, 180.3417, 0, 0, 0, 16.0, +1.600005E+01, +1.837669E-08
1708973475.2196047, 0, -1.47398e-06, -1.570137e-09, 1.46667e-06, 180.0611, 0, 0, 0, 15.5, +1.550001E+01, +1.754096E-08
1708973479.885941, 0, -1.47398e-06, -1.570137e-09, 1.46668e-06, 179.4903, 0, 0, 0, 15.0, +1.500005E+01, +1.674609E-08
1708973484.5582728, 0, -1.47398e-06, -1.570137e-09, 1.481293e-06, 180.0607, 0, 0, 0, 14.5, +1.450007E+01, +1.597532E-08
1708973489.2336342, 0, -1.459357e-06, -1.570137e-09, 1.46668e-06, 180.0607, 0, 0, 0, 14.0, +1.399992E+01, +1.521846E-08
1708973493.9300375, 0, -1.47398e-06, 5.738173e-09, 1.474007e-06, 180.0614, 0, 0, 0, 13.5, +1.349992E+01, +1.447781E-08
1708973498.615194, 0, -1.452046e-06, -1.570137e-09, 1.452057e-06, 180.0617, 0, 0, 0, 13.0, +1.299996E+01, +1.373043E-08
1708973503.3244572, 0, -1.459357e-06, -8.878449e-09, 1.444761e-06, 180.0626, 0, 0, 0, 12.5, +1.250027E+01, +1.301442E-08
1708973508.0107746, 0, -1.452046e-06, -1.570137e-09, 1.466758e-06, 180.3486, 0, 0, 0, 12.0, +1.200029E+01, +1.229625E-08
1708973512.6763754, 0, -1.466669e-06, -1.570137e-09, 1.46667e-06, 180.3468, 0, 0, 0, 11.5, +1.150015E+01, +1.158028E-08
1708973517.3289077, 0, -1.459357e-06, -1.570137e-09, 1.459384e-06, 179.4878, 0, 0, 0, 11.0, +1.100019E+01, +1.091672E-08
1708973522.004353, 0, -1.459357e-06, -1.570137e-09, 1.452046e-06, 179.7724, 0, 0, 0, 10.5, +1.050021E+01, +1.022742E-08
1708973526.6797626, 0, -1.452046e-06, -1.570137e-09, 1.452104e-06, 180.062, 0, 0, 0, 10.0, +1.000016E+01, +9.555812E-09
1708973531.3330426, 0, -1.452046e-06, -8.878449e-09, 1.430138e-06, 180.3539, 0, 0, 0, 9.5, +9.500146E+00, +8.912758E-09
1708973535.9848194, 0, -1.452046e-06, 5.738173e-09, 1.444735e-06, 179.7724, 0, 0, 0, 9.0, +9.000110E+00, +8.286662E-09
1708973540.6512825, 0, -1.430111e-06, -1.570137e-09, 1.437423e-06, 179.7736, 0, 0, 0, 8.5, +8.500106E+00, +7.665682E-09
1708973545.3368175, 0, -1.452046e-06, -1.570137e-09, 1.452046e-06, 179.7736, 0, 0, 0, 8.0, +8.000078E+00, +7.052911E-09
1708973550.0221272, 0, -1.430111e-06, -1.570137e-09, 1.43745e-06, 180.6452, 0, 0, 0, 7.5, +7.500006E+00, +6.459703E-09
1708973554.6912653, 0, -1.444734e-06, -1.570137e-09, 1.437423e-06, 180.0626, 0, 0, 0, 7.0, +7.000332E+00, +5.881480E-09
1708973559.3573313, 0, -1.422799e-06, -1.570137e-09, 1.437423e-06, 179.7713, 0, 0, 0, 6.5, +6.500388E+00, +5.325625E-09
1708973564.052876, 0, -1.430111e-06, -1.570137e-09, 1.43745e-06, 180.3557, 0, 0, 0, 6.0, +6.000373E+00, +4.772290E-09
1708973568.725231, 0, -1.422799e-06, -1.570137e-09, 1.444761e-06, 179.7701, 0, 0, 0, 5.5, +5.500308E+00, +4.234641E-09
1708973573.3810546, 0, -1.430111e-06, -1.618676e-08, 1.437514e-06, 180.3521, 0, 0, 0, 5.0, +5.000319E+00, +3.726464E-09
1708973578.0539684, 0, -1.430111e-06, -8.878449e-09, 1.430138e-06, 180.3575, 0, 0, 0, 4.5, +4.500257E+00, +3.215174E-09
1708973582.725748, 0, -1.393553e-06, -1.618676e-08, 1.415515e-06, 180.0639, 0, 0, 0, 4.0, +4.000296E+00, +2.726855E-09
1708973587.4017234, 0, -1.415488e-06, -1.570137e-09, 1.408204e-06, 180.0642, 0, 0, 0, 3.5, +3.500262E+00, +2.259709E-09
1708973592.0579495, 0, -1.408176e-06, -1.570137e-09, 1.400893e-06, 180.0642, 0, 0, 0, 3.0, +3.000193E+00, +1.791305E-09
1708973596.7196884, 0, -1.408176e-06, -8.878449e-09, 1.400893e-06, 180.0639, 0, 0, 0, 2.5, +2.500200E+00, +1.308322E-09
1708973601.4148452, 0, -1.400864e-06, -1.570137e-09, 1.400865e-06, 180.3631, 0, 0, 0, 2.0, +1.999993E+00, +8.482156E-10
1708973606.1077497, 0, -1.415488e-06, -1.618676e-08, 1.408177e-06, 180.3651, 0, 0, 0, 1.5, +1.499988E+00, +3.399379E-10
1708973610.7942839, 0, -1.400864e-06, -1.570137e-09, 1.400865e-06, 180.3651, 0, 0, 0, 1.0, +1.000015E+00, -2.252921E-10
1708973615.456054, 0, -1.408176e-06, -1.570137e-09, 1.400893e-06, 180.3631, 0, 0, 0, 0.5, +5.000224E-01, -9.073591E-10
1708973620.1320555, 0, -1.400864e-06, -8.878449e-09, 1.415515e-06, 180.3613, 0, 0, 0, 0.0, +4.209568E-05, -1.732258E-09
1708973624.787536, 0, -1.415488e-06, -1.570137e-09, 1.415488e-06, 180.3594, 0, 0, 0, 0.0, +4.078726E-05, -1.701881E-09
1708973629.4766824, 0, -1.415488e-06, -8.878449e-09, 1.408188e-06, 180.0636, 0, 0, 0, -0.5, -5.000792E-01, -2.759934E-09
1708973634.1327183, 0, -1.415488e-06, 5.738173e-09, 1.408188e-06, 180.3594, 0, 0, 0, -1.0, -1.000073E+00, -3.883669E-09
1708973638.8188682, 0, -1.408176e-06, -1.570137e-09, 1.400893e-06, 179.7665, 0, 0, 0, -1.5, -1.500052E+00, -5.116787E-09
1708973643.4743326, 0, -1.393553e-06, -1.570137e-09, 1.422827e-06, 180.0642, 0, 0, 0, -2.0, -2.000008E+00, -6.438069E-09
1708973648.1470869, 0, -1.400864e-06, -1.570137e-09, 1.400876e-06, 179.7653, 0, 0, 0, -2.5, -2.500331E+00, -7.830371E-09
1708973652.8364384, 0, -1.400864e-06, -8.878449e-09, 1.393554e-06, 180.3651, 0, 0, 0, -3.0, -3.000489E+00, -9.243229E-09
1708973657.5112703, 0, -1.386241e-06, -1.570137e-09, 1.386242e-06, 180.3689, 0, 0, 0, -3.5, -3.500692E+00, -1.070558E-08
1708973662.1771643, 0, -1.37893e-06, -1.570137e-09, 1.393702e-06, 180.6726, 0, 0, 0, -4.0, -4.000495E+00, -1.218680E-08
1708973666.8532667, 0, -1.371618e-06, -1.570137e-09, 1.378931e-06, 180.0653, 0, 0, 0, -4.5, -4.500551E+00, -1.369315E-08
1708973671.4886177, 0, -1.356995e-06, -1.570137e-09, 1.364308e-06, 180.0659, 0, 0, 0, -5.0, -5.000738E+00, -1.520428E-08
1708973676.174414, 0, -1.364307e-06, -8.878449e-09, 1.371619e-06, 179.759, 0, 0, 0, -5.5, -5.500493E+00, -1.671120E-08
1708973680.864057, 0, -1.37893e-06, 5.738173e-09, 1.364308e-06, 180.0667, 0, 0, 0, -6.0, -6.000643E+00, -1.821764E-08
1708973685.5393147, 0, -1.364307e-06, 5.738173e-09, 1.371619e-06, 180.3709, 0, 0, 0, -6.5, -6.500780E+00, -1.973332E-08
1708973690.2153187, 0, -1.349683e-06, 1.304649e-08, 1.357058e-06, 179.4491, 0, 0, 0, -7.0, -7.000472E+00, -2.121428E-08
1708973694.8977811, 0, -1.342372e-06, -1.618676e-08, 1.342401e-06, 180.6871, 0, 0, 0, -7.5, -7.500608E+00, -2.269921E-08
1708973699.553356, 0, -1.349683e-06, -1.618676e-08, 1.349696e-06, 180.3749, 0, 0, 0, -8.0, -8.000766E+00, -2.417107E-08
1708973704.2692547, 0, -1.356995e-06, -8.878449e-09, 1.349713e-06, 180.0663, 0, 0, 0, -8.5, -8.500594E+00, -2.563782E-08
1708973708.9479191, 0, -1.356995e-06, -1.618676e-08, 1.356996e-06, 180.6834, 0, 0, 0, -9.0, -9.000671E+00, -2.710224E-08
1708973713.6238923, 0, -1.342372e-06, -1.570137e-09, 1.349696e-06, 180.3749, 0, 0, 0, -9.5, -9.500787E+00, -2.855575E-08
1708973718.290292, 0, -1.364307e-06, -8.878449e-09, 1.356996e-06, 180.0667, 0, 0, 0, -10.0, -1.000055E+01, -2.999088E-08
1708973722.9723427, 0, -1.356995e-06, -8.878449e-09, 1.357024e-06, 180.6871, 0, 0, 0, -10.5, -1.050070E+01, -3.141845E-08
1708973727.6479943, 0, -1.364307e-06, -1.570137e-09, 1.356996e-06, 180.0659, 0, 0, 0, -11.0, -1.100078E+01, -3.284472E-08
1708973732.3003433, 0, -1.356995e-06, -8.878449e-09, 1.356996e-06, 179.7577, 0, 0, 0, -11.5, -1.150050E+01, -3.427111E-08
1708973736.9665825, 0, -1.349683e-06, -8.878449e-09, 1.349684e-06, 180.0667, 0, 0, 0, -12.0, -1.200069E+01, -3.568174E-08
1708973741.6483676, 0, -1.349683e-06, 5.738173e-09, 1.349684e-06, 180.3749, 0, 0, 0, -12.5, -1.250076E+01, -3.705443E-08
1708973746.3342843, 0, -1.349683e-06, -8.878449e-09, 1.335061e-06, 180.379, 0, 0, 0, -13.0, -1.300052E+01, -3.843719E-08
1708973751.0202346, 0, -1.349683e-06, -1.570137e-09, 1.342401e-06, 180.067, 0, 0, 0, -13.5, -1.350057E+01, -3.982144E-08
1708973755.7159946, 0, -1.364307e-06, -8.878449e-09, 1.364335e-06, 180.3769, 0, 0, 0, -14.0, -1.400068E+01, -4.118789E-08
1708973760.3750103, 0, -1.33506e-06, -1.570137e-09, 1.327778e-06, 180.6947, 0, 0, 0, -14.5, -1.450049E+01, -4.254427E-08
1708973765.0306537, 0, -1.342372e-06, 5.738173e-09, 1.342401e-06, 180.6909, 0, 0, 0, -15.0, -1.500056E+01, -4.390982E-08
1708973769.7066317, 0, -1.320437e-06, -1.618676e-08, 1.320467e-06, 180.3831, 0, 0, 0, -15.5, -1.550056E+01, -4.528334E-08
1708973774.382397, 0, -1.313125e-06, -1.618676e-08, 1.306025e-06, 180.0689, 0, 0, 0, -16.0, -1.600034E+01, -4.667188E-08
1708973779.04458, 0, -1.305814e-06, -1.570137e-09, 1.320467e-06, 180.7023, 0, 0, 0, -16.5, -1.650045E+01, -4.804490E-08
1708973783.7172933, 0, -1.313125e-06, -1.618676e-08, 1.313225e-06, 180.7023, 0, 0, 0, -17.0, -1.700059E+01, -4.941120E-08
1708973788.41269, 0, -1.313125e-06, -8.878449e-09, 1.327778e-06, 180.3853, 0, 0, 0, -17.5, -1.750034E+01, -5.076963E-08
1708973793.0855148, 0, -1.320437e-06, -8.878449e-09, 1.327778e-06, 180.3853, 0, 0, 0, -18.0, -1.800036E+01, -5.213627E-08
1708973797.7716618, 0, -1.342372e-06, -8.878449e-09, 1.335073e-06, 179.7577, 0, 0, 0, -18.5, -1.850050E+01, -5.351475E-08
1708973802.4374065, 0, -1.33506e-06, -1.618676e-08, 1.342401e-06, 180.3769, 0, 0, 0, -19.0, -1.900026E+01, -5.489240E-08
1708973807.1325057, 0, -1.33506e-06, -1.570137e-09, 1.33509e-06, 180.3831, 0, 0, 0, -19.5, -1.950029E+01, -5.625767E-08
1708973811.811252, 0, -1.33506e-06, -2.349507e-08, 1.313156e-06, 180.381, 0, 0, 0, -20.0, -2.000036E+01, -5.763611E-08
1708973816.4881303, 0, -1.327749e-06, -8.878449e-09, 1.335158e-06, 181.0082, 0, 0, 0, -20.5, -2.050012E+01, -5.902430E-08
1708973821.1630528, 0, -1.320437e-06, -8.878449e-09, 1.335158e-06, 180.0681, 0, 0, 0, -21.0, -2.100014E+01, -6.041167E-08
1708973825.836084, 0, -1.33506e-06, -8.878449e-09, 1.313138e-06, 180.3874, 0, 0, 0, -21.5, -2.150469E+01, -6.184388E-08
1708973830.5012755, 0, -1.298502e-06, 5.738173e-09, 1.305815e-06, 180.3896, 0, 0, 0, -22.0, -2.200648E+01, -6.312893E-08
1708973835.1972892, 0, -1.305814e-06, -1.570137e-09, 1.313126e-06, 179.7454, 0, 0, 0, -22.5, -2.250708E+01, -6.457298E-08
1708973839.8767254, 0, -1.291191e-06, -8.878449e-09, 1.298715e-06, 180.3853, 0, 0, 0, -23.0, -2.300481E+01, -6.595329E-08
1708973844.5519836, 0, -1.305814e-06, -8.878449e-09, 1.305844e-06, 180.0678, 0, 0, 0, -23.5, -2.350610E+01, -6.731114E-08
1708973849.1979957, 0, -1.33506e-06, -8.878449e-09, 1.33509e-06, 180.3831, 0, 0, 0, -24.0, -2.400719E+01, -6.864693E-08
1708973853.8642328, 0, -1.320437e-06, -8.878449e-09, 1.320438e-06, 181.0194, 0, 0, 0, -24.5, -2.450522E+01, -7.004502E-08
1708973858.5363002, 0, -1.298502e-06, -1.570137e-09, 1.320467e-06, 180.3874, 0, 0, 0, -25.0, -2.500566E+01, -7.145844E-08
1708973863.218524, 0, -1.276568e-06, 5.738173e-09, 1.269257e-06, 180.4008, 0, 0, 0, -25.5, -2.550766E+01, -7.285185E-08
1708973867.884019, 0, -1.276568e-06, -8.878449e-09, 1.28391e-06, 180.3985, 0, 0, 0, -26.0, -2.600502E+01, -7.424248E-08
1708973872.567207, 0, -1.24001e-06, -1.618676e-08, 1.232699e-06, 180.7479, 0, 0, 0, -26.5, -2.650588E+01, -7.560120E-08
1708973877.2524426, 0, -1.225387e-06, -1.618676e-08, 1.240011e-06, 180.7523, 0, 0, 0, -27.0, -2.700651E+01, -7.698234E-08
1708973881.9389098, 0, -1.232698e-06, -1.570137e-09, 1.218076e-06, 180.4176, 0, 0, 0, -27.5, -2.750385E+01, -7.831962E-08
1708973886.63401, 0, -1.232698e-06, 5.738173e-09, 1.2254e-06, 179.7317, 0, 0, 0, -28.0, -2.800582E+01, -7.969302E-08
1708973891.30294, 0, -1.24001e-06, -1.570137e-09, 1.254634e-06, 180.4031, 0, 0, 0, -28.5, -2.850644E+01, -8.114621E-08
1708973895.9892898, 0, -1.276568e-06, -8.878449e-09, 1.276568e-06, 180.4008, 0, 0, 0, -29.0, -2.900520E+01, -8.246940E-08
1708973900.6617625, 0, -1.291191e-06, -1.570137e-09, 1.291292e-06, 180.3962, 0, 0, 0, -29.5, -2.950594E+01, -8.393933E-08
1708973905.3369677, 0, -1.254633e-06, -8.878449e-09, 1.261945e-06, 180.7265, 0, 0, 0, -30.0, -3.000677E+01, -8.533608E-08
1708973910.0028045, 0, -1.254633e-06, -8.878449e-09, 1.269287e-06, 180.7265, 0, 0, 0, -30.5, -3.050518E+01, -8.678712E-08
1708973914.6787775, 0, -1.269256e-06, 5.738173e-09, 1.261957e-06, 180.4055, 0, 0, 0, -31.0, -3.100566E+01, -8.818999E-08
1708973919.3778956, 0, -1.24001e-06, -1.570137e-09, 1.240041e-06, 180.4079, 0, 0, 0, -31.5, -3.150720E+01, -8.966501E-08
1708973924.0439167, 0, -1.247321e-06, -1.570137e-09, 1.254664e-06, 180.7435, 0, 0, 0, -32.0, -3.200434E+01, -9.104453E-08
1708973928.7191515, 0, -1.276568e-06, -1.570137e-09, 1.261945e-06, 180.7307, 0, 0, 0, -32.5, -3.250546E+01, -9.249258E-08
1708973933.3851228, 0, -1.276568e-06, -8.878449e-09, 1.276598e-06, 180.3985, 0, 0, 0, -33.0, -3.300709E+01, -9.388577E-08
1708973938.027418, 0, -1.283879e-06, 1.304649e-08, 1.276598e-06, 180.0709, 0, 0, 0, -33.5, -3.350789E+01, -9.533093E-08
1708973942.710048, 0, -1.247321e-06, -8.878449e-09, 1.261976e-06, 180.4055, 0, 0, 0, -34.0, -3.400620E+01, -9.672448E-08
1708973947.392094, 0, -1.276568e-06, -1.618676e-08, 1.261945e-06, 180.3962, 0, 0, 0, -34.5, -3.450702E+01, -9.823182E-08
1708973952.0578105, 0, -1.269256e-06, -1.618676e-08, 1.27667e-06, 180.7349, 0, 0, 0, -35.0, -3.500857E+01, -9.963187E-08
1708973956.7243507, 0, -1.269256e-06, -8.878449e-09, 1.269287e-06, 180.3985, 0, 0, 0, -35.5, -3.550587E+01, -1.011115E-07
1708973961.4001703, 0, -1.276568e-06, -1.570137e-09, 1.269287e-06, 180.0713, 0, 0, 0, -36.0, -3.600736E+01, -1.025159E-07
1708973966.085511, 0, -1.247321e-06, -1.618676e-08, 1.254634e-06, 180.4079, 0, 0, 0, -36.5, -3.650884E+01, -1.039923E-07
1708973970.7744558, 0, -1.254633e-06, -8.878449e-09, 1.254634e-06, 180.0726, 0, 0, 0, -37.0, -3.700614E+01, -1.054394E-07
1708973975.4407196, 0, -1.232698e-06, -8.878449e-09, 1.240041e-06, 180.0734, 0, 0, 0, -37.5, -3.750752E+01, -1.069280E-07
1708973980.1162753, 0, -1.203452e-06, -8.878449e-09, 1.210872e-06, 180.7706, 0, 0, 0, -38.0, -3.800812E+01, -1.085061E-07
1708973984.7816164, 0, -1.225387e-06, -8.878449e-09, 1.218107e-06, 180.4202, 0, 0, 0, -38.5, -3.850623E+01, -1.099892E-07
1708973989.4641986, 0, -1.19614e-06, -8.878449e-09, 1.203484e-06, 180.0757, 0, 0, 0, -39.0, -3.900759E+01, -1.115074E-07
1708973994.1531668, 0, -1.218075e-06, -8.878449e-09, 1.218076e-06, 180.073, 0, 0, 0, -39.5, -3.950850E+01, -1.131116E-07
1708973998.8494372, 0, -1.232698e-06, -1.570137e-09, 1.240115e-06, 180.4055, 0, 0, 0, -40.0, -4.000675E+01, -1.146179E-07
1708974003.5148933, 0, -1.247321e-06, -8.878449e-09, 1.262048e-06, 180.0721, 0, 0, 0, -40.0, -4.000659E+01, -1.144892E-07
1708974008.1905239, 0, -1.254633e-06, -1.618676e-08, 1.254737e-06, 180.0721, 0, 0, 0, -39.5, -3.950843E+01, -1.127133E-07
1708974012.8464127, 0, -1.232698e-06, -1.570137e-09, 1.254664e-06, 180.4102, 0, 0, 0, -39.0, -3.900757E+01, -1.110011E-07
1708974017.502456, 0, -1.24001e-06, -8.878449e-09, 1.240011e-06, 180.0726, 0, 0, 0, -38.5, -3.850642E+01, -1.093007E-07
1708974022.2208395, 0, -1.24001e-06, -1.618676e-08, 1.240232e-06, 180.4127, 0, 0, 0, -38.0, -3.800819E+01, -1.076254E-07
1708974026.9274018, 0, -1.24001e-06, -8.878449e-09, 1.240041e-06, 180.4102, 0, 0, 0, -37.5, -3.750783E+01, -1.060474E-07
1708974031.6025743, 0, -1.24001e-06, -8.878449e-09, 1.240041e-06, 180.4079, 0, 0, 0, -37.0, -3.700636E+01, -1.043524E-07
1708974036.2851853, 0, -1.247321e-06, 5.738173e-09, 1.247426e-06, 180.0717, 0, 0, 0, -36.5, -3.650906E+01, -1.027261E-07
1708974040.9610443, 0, -1.261944e-06, -8.878449e-09, 1.254737e-06, 180.4031, 0, 0, 0, -36.0, -3.600759E+01, -1.010667E-07
1708974045.6468608, 0, -1.269256e-06, -8.878449e-09, 1.276598e-06, 180.3962, 0, 0, 0, -35.5, -3.550598E+01, -9.945285E-08
1708974050.3335197, 0, -1.261944e-06, -8.878449e-09, 1.276598e-06, 180.3985, 0, 0, 0, -35.0, -3.500893E+01, -9.784819E-08
1708974055.0202255, 0, -1.269256e-06, -8.878449e-09, 1.276568e-06, 180.7349, 0, 0, 0, -34.5, -3.450753E+01, -9.625226E-08
1708974059.717074, 0, -1.283879e-06, -1.618676e-08, 1.276598e-06, 180.3962, 0, 0, 0, -34.0, -3.400639E+01, -9.463357E-08
1708974064.3999043, 0, -1.283879e-06, -8.878449e-09, 1.305844e-06, 180.0693, 0, 0, 0, -33.5, -3.350798E+01, -9.310519E-08
1708974069.0756676, 0, -1.291191e-06, -1.618676e-08, 1.313156e-06, 181.0251, 0, 0, 0, -33.0, -3.300754E+01, -9.153437E-08
1708974073.7419338, 0, -1.320437e-06, -8.878449e-09, 1.313156e-06, 180.0689, 0, 0, 0, -32.5, -3.250595E+01, -8.997527E-08
1708974078.4136448, 0, -1.305814e-06, -1.570137e-09, 1.327847e-06, 180.381, 0, 0, 0, -32.0, -3.200472E+01, -8.839098E-08
1708974083.095937, 0, -1.305814e-06, -1.618676e-08, 1.320536e-06, 180.3896, 0, 0, 0, -31.5, -3.150738E+01, -8.685825E-08
1708974087.7624354, 0, -1.298502e-06, -8.878449e-09, 1.305914e-06, 180.0693, 0, 0, 0, -31.0, -3.100590E+01, -8.528693E-08
1708974092.4677732, 0, -1.305814e-06, -1.618676e-08, 1.313126e-06, 180.3874, 0, 0, 0, -30.5, -3.050520E+01, -8.377203E-08
1708974097.1440854, 0, -1.320437e-06, -8.878449e-09, 1.313126e-06, 180.3896, 0, 0, 0, -30.0, -3.000710E+01, -8.221669E-08
1708974101.8060489, 0, -1.313125e-06, -1.618676e-08, 1.298533e-06, 180.3918, 0, 0, 0, -29.5, -2.950640E+01, -8.068307E-08
1708974106.5115442, 0, -1.276568e-06, -1.570137e-09, 1.291221e-06, 179.7454, 0, 0, 0, -29.0, -2.900538E+01, -7.921440E-08
1708974111.2040672, 0, -1.276568e-06, -1.618676e-08, 1.276598e-06, 180.3985, 0, 0, 0, -28.5, -2.850673E+01, -7.761032E-08
1708974115.887072, 0, -1.276568e-06, 5.738173e-09, 1.276598e-06, 180.0705, 0, 0, 0, -28.0, -2.800629E+01, -7.612920E-08
1708974120.5424635, 0, -1.269256e-06, -8.878449e-09, 1.269287e-06, 180.7224, 0, 0, 0, -27.5, -2.750435E+01, -7.452851E-08
1708974125.2286434, 0, -1.261944e-06, -1.618676e-08, 1.254737e-06, 180.7349, 0, 0, 0, -27.0, -2.700693E+01, -7.309952E-08
1708974129.8837044, 0, -1.232698e-06, -1.570137e-09, 1.218182e-06, 180.7614, 0, 0, 0, -26.5, -2.650634E+01, -7.159358E-08
1708974134.5433056, 0, -1.232698e-06, -8.878449e-09, 1.232699e-06, 180.4102, 0, 0, 0, -26.0, -2.600542E+01, -7.006172E-08
1708974139.2284539, 0, -1.283879e-06, -1.570137e-09, 1.28388e-06, 180.3918, 0, 0, 0, -25.5, -2.550813E+01, -6.853148E-08
1708974143.9041147, 0, -1.305814e-06, -8.878449e-09, 1.305914e-06, 180.7102, 0, 0, 0, -25.0, -2.500625E+01, -6.701450E-08
1708974148.6069038, 0, -1.298502e-06, -8.878449e-09, 1.298533e-06, 180.7183, 0, 0, 0, -24.5, -2.450576E+01, -6.555260E-08
1708974153.2826629, 0, -1.291191e-06, -1.618676e-08, 1.305914e-06, 181.0251, 0, 0, 0, -24.0, -2.400771E+01, -6.405128E-08
1708974157.9885068, 0, -1.313125e-06, -3.080338e-08, 1.327778e-06, 180.3831, 0, 0, 0, -23.5, -2.350668E+01, -6.256479E-08
1708974162.6479926, 0, -1.327749e-06, -8.878449e-09, 1.327778e-06, 180.3874, 0, 0, 0, -23.0, -2.300537E+01, -6.105795E-08
1708974167.3436372, 0, -1.283879e-06, -8.878449e-09, 1.291404e-06, 180.3962, 0, 0, 0, -22.5, -2.250769E+01, -5.961449E-08
1708974172.0089395, 0, -1.283879e-06, -1.618676e-08, 1.276598e-06, 180.7307, 0, 0, 0, -22.0, -2.200708E+01, -5.813884E-08
1708974176.6949475, 0, -1.261944e-06, -1.618676e-08, 1.269473e-06, 180.4031, 0, 0, 0, -21.5, -2.150529E+01, -5.667872E-08
1708974181.357239, 0, -1.269256e-06, -8.878449e-09, 1.276598e-06, 179.7424, 0, 0, 0, -21.0, -2.100017E+01, -5.529610E-08
1708974186.0124261, 0, -1.254633e-06, -1.618676e-08, 1.28391e-06, 180.7265, 0, 0, 0, -20.5, -2.050011E+01, -5.376767E-08
1708974190.6955075, 0, -1.269256e-06, -1.618676e-08, 1.27667e-06, 181.0544, 0, 0, 0, -20.0, -2.000038E+01, -5.233026E-08
1708974195.3883197, 0, -1.276568e-06, -1.618676e-08, 1.291292e-06, 180.3918, 0, 0, 0, -19.5, -1.950031E+01, -5.087447E-08
1708974200.0531676, 0, -1.305814e-06, -8.878449e-09, 1.291292e-06, 180.7102, 0, 0, 0, -19.0, -1.900031E+01, -4.944200E-08
1708974204.7292273, 0, -1.313125e-06, -1.618676e-08, 1.320536e-06, 181.0251, 0, 0, 0, -18.5, -1.850052E+01, -4.800337E-08
1708974209.4054966, 0, -1.313125e-06, -1.618676e-08, 1.320438e-06, 180.7023, 0, 0, 0, -18.0, -1.800036E+01, -4.657755E-08
1708974214.0740788, 0, -1.313125e-06, -2.349507e-08, 1.298603e-06, 181.0308, 0, 0, 0, -17.5, -1.750037E+01, -4.515726E-08
1708974218.7599025, 0, -1.298502e-06, -8.878449e-09, 1.298603e-06, 180.3918, 0, 0, 0, -17.0, -1.700061E+01, -4.374336E-08
1708974223.4358232, 0, -1.298502e-06, -1.618676e-08, 1.313225e-06, 180.3896, 0, 0, 0, -16.5, -1.650048E+01, -4.231371E-08
1708974228.088717, 0, -1.305814e-06, -8.878449e-09, 1.313225e-06, 180.7063, 0, 0, 0, -16.0, -1.600039E+01, -4.090992E-08
1708974232.7841842, 0, -1.320437e-06, -2.349507e-08, 1.33509e-06, 180.0674, 0, 0, 0, -15.5, -1.550062E+01, -3.950763E-08
1708974237.449934, 0, -1.327749e-06, -1.570137e-09, 1.327778e-06, 180.7023, 0, 0, 0, -15.0, -1.500060E+01, -3.811995E-08
1708974242.1327453, 0, -1.33506e-06, -1.618676e-08, 1.335158e-06, 180.6947, 0, 0, 0, -14.5, -1.450053E+01, -3.671353E-08
1708974246.8045378, 0, -1.33506e-06, -8.878449e-09, 1.342577e-06, 180.6871, 0, 0, 0, -14.0, -1.400072E+01, -3.532602E-08
1708974251.48099, 0, -1.349683e-06, -2.349507e-08, 1.342577e-06, 180.6909, 0, 0, 0, -13.5, -1.350062E+01, -3.393279E-08
1708974256.1468122, 0, -1.356995e-06, -3.080338e-08, 1.357198e-06, 180.9866, 0, 0, 0, -13.0, -1.300059E+01, -3.254703E-08
1708974260.802183, 0, -1.364307e-06, -1.618676e-08, 1.364509e-06, 180.6834, 0, 0, 0, -12.5, -1.250081E+01, -3.117092E-08
1708974265.4814932, 0, -1.349683e-06, -1.618676e-08, 1.34978e-06, 180.6834, 0, 0, 0, -12.0, -1.200074E+01, -2.978737E-08
1708974270.1666734, 0, -1.349683e-06, -1.570137e-09, 1.349888e-06, 180.6871, 0, 0, 0, -11.5, -1.150056E+01, -2.841146E-08
1708974274.8530543, 0, -1.356995e-06, -8.878449e-09, 1.357198e-06, 180.9919, 0, 0, 0, -11.0, -1.100085E+01, -2.704469E-08
1708974279.5251076, 0, -1.371618e-06, -2.349507e-08, 1.371714e-06, 180.3749, 0, 0, 0, -10.5, -1.050076E+01, -2.566763E-08
1708974284.1912684, 0, -1.371618e-06, -1.618676e-08, 1.371647e-06, 180.0659, 0, 0, 0, -10.0, -1.000059E+01, -2.431292E-08
1708974288.837802, 0, -1.371618e-06, -1.570137e-09, 1.378958e-06, 180.6726, 0, 0, 0, -9.5, -9.500827E+00, -2.293925E-08
1708974293.5059187, 0, -1.37893e-06, -1.618676e-08, 1.379025e-06, 179.7616, 0, 0, 0, -9.0, -9.000716E+00, -2.159000E-08
1708974298.1713424, 0, -1.37893e-06, -8.878449e-09, 1.379025e-06, 180.0653, 0, 0, 0, -8.5, -8.500655E+00, -2.022901E-08
1708974302.8472886, 0, -1.386241e-06, -8.878449e-09, 1.378958e-06, 180.3689, 0, 0, 0, -8.0, -8.000850E+00, -1.887337E-08
1708974307.5235476, 0, -1.37893e-06, -1.618676e-08, 1.38644e-06, 180.367, 0, 0, 0, -7.5, -7.500691E+00, -1.752190E-08
1708974312.1854444, 0, -1.386241e-06, -8.878449e-09, 1.371619e-06, 180.367, 0, 0, 0, -7.0, -7.000556E+00, -1.616252E-08
1708974316.8582397, 0, -1.386241e-06, 5.738173e-09, 1.38627e-06, 180.367, 0, 0, 0, -6.5, -6.500861E+00, -1.481677E-08
1708974321.5303063, 0, -1.393553e-06, -1.618676e-08, 1.386336e-06, 180.669, 0, 0, 0, -6.0, -6.000720E+00, -1.346896E-08
1708974326.2060509, 0, -1.371618e-06, -1.618676e-08, 1.371714e-06, 180.6761, 0, 0, 0, -5.5, -5.500589E+00, -1.213197E-08
1708974330.8718007, 0, -1.371618e-06, -8.878449e-09, 1.378958e-06, 180.0659, 0, 0, 0, -5.0, -5.000819E+00, -1.077978E-08
1708974335.5574234, 0, -1.364307e-06, -1.570137e-09, 1.356996e-06, 180.0656, 0, 0, 0, -4.5, -4.500659E+00, -9.440205E-09
1708974340.249114, 0, -1.37893e-06, -2.349507e-08, 1.379025e-06, 180.3689, 0, 0, 0, -4.0, -4.000601E+00, -8.099703E-09
1708974344.9529529, 0, -1.364307e-06, -1.618676e-08, 1.364403e-06, 180.3709, 0, 0, 0, -3.5, -3.500790E+00, -6.778304E-09
1708974349.6585817, 0, -1.37893e-06, -8.878449e-09, 1.386336e-06, 180.0649, 0, 0, 0, -3.0, -3.000585E+00, -5.440851E-09
1708974354.3344278, 0, -1.386241e-06, -1.618676e-08, 1.379025e-06, 180.669, 0, 0, 0, -2.5, -2.500434E+00, -4.108582E-09
1708974358.9968245, 0, -1.393553e-06, -8.878449e-09, 1.393554e-06, 180.0646, 0, 0, 0, -2.0, -2.000011E+00, -2.788280E-09
1708974363.672454, 0, -1.408176e-06, -1.570137e-09, 1.400893e-06, 180.3631, 0, 0, 0, -1.5, -1.500058E+00, -1.450332E-09
1708974368.3479064, 0, -1.37893e-06, -1.570137e-09, 1.371714e-06, 180.3729, 0, 0, 0, -1.0, -1.000081E+00, -1.204299E-10
1708974373.0468528, 0, -1.408176e-06, -1.618676e-08, 1.393581e-06, 180.6586, 0, 0, 0, -0.5, -5.000886E-01, +1.212596E-09
1708974377.7329524, 0, -1.386241e-06, -1.570137e-09, 1.371714e-06, 180.6798, 0, 0, 0, 0.0, -5.120949E-05, +2.555815E-09
1708974382.4386356, 0, -1.37893e-06, -8.878449e-09, 1.378958e-06, 180.6726, 0, 0, 0, 0.0, -4.990111E-05, +2.407730E-09
