t,i,temp_desired,temp_tc
1681584472.5918818,18,0,17.5703639
1681584473.580898,18,0,17.5552635
1681584474.5716712,18,0,17.5320339
1681584475.5642805,18,0,17.5354843
1681584476.5508485,18,0,17.5184402
1681584477.5398452,18,0,17.5106372
1681584478.5699618,18,0,17.5095043
1681584479.5584984,18,0,17.5039672
1681584480.5418854,18,0,17.5061016
1681584481.5287755,18,0,17.498825
1681584482.5139334,18,0,17.5105648
1681584483.495237,18,0,17.496273
1681584484.48328,18,0,17.4962806
1681584485.470928,18,0,17.4943523
1681584486.4618907,18,0,17.4804687
1681584487.4519079,18,0,17.4897918
1681584488.4418974,18,0,17.4911632
1681584489.427738,18,0,17.4998321
1681584490.4187694,18,0,17.5090255
1681584491.4077423,18,0,17.51622
1681584492.3942387,18,0,17.5219192
1681584493.42988,18,0,17.53442
1681584494.420962,18,0,17.5501003
1681584495.4088738,18,0,17.5572757
1681584496.3961995,18,0,17.5536499
1681584497.395282,18,0,17.5685081
1681584498.3896918,18,0,17.5709533
1681584499.3787403,18,0,17.5760478
1681584500.366741,18,0,17.5917415
1681584501.3520937,18,0,17.5888652
1681584502.335158,18,0,17.5947856
1681584503.3222551,18,0,17.6069526
1681584504.3155346,18,0,17.6224441
1681584505.3068855,18,0,17.6286392
1681584506.2967348,18,0,17.6446647
1681584507.2828548,18,0,17.6532077
1681584508.2791338,18,0,17.6655578
1681584509.2641845,18,0,17.6731586
1681584510.3322525,18,0,17.687395
1681584511.311506,18,0,17.7038383
1681584512.288563,18,0,17.7220268
1681584513.271047,18,0,17.7355709
1681584514.2579823,18,0,17.7427005
1681584515.248805,18,0,17.7531661
1681584516.2377412,18,0,17.767374
1681584517.2309308,18,0,17.7782077
1681584518.2196882,18,0,17.7902812
1681584519.2077603,18,0,17.8031864
1681584520.2042916,18,0,17.819519
1681584521.1991978,18,0,17.8183231
1681584522.2021642,18,0,17.8346614
1681584523.1941648,18,0,17.8614444
1681584524.1777825,18,0,17.8672256
1681584525.159686,18,0,17.8842144
1681584526.1402874,18,0,17.9047775
1681584527.1222441,18,0,17.9231128
1681584528.1051168,18,0,17.9291362
1681584529.086748,18,0,17.9460659
1681584530.067701,18,0,17.9322528
1681584531.0493913,18,0,17.9775142
1681584532.0346873,18,0,17.9212303
1681584533.0154228,18,0.0021003386880001293,18.0040416
1681584533.9996877,18,0.00923136332799859,18.0176105
1681584534.98207,18,0.022068032398012097,18.0416431
1681584535.9677596,18,0.057759238525997215,18.1088123
1681584536.9628854,18,0.04143206452599653,18.0732288
1681584537.9479146,18,0.08938926852599767,18.1626377
1681584538.9418757,18,0.06691589361596623,18.1132297
1681584539.9290798,18,0.07471387254402888,18.1239471
1681584540.9108987,18,0.08666567268398917,18.1422462
1681584541.9035816,18,0.09830707268399014,18.1591625
1681584542.8935957,18,0.10601875887597803,18.1679744
1681584543.879556,18,0.08299890940397167,18.1173171
1681584544.8777373,18,0.12398264828402962,18.1917304
1681584545.868501,18,0.1350833722840296,18.2057037
1681584546.8587916,18,0.1499586342200152,18.2265377
1681584547.849185,18,0.16365579222001445,18.2441654
1681584548.8422232,18,0.17654921484399755,18.2597293
1681584549.826454,18,0.2260593968439984,18.3449516
1681584550.8118591,18,0.21102962216391324,18.3029556
1681584551.797965,18,0.22013985390807272,18.3090133
1681584552.8321042,18,0.23740099607399423,18.3299293
1681584553.818044,18,0.25265432614389743,18.3467731
1681584554.79632,18,0.26301545102408075,18.3535785
1681584555.780459,18,0.2814695396139756,18.3756847
1681584556.7646794,18,0.2997950549579497,18.3967208
1681584557.7461262,18,0.3123920470859225,18.4059371
1681584558.7278867,18,0.33005456294602464,18.424797
1681584559.7088652,18,0.3438028180179949,18.4351654
1681584560.6955087,18,0.36243670854786797,18.4545249
1681584561.6851757,18,0.37683044747610794,18.4650096
1681584562.6736763,18,0.3942933394761088,18.4807071
1681584563.6589434,18,0.4085619192959722,18.4899406
1681584564.647258,18,0.42668871369593875,18.5062675
1681584565.6284156,18,0.4351692031839063,18.5034141
1681584566.616515,18,0.44815139170406026,18.5093116
1681584567.5967395,18,0.4692009024240263,18.530529
1681584568.5796826,18,0.48637203685599084,18.5434799
1681584569.5676467,18,0.4946926481858396,18.5388889
1681584570.5587332,18,0.5093529928101229,18.5466918
1681584571.5431452,18,0.5207820087499684,18.5479602
1681584572.5267522,18,0.5352878656139333,18.5551223
1681584573.5096962,18,0.5577196349098956,18.5772647
1681584574.490908,18,0.5719178261300722,18.5827026
1681584575.4754386,18,0.5854956778740341,18.5867633
1681584576.456725,18,0.6007315044819944,18.5938606
1681584577.4382064,18,0.6163400535218271,18.6013832
1681584578.4239388,18,0.6275378873781366,18.6001567
1681584579.4132898,18,0.6332797048179717,18.5884552
1681584580.396032,18,0.6492337142899337,18.5968704
1681584581.380917,18,0.6596162236018952,18.5942459
1681584582.366753,18,0.6681934942820736,18.5882244
1681584583.3567386,18,0.6828907822820736,18.5938644
1681584584.3509107,18,0.6964870781540335,18.5975379
1681584585.3352568,18,0.7235717793539934,18.6270275
1681584586.3187964,18,0.7151059745638291,18.5869693
1681584587.3077614,18,0.7224280627401289,18.5788307
1681584588.2909114,18,0.7337784858599662,18.5787296
1681584589.2765899,18,0.7426273767399301,18.573841
1681584590.2567434,18,0.7506198720678914,18.5674896
1681584591.2432728,18,0.7421795988480517,18.5297374
1681584592.2320087,18,0.7635775622720168,18.5508518
1681584593.2193296,18,0.7324649782720173,18.4698333
1681584594.2088509,18,0.7724388327199823,18.5289611
1681584595.1967263,18,0.781072170059836,18.5255222
1681584596.1832886,18,0.7834893340598353,18.5099582
1681584597.1667547,18,0.8096831931859643,18.5413627
1681584598.1608992,18,0.7987578071859646,18.4995307
1681584599.14701,18,0.8322131202259289,18.5449905
1681584600.1416154,18,0.8015327942259292,18.4650287
1681584601.1248977,18,0.8046292476818988,18.4533767
1681584602.118759,18,0.8086342725220326,18.4438972
1681584603.111878,18,0.8137472605220328,18.4366569
1681584604.108769,18,0.8107346029060053,18.4143238
1681584605.0987825,18,0.7737831069060069,18.3273277
1681584606.0877857,18,0.8082196618979809,18.3811969
1681584607.0752425,18,0.8094427417478773,18.3691005
1681584608.065287,18,0.8140129557478782,18.3636932
1681584609.049686,18,0.8058998489960509,18.3343086
1681584610.0353816,18,0.803969872245963,18.3179225
1681584611.0187857,18,0.8374848943739388,18.3703746
1681584612.031874,18,0.8051836362299564,18.2938308
1681584613.0162272,18,0.804047570629938,18.2805175
1681584613.9962764,18,0.7985389863899216,18.2592945
1681584614.9792497,18,0.7954626687459792,18.2436962
1681584615.973981,18,0.7839036047779654,18.2122249
1681584616.971811,18,0.7772926347779653,18.191349
1681584617.9614785,18,0.7700339947779655,18.1700305
1681584618.9470003,18,0.7684382863379218,18.1605148
1681584619.9344888,18,0.7580255665299903,18.1343994
1681584620.922706,18,0.7492738665299911,18.1124
1681584621.9127407,18,0.7372825627899662,18.0850658
1681584622.9014688,18,0.7259652107899668,18.0600299
1681584623.888549,18,0.7184765140059612,18.0433731
1681584624.8724797,18,0.7079236530159669,18.0214233
1681584625.85986,18,0.695868063015967,17.9974155
1681584626.9114716,18,0.6865315741959702,17.979597
1681584627.8985343,18,0.6736120432839742,17.9555091
1681584628.896486,18,0.6677264292839747,17.9459018
1681584629.889268,18,0.6510728572839735,17.9159564
1681584630.879282,18,0.6379396677159817,17.8938674
1681584631.8742595,18,0.6223788637159813,17.8680248
1681584632.8517811,18,0.611469086497945,17.8519439
1681584633.8427687,18,0.5979341804979464,17.8316097
1681584634.8342783,18,0.5823589814419582,17.8080158
1681584635.821457,18,0.5711613453720152,17.7937469
1681584636.8124866,18,0.5488651433720162,17.7588024
1681584637.8017988,18,0.5378677674998843,17.7467746
1681584638.788681,18,0.5191811823999638,17.720417
1681584639.7779932,18,0.5092433122879828,17.7118816
1681584640.76933,18,0.48964104028798183,17.6852664
1681584641.76148,18,0.47466002179200306,17.6683578
1681584642.7570076,18,0.4617350737920035,17.6562576
1681584643.7588646,18,0.4402387617920027,17.6281394
1681584644.750494,18,0.4201846337920039,17.6038761
1681584645.7380302,18,0.4051151192318798,17.5898952
1681584646.7254813,18,0.39116537676790597,17.5785827
1681584647.7142704,18,0.37259900596793516,17.558815
1681584648.703726,18,0.3511116939679356,17.5344619
1681584649.6914914,18,0.3375691888180681,17.5260505
1681584650.6789322,18,0.31073509068980554,17.4923629
1681584651.6672454,18,0.29409131471995154,17.4795799
1681584652.6552682,18,0.2768871902559864,17.4661827
1681584653.6524928,18,0.2510518042559865,17.4370307
1681584654.6387818,18,0.2270733222559852,17.4125709
1681584655.633193,18,0.20692786380802586,17.3960514
1681584656.627952,18,0.1911880398080253,17.3890113
1681584657.621482,18,0.16926385415783385,17.3699855
1681584658.6387146,18,0.1521539659139866,17.3620738
1681584659.6237397,18,0.12974992735402957,17.3431205
1681584660.61009,18,0.11287911798382849,17.3355579
1681584661.597007,18,0.09690853969587221,17.3299884
1681584662.5842595,18,0.07381755863991674,17.3109283
1681584663.5742714,18,0.05349542514011191,17.297945
1681584664.5641003,18,0.03055769714011175,17.2808361
1681584665.541491,18,0.011852340419939655,17.271656
1681584666.537675,18,0,17.2644958
1681584667.5285046,18,0,17.2563743
1681584668.5154698,18,0,17.2460861
1681584669.5027092,18,0,17.2379684
1681584670.4927053,18,0,17.2372283
1681584671.4772577,18,0,17.2547283
1681584672.462987,18,0,17.2225017
1681584673.447509,18,0,17.2155437
1681584674.4262667,18,0,17.2143974
1681584675.4127164,18,0,17.2053356
1681584676.3979075,18,0,17.208374
1681584677.3854828,18,0,17.1758365
1681584678.3737464,18,0,17.2099342
1681584679.3604717,18,0,17.1484088
1681584680.34655,18,0,17.2070636
1681584681.3342795,18,0,17.2023029
1681584682.3178282,18,0,17.2078609
1681584683.3008282,18,0,17.2121143
1681584684.2804043,18,0,17.211174
1681584685.2664437,18,0,17.2812461
1681584686.251091,18,0,17.2266197
1681584687.246259,18,0,17.229145
1681584688.2262259,18,0,17.2319545
1681584689.208798,18,0,17.2332935
1681584690.1939104,18,0,17.2385654
1681584691.1756613,18,0,17.2636775
1681584692.1514404,18,0,17.2711982
1681584693.1355467,18,0,17.2695503
1681584694.1360605,18,0,17.2830677
1681584695.1201708,18,0,17.297018
1681584696.124777,18,0,17.28693
1681584697.110497,18,0,17.3112335
1681584698.0928416,18,0,17.3215293
1681584699.0754366,18,0,17.3333797
1681584700.0623996,18,0,17.3448886
1681584701.0424733,18,0,17.3613719
1681584702.0217023,18,0,17.3669567
1681584703.0042315,18,0,17.3762435
1681584703.9859006,18,0,17.4042396
1681584704.9785962,18,0,17.411951
1681584705.9695637,18,0,17.4302558
1681584706.9561164,18,0,17.436964
1681584707.9404826,18,0,17.4494819
1681584708.9392738,18,0,17.4584636
1681584709.929136,18,0,17.4805946
1681584710.9337618,18,0,17.4994964
1681584711.9130676,18,0,17.5200614
1681584712.8965604,18,0,17.538618
1681584713.8791423,18,0,17.5666007
1681584714.8665795,18,0,17.5776844
1681584715.855341,18,0,17.588869
1681584716.8431132,18,0,17.5983791
1681584717.8726995,18,0,17.6252899
1681584718.8647034,18,0,17.6415596
1681584719.856714,18,0,17.6513423
1681584720.8411908,18,0,17.6732769
1681584721.8328447,18,0,17.6835613
1681584722.8237047,18,0,17.7195777
1681584723.8192124,18,0,17.7142047
1681584724.8127344,18,0,17.7450942
1681584725.8107822,18,0,17.7581615
1681584726.8037558,18,0,17.7700862
1681584727.8076842,18,0,17.7805252
1681584728.8114862,18,0,17.8195648
1681584729.8056583,18,0,17.8366641
1681584730.7963371,18,0,17.8439674
1681584731.787438,18,0,17.8737277
1681584732.7868998,18,0,17.878086
1681584733.7680495,18,0,17.8912506
1681584734.7656667,18,0,17.9204063
1681584735.7474167,18,0,17.9463157
1681584736.7314887,18,0,17.9599952
1681584737.7175343,18,0,17.9827289
1681584738.7108018,18,0.004925336000000015,18.0094718
1681584739.693485,18,0.018478926279990003,18.0351924
1681584740.682492,18,0.022147148424011984,18.0409183
1681584741.6704688,18,0.028282190763996982,18.0511722
1681584742.6627393,18,0.04173020276399626,18.0750656
1681584743.649793,18,0.05053846362799188,18.0891723
1681584744.6404924,18,0.06101308521198481,18.1059513
1681584745.6314845,18,0.07068875121198437,18.1204833
1681584746.6229837,18,0.08370333760202636,18.1409587
1681584747.616044,18,0.09964335960202642,18.1661911
1681584748.6075456,18,0.12298601683401297,18.2048149
1681584749.6262035,18,0.12875736364196336,18.2077884
1681584750.6165,18,0.13946439338203104,18.2205142
1681584751.6113935,18,0.1534448093820318,18.2389183
1681584752.6060338,18,0.17251727666201308,18.266571
1681584753.6041443,18,0.1922201966620135,18.2942085
1681584754.594256,18,0.20617284266201433,18.3097248
1681584755.58427,18,0.2301754121339911,18.3441829
1681584756.573855,18,0.2392495631838934,18.3485965
1681584757.562738,18,0.2579468171838942,18.3711452
1681584758.5585375,18,0.27116252259209117,18.3825206
1681584759.5524206,18,0.2915737345920921,18.4070606
1681584760.5496924,18,0.3063273608619747,18.4200191
1681584761.5485444,18,0.3262556748619744,18.4421882
1681584762.5368083,18,0.348640758861974,18.4682292
1681584763.523742,18,0.3640406889099435,18.4801311
1681584764.522818,18,0.3845424589099423,18.501091
1681584765.515313,18,0.39778294111791035,18.5075931
1681584766.492726,18,0.42034362221807153,18.531763
1681584767.4764805,18,0.44042944996203565,18.5502758
1681584768.4585211,18,0.45396287668199786,18.555479
1681584769.4437544,18,0.47394401962183896,18.5728702
1681584770.4342523,18,0.49208915821414134,18.5860919
1681584771.4269433,18,0.5094029202141426,18.5968456
1681584772.4254575,18,0.5340192479039676,18.6215877
1681584773.4224849,18,0.5465620739039686,18.6218013
1681584774.4104779,18,0.5667402759039675,18.6366901
1681584775.4000216,18,0.5860858883039259,18.649805
1681584776.396918,18,0.6035700043039254,18.6584358
1681584777.3855941,18,0.6204987917918823,18.6660766
1681584778.375662,18,0.6353457437918828,18.6690101
1681584779.3637428,18,0.6521581536420871,18.6760005
1681584780.3514857,18,0.6668763085060427,18.6787223
1681584781.365459,18,0.6842226785060426,18.685976
1681584782.3527331,18,0.7018479705060419,18.6934871
1681584783.3392725,18,0.7197223540739965,18.7016201
1681584784.334007,18,0.7353582309237998,18.7051105
1681584785.3269482,18,0.7498293809237994,18.70582
1681584786.3246222,18,0.7592465409237997,18.696783
1681584787.3218143,18,0.7718849049237992,18.6942882
1681584788.3142698,18,0.7867994184281589,18.6966953
1681584789.3054755,18,0.8051201484281599,18.7051315
1681584790.3027494,18,0.81623938242816,18.6993942
1681584791.2937186,18,0.8274560547479662,18.6944656
1681584792.2854629,18,0.8316532947479667,18.675827
1681584793.2724745,18,0.8426470223959222,18.6713886
1681584794.2556348,18,0.8553821562518781,18.6704692
1681584795.2524807,18,0.865871433032079,18.6652374
1681584796.2464817,18,0.8749728130320789,18.657154
1681584797.2365983,18,0.8821699530320788,18.6457195
1681584798.22771,18,0.8910922597360386,18.6384353
1681584799.225467,18,0.9006514217360376,18.6322631
1681584800.2204683,18,0.905883331831998,18.6183872
1681584801.21406,18,0.9119361438319977,18.6062431
1681584802.2114882,18,0.9180892218319968,18.5947589
1681584803.209857,18,0.9267411598319975,18.5885219
1681584804.2079308,18,0.9275470338319972,18.5674362
1681584805.198006,18,0.935006345891841,18.5602798
1681584806.191475,18,0.93849852189184,18.5454463
1681584807.1815662,18,0.9402872374921146,18.5282325
1681584808.1704884,18,0.9475551573219687,18.5221939
1681584809.1652234,18,0.9487254593219678,18.5043601
1681584810.1637084,18,0.951715233321968,18.4907112
1681584811.1504676,18,0.9526061556899378,18.4738426
1681584812.1469207,18,0.949368851689937,18.4493923
1681584813.1404662,18,0.950141425689937,18.4335937
1681584814.125488,18,0.9497644565720365,18.4166889
1681584815.1692712,18,0.9468705638139676,18.3943843
1681584816.1654656,18,0.9491296658139685,18.3835601
1681584817.157426,18,0.946253555653945,18.3635005
1681584818.1527007,18,0.9465699176539442,18.3501281
1681584819.1504796,18,0.939850667653945,18.32374
1681584820.1342626,18,0.9385082606139253,18.308897
1681584821.1264763,18,0.9355902046139251,18.2914047
1681584822.1192646,18,0.9296697966340053,18.2689666
1681584823.111604,18,0.9246647806340055,18.2489967
1681584824.0998828,18,0.9192465294499913,18.2291412
1681584825.0927138,18,0.9124740094499912,18.207304
1681584826.0870047,18,0.8994910467619792,18.1744709
1681584827.0769985,18,0.8838891738419417,18.1378364
1681584828.0725029,18,0.8735479338419411,18.112648
1681584829.0639606,18,0.8633515218419401,18.0887069
1681584830.0630171,18,0.8515642867539728,18.0626659
1681584831.060477,18,0.8446797087539736,18.0470161
1681584832.055463,18,0.8339522187539743,18.024578
1681584833.054269,18,0.8226758667539728,18.0019474
1681584834.04044,18,0.8072344667539738,17.9721775
1681584835.0264544,18,0.7947322832879912,17.9491443
1681584836.011471,18,0.7764586310799962,17.9159069
1681584837.0048325,18,0.7634670281899649,17.8940963
1681584838.0004864,18,0.7487211181899642,17.869812
1681584838.9914684,18,0.7363617941899654,17.8510513
1681584840.0106068,18,0.7109328729200228,17.8079891
1681584841.007265,18,0.6972200389200232,17.7890033
1681584842.007989,18,0.6848780689200227,17.773384
1681584842.996475,18,0.6658592249200229,17.7455253
1681584843.9885478,18,0.6461071734499371,17.7171649
1681584844.9769208,18,0.629382929401956,17.6956939
1681584845.9714537,18,0.6114871914019566,17.6729831
1681584846.9582987,18,0.5910347937859806,17.6460113
1681584847.9523904,18,0.5696910956360872,17.6183605
1681584849.022777,18,0.5397226582240136,17.5766773
1681584849.9999096,18,0.5213407964480432,17.5573368
1681584850.9942198,18,0.4976772413978996,17.5285835
1681584851.9881954,18,0.48017747139789924,17.5130615
1681584852.9686098,18,0.46294140088596547,17.4980258
1681584853.9597187,18,0.43733134888596525,17.4680824
1681584854.9416745,18,0.4178906574861191,17.450838
1681584855.9276538,18,0.39268385588582067,17.42313
1681584856.901348,18,0.3684927492159894,17.3984489
1681584857.892424,18,0.33948446408002897,17.3654098
1681584858.8782015,18,0.3152439452640725,17.3427963
1681584859.8500926,18,0.2962653248419136,17.3307781
1681584860.844515,18,0.2748620074499575,17.3149356
1681584861.8649998,18,0.2478058246018655,17.2901268
1681584862.838161,18,0.22632904549796062,17.2752361
1681584863.8167715,18,0.20201973938816808,17.2559337
1681584864.7830992,18,0.17406957386598443,17.2298831
1681584865.7561178,18,0.15090249442608827,17.2139835
1681584866.7396595,18,0.13234015006584765,17.2080612
1681584867.7171142,18,0.10802417048190038,17.1912612
1681584868.706523,18,0.08346388574595487,17.1746273
1681584869.6780887,18,0.059254739437754445,17.1588134
1681584870.6558874,18,0.032187034487995925,17.1386165
1681584871.6320565,18,0.008556235752051722,17.1257648
1681584872.6139312,18,0,17.1289825
1681584873.5882025,18,0,17.1166744
1681584874.5778997,18,0,17.111391
1681584875.5549724,18,0,17.10466
1681584876.5298243,18,0,17.0935916
1681584877.504314,18,0,17.0794391
1681584878.4869876,18,0,17.0694351
1681584879.4708774,18,0,17.0708045
1681584880.459687,18,0,17.0703773
1681584881.4471226,18,0,17.0687141
1681584882.4362123,18,0,17.0715026
1681584883.4219081,18,0,17.065073
1681584884.4109097,18,0,17.0581245
1681584885.3995523,18,0,17.0640296
1681584886.393927,18,0,17.0468845
1681584887.386838,18,0,17.0565071
1681584888.385574,18,0,17.0508289
1681584889.3893387,18,0,17.0466327
1681584890.3708346,18,0,17.0625362
1681584891.4387524,18,0,17.0547828
1681584892.4271271,18,0,17.0646152
1681584893.4244728,18,0,17.0716552
1681584894.4105043,18,0,17.0789432
1681584895.3968756,18,0,17.077629
1681584896.382203,18,0,17.0794868
1681584897.3996766,18,0,17.0837554
1681584898.3880525,18,0,17.1016025
1681584899.3774595,18,0,17.1112861
1681584900.404154,18,0,17.1200981
1681584901.40254,18,0,17.1243133
1681584902.3979309,18,0,17.1215915
1681584903.3908966,18,0,17.1353244
1681584904.3837652,18,0,17.1532897
1681584905.3762498,18,0,17.1774196
1681584906.3608997,18,0,17.1864089
1681584907.3451862,18,0,17.20405
1681584908.3365412,18,0,17.2089138
1681584909.3288558,18,0,17.2215824
1681584910.3578708,18,0,17.2319698
1681584911.3422997,18,0,17.2459659
1681584912.3284843,18,0,17.2571811
1681584913.3209114,18,0,17.2763595
1681584914.3096547,18,0,17.2879791
1681584915.2952332,18,0,17.3029003
1681584916.2852113,18,0,17.3157749
1681584917.279778,18,0,17.3363075
1681584918.2718701,18,0,17.3518276
1681584919.2611122,18,0,17.3582134
1681584920.2572026,18,0,17.3621959
1681584921.252013,18,0,17.3792476
1681584922.2478595,18,0,17.4009933
1681584923.2587814,18,0,17.4190063
1681584924.2549198,18,0,17.4316768
1681584925.2408972,18,0,17.4542961
1681584926.2367804,18,0,17.4617881
1681584927.223554,18,0,17.483675
1681584928.2152352,18,0,17.5053138
1681584929.2008939,18,0,17.5229625
1681584930.1851807,18,0,17.5364093
1681584931.1696386,18,0,17.5643672
1681584932.1537206,18,0,17.5900287
1681584933.145662,18,0,17.6033897
1681584934.132139,18,0,17.6248378
1681584935.1148293,18,0,17.6374454
1681584936.1012995,18,0,17.6544837
1681584937.0940268,18,0,17.6656436
1681584938.1297007,18,0,17.6909046
1681584939.1168082,18,0,17.7142391
1681584940.1029696,18,0,17.7326335
1681584941.0925596,18,0,17.7376003
1681584942.0847766,18,0,17.7632369
1681584943.0728967,18,0,17.785099
1681584944.0613153,18,0,17.8120784
1681584945.048634,18,0,17.828432
1681584946.0408838,18,0,17.8365058
1681584947.0265377,18,0,17.8707923
1681584948.0151715,18,0,17.8802814
1681584949.0106235,18,0,17.9017314
1681584950.002488,18,0,17.9122352
1681584950.994182,18,0,17.9409255
1681584951.980844,18,0,17.9541149
1681584952.967152,18,0,17.9830608
1681584953.9595802,18,0.0007721405440004705,18.0014858
1681584954.9966807,18,0.015199909184002892,18.0291385
1681584955.9827693,18,0.02193495518400326,18.0409698
1681584956.9745383,18,0.03428489268799949,18.0631828
