t,i,temp_desired,temp_tc
1680121248.698627,25,0.9242616390000007,23.1787948
1680121249.6819277,25,0.9586607413998811,23.18157
1680121250.6521149,25,0.9866644562797637,23.1965465
1680121251.6182857,25,1.0162527187567327,23.2058353
1680121252.5991092,25,1.0398167292365015,23.2273445
1680121253.570292,25,1.0718376488560086,23.2329254
1680121254.5377662,25,1.0768413802797852,23.2891616
1680121255.5228434,25,1.0704567978612303,23.3662986
1680121256.504134,25,1.0584040016646972,23.4504642
1680121257.4940002,25,1.0349873776646963,23.5550937
1680121258.4702184,25,1.0006309268006102,23.6759223
1680121259.4467638,25,0.9589627650861977,23.8055553
1680121260.4185202,25,0.9114365962380604,23.9415893
1680121261.399797,25,0.8534572161688623,24.0932731
1680121262.3862991,25,0.7869475597048143,24.2555923
1680121263.3627493,25,0.7219288691946493,24.4089183
1680121264.332598,25,0.6455306727945951,24.5780525
1680121265.3089657,25,0.5663059698745063,24.746334
1680121266.2856436,25,0.4856971027385014,24.9110527
1680121267.251942,25,0.40117297024043735,25.0771121
1680121268.2188642,25,0.31515624662052066,25.239849
1680121269.205545,25,0.22765104626854638,25.3991489
1680121270.1850982,25,0.1403811152947359,25.5522823
1680121271.1646707,25,0.05610215086278281,25.6935424
1680121272.1333778,25,0,25.8249225
1680121273.1143165,25,0,25.9369258
1680121274.0941486,25,0,26.039896
1680121275.0705755,25,0,26.1485767
1680121276.040642,25,0,26.2248249
1680121277.01686,25,0,26.3056774
1680121277.993162,25,0,26.3665466
1680121278.9596114,25,0,26.4243221
1680121279.9363647,25,0,26.4666481
1680121280.9227674,25,0,26.5025196
1680121281.8892872,25,0,26.5391407
1680121282.868928,25,0,26.5785903
1680121283.8348942,25,0,26.583393
1680121284.8087525,25,0,26.6015186
1680121285.7794511,25,0,26.6087093
1680121286.7548902,25,0,26.6371994
1680121287.7346623,25,0,26.6458721
1680121288.7113028,25,0,26.6400165
1680121289.687538,25,0,26.6420154
1680121290.659948,25,0,26.65032
1680121291.6309366,25,0,26.6534156
1680121292.6170905,25,0,26.6333675
1680121293.5973003,25,0,26.6407012
1680121294.5834928,25,0,26.6286926
1680121295.5698383,25,0,26.6191406
1680121296.5396407,25,0,26.6023674
1680121297.5029588,25,0,26.5921764
1680121298.4827368,25,0,26.5658912
1680121299.4594133,25,0,26.5496578
1680121300.4406633,25,0,26.5416679
1680121301.421951,25,0,26.5383071
1680121302.391786,25,0,26.5129947
1680121303.3651445,25,0,26.5057735
1680121304.3448203,25,0,26.5023708
1680121305.3317494,25,0,26.4885158
1680121306.3078601,25,0,26.4706478
1680121307.2776713,25,0,26.4618453
1680121308.2541144,25,0,26.435728
1680121309.2336557,25,0,26.4290161
1680121310.2071567,25,0,26.4084281
1680121311.1936085,25,0,26.3850479
1680121312.173255,25,0,26.3753356
1680121313.1802077,25,0,26.3341064
1680121314.1497924,25,0,26.3333129
1680121315.1229632,25,0,26.3109569
1680121316.0994353,25,0,26.2798347
1680121317.0758286,25,0,26.2662658
1680121318.0556333,25,0,26.2558097
1680121319.0418894,25,0,26.2495403
1680121320.0088136,25,0,26.222763
1680121320.9885519,25,0,26.1980247
1680121321.9633608,25,0,26.1877918
1680121322.938063,25,0,26.1604862
1680121323.9178462,25,0,26.1463947
1680121324.8941476,25,0,26.1375293
1680121325.8743076,25,0,26.1096191
1680121326.8602338,25,0,26.1027774
1680121327.8303094,25,0,26.0796108
1680121328.8143718,25,0,26.0628013
1680121329.790869,25,0,26.0491676
1680121330.7706242,25,0,26.0317707
1680121331.7568944,25,0,26.0063991
1680121332.743265,25,0,25.986391
1680121333.719995,25,0,25.9734878
1680121334.7158644,25,0,25.9610881
1680121335.699995,25,0,25.930891
1680121336.6791499,25,0,25.9226474
1680121337.6592476,25,0,25.9036216
1680121338.665598,25,0,25.8814411
1680121339.6424618,25,0,25.8625125
1680121340.6219409,25,0,25.8461093
1680121341.5982301,25,0,25.8311653
1680121342.5715346,25,0,25.8095817
1680121343.5577312,25,0,25.8010978
1680121344.537863,25,0,25.7885589
1680121345.5132728,25,0,25.762844
1680121346.503854,25,0,25.7424468
1680121347.4806464,25,0,25.7221012
1680121348.4704454,25,0,25.701601
1680121349.4536533,25,0,25.680603
1680121350.4316924,25,0,25.6622619
1680121351.3997674,25,0,25.6479167
1680121352.3860333,25,0,25.6256942
1680121353.4024537,25,0,25.6076736
1680121354.392284,25,0,25.5896968
1680121355.3791308,25,0,25.5840435
1680121356.3620753,25,0,25.5664749
1680121357.3420796,25,0,25.5452365
1680121358.3080401,25,0,25.5306148
1680121359.2784042,25,0,25.5130939
1680121360.2648926,25,0,25.5030498
1680121361.2510977,25,0,25.4711227
1680121362.233428,25,0,25.4642772
1680121363.2142563,25,0,25.4459247
1680121364.21003,25,0,25.4307689
1680121365.19049,25,0,25.413496
1680121366.2062726,25,0,25.40209
1680121367.1868384,25,0,25.3790493
1680121368.1633334,25,0,25.3764591
1680121369.1492155,25,0,25.3573036
1680121370.1263304,25,0,25.3481864
1680121371.0990798,25,0,25.3322105
1680121372.0689242,25,0,25.3151817
1680121373.0482187,25,0,25.2940979
1680121374.0251093,25,0,25.2827816
1680121375.0153263,25,0,25.2721977
1680121376.0034091,25,0,25.2601909
1680121376.9952128,25,0,25.2413749
1680121377.9643877,25,0,25.2255287
1680121378.9411118,25,0,25.2124671
1680121379.937774,25,0,25.2009067
1680121380.9439785,25,0,25.1817817
1680121381.9340525,25,0,25.1710033
1680121382.923711,25,0,25.1627655
1680121383.906839,25,0,25.1543426
1680121384.8990905,25,0,25.1238365
1680121385.8830981,25,0,25.1031112
1680121386.8689904,25,0,25.1106472
1680121387.8662262,25,0,25.0894107
1680121388.8425002,25,0,25.07905
1680121389.822184,25,0,25.0686779
1680121390.8003092,25,0,25.0542736
1680121391.7816372,25,0,25.0416488
1680121392.7621634,25,0,25.0187911
1680121393.738342,25,0,25.0017948
1680121394.7182333,25,0.0014720739840002146,24.9971656
1680121395.7044647,25,0.0077281405439946155,24.9852352
1680121396.6941714,25,0.012076737023994033,24.9774265
1680121397.6706574,25,0.02131277502399441,24.9605331
1680121398.6505907,25,0.025704370210032183,24.9535503
1680121399.6338897,25,0.0344193128500276,24.9385395
1680121400.6130908,25,0.038493184092004806,24.9329891
1680121401.5966375,25,0.04031350177200138,24.932024
1680121402.5863018,25,0.051886809772001344,24.9123821
1680121403.5710912,25,0.06197802557197168,24.896286
1680121404.5524325,25,0.07028063747596348,24.8842372
1680121405.5387948,25,0.06828671600395698,24.8924579
1680121406.522463,25,0.07615946574406182,24.8813858
1680121407.508968,25,0.08446091486405377,24.8699035
1680121408.5080745,25,0.086868416864054,24.8702774
1680121409.4950776,25,0.09340282725401479,24.8626213
1680121410.4913952,25,0.09616890560600652,24.8625011
1680121411.4680848,25,0.1057069116060061,24.8494472
1680121412.4512322,25,0.10713867868995555,24.8523082
1680121413.4408376,25,0.11113756870594554,24.8502063
1680121414.4211328,25,0.11851224689793577,24.8416881
1680121415.4130857,25,0.11529314489793487,24.8539676
1680121416.3970501,25,0.11518995038404949,24.8596153
1680121417.383706,25,0.1181970123840497,24.8592319
1680121418.357062,25,0.12170666279401118,24.8578147
1680121419.3466961,25,0.1252270881539912,24.8563365
1680121420.3333824,25,0.12664435815399086,24.8591365
1680121421.3128824,25,0.12263793418394714,24.8721065
1680121422.299564,25,0.1237523139119397,24.8748054
1680121423.2851167,25,0.1142780723020308,24.8977813
1680121424.2723355,25,0.11594055830202955,24.8985157
1680121425.2487879,25,0.11325929815802416,24.9075183
1680121426.2253134,25,0.11324165807999405,24.9110031
1680121427.2115471,25,0.11453720180798696,24.9118804
1680121428.1815925,25,0.11101236196995976,24.9219551
1680121429.1581876,25,0.10411408707395618,24.9381847
1680121430.154601,25,0.10481876046400565,24.9391345
1680121431.1540585,25,0.0913744584640087,24.96735
1680121432.1374404,25,0.09454463004800573,24.9624862
1680121433.1136286,25,0.08662532087999848,24.9791336
1680121434.0938954,25,0.08517447787199839,24.9827156
1680121435.0802603,25,0.08332039139199432,24.9869384
1680121436.060177,25,0.08083675529599318,24.9922122
1680121437.0364366,25,0.0760820348839927,25.0016574
1680121438.0362434,25,0.07161735877400165,25.0101737
1680121439.0186949,25,0.0654485981439816,25.0216579
1680121440.0064256,25,0.05924560779198493,25.0327739
1680121441.002882,25,0.05450183779198467,25.040636
1680121441.9823227,25,0.0508463996280004,25.0461578
1680121442.968821,25,0.0516904790200038,25.0427856
1680121443.967572,25,0.04878565502000386,25.0467262
1680121444.9549553,25,0.040612215680020686,25.0606822
1680121445.9308484,25,0.03759609584002345,25.064188
1680121446.9100583,25,0.03932732412802821,25.0584259
1680121447.884441,25,0.04455494216198977,25.0461807
1680121448.86414,25,0.03629309041200718,25.0603275
1680121449.8506312,25,0.0323036786840106,25.0657196
1680121450.8471003,25,0.028754742684010626,25.0700168
1680121451.8370593,25,0.02833893366003464,25.0682048
1680121452.820108,25,0.023864457660034248,25.0741863
1680121453.7963333,25,0.02439583306803962,25.0703544
1680121454.765583,25,0.01964237153597561,25.0768814
1680121455.7426374,25,0.024956132189998335,25.0637817
1680121456.729399,25,0.023346070830002605,25.0644645
1680121457.7191029,25,0.019271293374006293,25.0698642
1680121458.7033486,25,0.02048248537400689,25.0648479
1680121459.6922905,25,0.022188744034027964,25.059143
1680121460.6808383,25,0.028762932034026988,25.0442256
1680121461.6750376,25,0.03247890413003011,25.0354003
1680121462.6453238,25,0.03272815176999957,25.0335788
1680121463.6312802,25,0.031259478426003164,25.0351333
1680121464.627928,25,0.03580904661600895,25.0250473
1680121465.6175413,25,0.03570566788000995,25.0242977
1680121466.6005938,25,0.03888451788001049,25.01725
1680121467.5770066,25,0.0391792859360161,25.0160388
1680121468.5484698,25,0.04357485336001632,25.0069732
1680121469.539365,25,0.048925961264015626,24.9964122
1680121470.5279317,25,0.04926028473402048,24.9959049
1680121471.5235865,25,0.04843962273401991,24.9976406
1680121472.5122173,25,0.04822044727801944,24.9981517
1680121473.4895844,25,0.0531407395380174,24.9887542
1680121474.4792366,25,0.05401820123401478,24.9874839
1680121475.4582136,25,0.056638943234015644,24.9829254
1680121476.4588132,25,0.058032759234015005,24.9809017
1680121477.438742,25,0.06559753811400679,24.9670696
1680121478.417259,25,0.06225485142600251,24.9747333
1680121479.4009957,25,0.06556584417002775,24.9693012
1680121480.3913887,25,0.058872435658029354,24.9833641
1680121481.3880293,25,0.06354134082602744,24.9750099
1680121482.361278,25,0.06297359283601972,24.9770355
1680121483.3478935,25,0.06314703768401872,24.9775714
1680121484.3340707,25,0.05928981876401458,24.9858436
1680121485.3078928,25,0.05695754439601278,24.9908676
1680121486.2816556,25,0.05910581786801197,24.9870796
1680121487.2923381,25,0.06273756822803,24.9805812
1680121488.2899377,25,0.060098993198017515,24.9864101
1680121489.2764747,25,0.05596657023802224,24.9948768
1680121490.261621,25,0.05278649907002303,25.0011901
1680121491.2533698,25,0.055178723640021216,24.9965419
1680121492.235936,25,0.05168234589602091,25.0034008
1680121493.2290099,25,0.05088040189602166,25.0048122
1680121494.2240286,25,0.048628817928022074,25.0089626
1680121495.1948218,25,0.05473776635802114,24.9968681
1680121496.178501,25,0.048435816614022326,25.0091133
1680121497.1609006,25,0.045453364918022564,25.0145072
1680121498.1414354,25,0.04628171493801185,25.012371
1680121499.1232152,25,0.04879752293801227,25.0070571
1680121500.1008394,25,0.046745854218016906,25.010744
1680121501.0866034,25,0.04632227892201634,25.0111522
1680121502.0632439,25,0.05145928439201702,25.0008449
1680121503.0497954,25,0.055123995000015975,24.9937572
1680121504.0299125,25,0.053603478880020115,24.9969196
1680121505.0158453,25,0.053523371808018576,24.9971904
1680121505.9949718,25,0.0508121499480202,25.0025138
1680121506.985951,25,0.04807151548402096,25.0076923
1680121507.9760509,25,0.05560628548402021,24.9929065
1680121508.9524267,25,0.05382790258802002,24.9965972
1680121509.9298341,25,0.05447238623401846,24.9954833
1680121510.918536,25,0.06071470183401825,24.9836425
1680121511.9079444,25,0.05680035018402419,24.9917945
1680121512.884323,25,0.05676221612602215,24.9921741
1680121513.868382,25,0.053517778126021605,24.9987144
1680121514.8599823,25,0.05372647380602113,24.9983615
1680121515.851083,25,0.058901835806021645,24.9884719
1680121516.8410318,25,0.055922127310020844,24.9946422
1680121517.830775,25,0.05975376906001845,24.9874725
1680121518.817083,25,0.05906509506001807,24.9892787
1680121519.8036838,25,0.05627605610001769,24.9950485
1680121520.7866066,25,0.061794422100017496,24.9846267
1680121521.75674,25,0.05815457330802422,24.9922084
1680121522.7365484,25,0.06599883882801659,24.977396
1680121523.7132907,25,0.06562973482801562,24.9789752
1680121524.6890876,25,0.06298698058801103,24.984848
1680121525.6794324,25,0.05793704375600961,24.9951362
1680121526.6668086,25,0.05835370375601017,24.994522
1680121527.6590412,25,0.061758493216020525,24.9881782
1680121528.651829,25,0.06743605321601998,24.9777145
1680121529.625507,25,0.06496941278401933,24.9833049
1680121530.5993302,25,0.06476693575801494,24.9843177
1680121531.591443,25,0.062168251664009966,24.9899063
1680121532.5777833,25,0.059615303624012815,24.9952068
1680121533.5614846,25,0.057848164264011716,24.9987888
1680121534.551617,25,0.056923625288011724,25.0006141
1680121535.5329235,25,0.053408437698004935,25.0073547
1680121536.507263,25,0.050087880754006706,25.0134658
1680121537.4937518,25,0.051012093854009205,25.011177
1680121538.4699996,25,0.04781696979001196,25.0169124
1680121539.460088,25,0.04743717842001663,25.0170021
1680121540.4433362,25,0.0477388684200155,25.015768
1680121541.4290252,25,0.049135438788018064,25.0124912
1680121542.4192824,25,0.04938180122001741,25.0115299
1680121543.396211,25,0.048850255542007046,25.0121231
1680121544.3801346,25,0.047934685798007866,25.0134258
1680121545.3723438,25,0.05295461475000922,25.0032596
1680121546.3585682,25,0.05555803753400928,24.9981288
1680121547.3485243,25,0.056009284542008035,24.9973297
1680121548.3218107,25,0.05400211047200839,25.0012931
1680121549.3206003,25,0.061097525496009226,24.9875907
1680121550.3073685,25,0.05800418096800873,24.9940204
1680121551.2940357,25,0.0537028411600099,25.0025253
1680121552.2799695,25,0.05484757123000831,25.0002269
1680121553.267124,25,0.049128756526010314,25.0112228
1680121554.2469943,25,0.05752460518600754,24.9946422
1680121555.2240472,25,0.05475356592200781,25.0001773
1680121556.2093964,25,0.0545250552180073,25.0006103
1680121557.1868045,25,0.05355054790800821,25.0024623
1680121558.1664348,25,0.05252513064400964,25.0043449
1680121559.1494465,25,0.046917307853996566,25.0149707
1680121560.1386845,25,0.05002154758199583,25.0084304
1680121561.1333606,25,0.05131486758199702,25.005619
1680121562.1223178,25,0.05096622555399846,25.0060806
1680121563.1122768,25,0.04540151355399807,25.0165481
1680121564.0852213,25,0.04442858550599942,25.0177936
1680121565.0749238,25,0.04506532567600526,25.0158939
1680121566.067442,25,0.044401645788004596,25.0165691
1680121567.0511422,25,0.05153174378800603,25.0022201
1680121568.0440085,25,0.04505508940400552,25.0145988
1680121569.0210907,25,0.03927104190398366,25.025175
1680121570.007538,25,0.03922296138799279,25.0243282
1680121570.9973638,25,0.03287771338799271,25.0355949
1680121571.9771407,25,0.03226544741999416,25.0354251
1680121572.9722688,25,0.029200255595997565,25.0399818
1680121573.9599123,25,0.033509623856005206,25.0301742
1680121574.9496162,25,0.03321460385600562,25.029581
1680121575.923121,25,0.03834282654400891,25.0186042
1680121576.899298,25,0.039822038353995816,25.0150527
1680121577.8858485,25,0.041604365313995445,25.011053
1680121578.8757014,25,0.0385189166140008,25.016571
1680121579.8621142,25,0.04286193261400064,25.0075817
1680121580.8615162,25,0.0357603937500017,25.0209598
1680121581.8382895,25,0.04328154763800289,25.0056934
1680121582.811527,25,0.043779455464002914,25.0045223
1680121583.7913384,25,0.04747887183200269,24.9972324
1680121584.7577548,25,0.0495841108580086,24.9932823
1680121585.7469285,25,0.04894032956800656,24.9947757
1680121586.720883,25,0.04741950756800658,24.9979
1680121587.7205575,25,0.049499800048007525,24.9939765
1680121588.7103453,25,0.05708650002800101,24.9796066
1680121589.7037573,25,0.050164812028000466,24.9937019
1680121590.6773639,25,0.053788751468000336,24.986967
1680121591.6598742,25,0.054373162890010734,24.9863281
1680121592.6568513,25,0.05336318889001176,24.9887962
1680121593.6460896,25,0.060582625978010576,24.9753284
1680121594.6419296,25,0.06467934597800909,24.968399
1680121595.6322587,25,0.05790640997801045,24.9826393
1680121596.6205976,25,0.05834461223800531,24.9824542
1680121597.601614,25,0.058993198830003514,24.9818706
1680121598.5884352,25,0.05337101505400264,24.9933757
1680121599.5684276,25,0.04670253851400471,25.0064582
1680121600.5600884,25,0.04926655205000577,25.0012798
1680121601.5320456,25,0.05556899250001431,24.9890975
1680121602.5229082,25,0.05722910650001433,24.9863243
1680121603.504309,25,0.04965185579601413,25.0014228
1680121604.490576,25,0.05053179450601369,24.9996757
1680121605.4659286,25,0.050143826778013836,25.0004348
1680121606.4468174,25,0.053625410508012526,24.9937191
1680121607.4267504,25,0.04779088742001226,25.0051841
1680121608.402535,25,0.04392896572600189,25.0124263
1680121609.379414,25,0.03616210011000376,25.0269012
1680121610.3565333,25,0.04279516241600897,25.0131263
1680121611.3362017,25,0.047966661344009856,25.0026779
1680121612.3190238,25,0.041701776704013024,25.0146312
1680121613.2990465,25,0.03694890451201588,25.0232372
1680121614.2751954,25,0.03809102812199849,25.0201587
1680121615.2653625,25,0.035377831305999634,25.0246162
1680121616.2402987,25,0.03905418203600446,25.0166091
1680121617.2248042,25,0.044670583300005264,25.0051727
1680121618.2013822,25,0.040891424948005975,25.0122489
1680121619.1811793,25,0.03753251552801175,25.018259
1680121620.21703,25,0.03986594617200667,25.0130538
1680121621.2081707,25,0.043161403542009535,25.0062179
1680121622.1834435,25,0.03991970803801042,25.0122203
1680121623.180294,25,0.04032296203801021,25.0109748
1680121624.1569555,25,0.04449110239000958,25.0025386
1680121625.1432645,25,0.03966205018200024,25.0117416
1680121626.1294732,25,0.04017804618200112,25.0102977
1680121627.1089482,25,0.04414115164200212,25.002283
1680121628.0927145,25,0.03661948210600241,25.0166702
1680121629.0825157,25,0.03986354893600566,25.0097961
1680121630.058523,25,0.04274550037600544,25.0038795
1680121631.035704,25,0.03858041351200639,25.0117473
1680121632.0114188,25,0.035415501123991715,25.0174026
1680121632.9920182,25,0.03304755491399842,25.0212993
1680121633.9782612,25,0.040137812657997686,25.0068492
1680121634.9747713,25,0.03822379198599883,25.0102729
1680121635.9537895,25,0.03597249860600236,25.0142154
1680121636.9409769,25,0.03854959460600284,25.0087127
1680121637.9240224,25,0.038163980062004096,25.0091304
1680121638.9074864,25,0.04166857630200253,25.0020408
1680121639.8869462,25,0.04612862030200239,24.9933853
1680121640.860242,25,0.04453309484400186,24.9967041
1680121641.8465047,25,0.04755486641200095,24.9910087
1680121642.8233113,25,0.05010504916199683,24.9864425
1680121643.8117492,25,0.051807112985994885,24.9836807
1680121644.798964,25,0.04718809479399413,24.9931869
1680121645.781443,25,0.0549797285740135,24.9784526
1680121646.7622843,25,0.05628495081401273,24.976757
1680121647.7376854,25,0.06124377436800081,24.9680767
1680121648.717676,25,0.06078469844800015,24.970169
1680121649.7244709,25,0.05849694859200052,24.9757308
1680121650.7116244,25,0.05911825796799983,24.9754543
1680121651.6945481,25,0.06446885072799044,24.9660892
1680121652.6818333,25,0.0631369543439877,24.9699363
1680121653.6533496,25,0.06756852347998517,24.9625473
1680121654.6297069,25,0.07368147004202386,24.9521751
1680121655.617068,25,0.07603616517201052,24.9494571
1680121656.6070194,25,0.07464401117200821,24.95405
1680121657.5935242,25,0.07325005117200822,24.958498
1680121658.576787,25,0.07361356212599302,24.9593467
1680121659.566738,25,0.07303282930999092,24.9620037
1680121660.5477993,25,0.07278905130999073,24.9639339
1680121661.5189278,25,0.06927880099401396,24.9720382
1680121662.529372,25,0.06250052499401465,24.9861488
1680121663.5053587,25,0.06328557305801302,24.9851627
1680121664.5022128,25,0.07111632424800528,24.9706573
1680121665.484861,25,0.07214975581600346,24.9697799
1680121666.4654934,25,0.06710549167200158,24.9806308
1680121667.4320366,25,0.06660114092399644,24.9823246
1680121668.4156685,25,0.06409532597999484,24.9878158
1680121669.387589,25,0.06424326505200556,24.9879856
1680121670.3778896,25,0.06184621307200229,24.9930534
1680121671.3623521,25,0.06573168580800137,24.9858398
1680121672.3475974,25,0.061157378832000654,24.9951782
1680121673.3266404,25,0.06204827083200147,24.9936504
1680121674.3139782,25,0.05873479637200106,25.000267
1680121675.3002687,25,0.05532969131600232,25.0068092
1680121676.2868443,25,0.055237135316002293,25.0067253
1680121677.2865644,25,0.056777873025998044,25.0035057
1680121678.2664702,25,0.05745562302599937,25.0020675
1680121679.249298,25,0.05468812169799891,25.0073146
1680121680.235198,25,0.05973533451599769,24.9973239
1680121681.222534,25,0.06177930998799744,24.9934921
1680121682.1922033,25,0.05717232103799902,25.0026035
1680121683.1747355,25,0.052391060733999885,25.0117053
1680121684.1583495,25,0.056489271054,25.003376
1680121685.1423004,25,0.058222872617999404,24.9999122
1680121686.1283317,25,0.050100340058003734,25.0155448
1680121687.1010263,25,0.0431869990020055,25.0282592
1680121688.0846956,25,0.038197156058009045,25.0367908
1680121689.0710845,25,0.04808667812801223,25.0163669
1680121690.0605047,25,0.044997125632014086,25.0216922
1680121691.037068,25,0.03967062812801562,25.0311203
1680121692.0440223,25,0.0520500421280158,25.0061168
1680121693.0206003,25,0.048222261218004915,25.0132503
1680121693.9967725,25,0.048080409198009294,25.013029
1680121694.9732544,25,0.051916686350009456,25.0051536
1680121695.9430552,25,0.04597799156001423,25.0163955
1680121696.9326608,25,0.047715079800015596,25.012432
1680121697.9191716,25,0.04666158808801736,25.0139884
1680121698.8924994,25,0.050697915538011167,25.0056915
1680121699.8688488,25,0.048000063108015724,25.0106735
1680121700.8487215,25,0.049900325172015,25.0066127
1680121701.8407996,25,0.04526113174801722,25.0152893
1680121702.8214283,25,0.0525132523380162,25.0007553
1680121703.8009717,25,0.04856726867401811,25.0083198
1680121704.8278232,25,0.05345665731401701,24.998598
1680121705.8220425,25,0.05647105731401829,24.992855
1680121706.8000536,25,0.05859157389001709,24.9890384
1680121707.7766764,25,0.05625802512002149,24.9939441
1680121708.7536447,25,0.0537395693920213,24.9990196
1680121709.7337987,25,0.05373409358202121,24.9990673
1680121710.7197063,25,0.059279699134020605,24.9884243
1680121711.7098272,25,0.06014910219401591,24.9871902
1680121712.6833196,25,0.0526102604340157,25.002182
1680121713.65904,25,0.059732822418015766,24.9883937
1680121714.639307,25,0.059575333018024784,24.98913
1680121715.6214445,25,0.05981623656802064,24.9890785
1680121716.6082687,25,0.0579694452240205,24.9930458
1680121717.5914009,25,0.05904203968801953,24.9912452
1680121718.578353,25,0.05869704395801881,24.9922409
1680121719.5863545,25,0.061191689258021154,24.987749
1680121720.5749795,25,0.060430844478017935,24.9896774
1680121721.557304,25,0.058895403806018376,24.9930229
1680121722.5278623,25,0.05642880452601902,24.9980335
1680121723.5042725,25,0.055043398592017616,25.0007743
1680121724.500238,25,0.05312292468201935,25.0044403
1680121725.4923382,25,0.05458086002601798,25.0014667
1680121726.4709618,25,0.05038190602601868,25.0094852
1680121727.4604554,25,0.04864279944002308,25.0124797
1680121728.4403746,25,0.04795806934402488,25.0133247
1680121729.4266472,25,0.04950861134402483,25.0098304
1680121730.4241574,25,0.04646241768002489,25.0153198
1680121731.408854,25,0.04548755415001013,25.0166149
1680121732.389188,25,0.04192727986201104,25.0228366
1680121733.383471,25,0.045748275862011856,25.0146102
1680121734.362714,25,0.04653401422601705,25.0125522
1680121735.3324678,25,0.044811043762017964,25.0153923
1680121736.3084059,25,0.04754005707202068,25.0095577
1680121737.295105,25,0.05024063609602109,25.0040016
1680121738.280799,25,0.04769260593601276,25.0087528
1680121739.269934,25,0.04538134795201371,25.0128688
1680121740.2518868,25,0.03623129595201361,25.0299701
1680121741.2305157,25,0.03942081064802205,25.0227108
1680121742.2208786,25,0.04252343240802165,25.0158805
1680121743.203435,25,0.046297507358024605,25.0080165
1680121744.1867008,25,0.04882295441402394,25.0028533
1680121745.1631835,25,0.04589427027002473,25.0083808
1680121746.1399612,25,0.04965648944002443,25.0008239
1680121747.149349,25,0.04721279784002505,25.005495
1680121748.1266768,25,0.04872029364002493,25.002386
1680121749.1084297,25,0.045200107848025486,25.0090694
1680121750.099158,25,0.046974595848025845,25.0053081
1680121751.086053,25,0.04739053999202602,25.0043067
1680121752.0718281,25,0.054199830322023725,24.9910411
1680121753.0582209,25,0.04727804022602433,25.0046997
1680121754.0399573,25,0.04758916791202161,25.0039253
1680121755.0304685,25,0.05162573391202081,24.9960117
1680121756.0179808,25,0.04898931140002053,25.0012359
1680121756.9977467,25,0.05524948839001881,24.9891433
1680121757.9876416,25,0.05311793634201815,24.9936561
1680121758.9706888,25,0.051446654342017145,24.9971141
1680121759.9500995,25,0.050558506058016685,24.9989318
1680121760.930051,25,0.054220627114015436,24.9919204
1680121761.9228868,25,0.05670604711401679,24.9874515
1680121762.9000857,25,0.05308143559402143,24.9949016
1680121763.8897965,25,0.05424238701801956,24.9928607
1680121764.866287,25,0.05654986840801746,24.9886913
1680121765.86219,25,0.05535774240801621,24.9914188
1680121766.8526876,25,0.05469575492001553,24.9930133
1680121767.84879,25,0.05482160492001582,24.99304
1680121768.842429,25,0.0575949667760175,24.9879817
1680121769.8320909,25,0.05632998951001351,24.9908657
1680121770.8286605,25,0.05867785151001381,24.9867019
1680121771.818583,25,0.06165446951001324,24.9814891
1680121772.794095,25,0.05836016485401375,24.9885292
1680121773.771008,25,0.05996838255002405,24.9858608
1680121774.7572823,25,0.05898184482202399,24.9882946
1680121775.7395232,25,0.061493352532018764,24.9839057
1680121776.7208512,25,0.06149389347601674,24.9845046
1680121777.6904616,25,0.06720538407601083,24.974102
1680121778.6668706,25,0.06505959585200785,24.9792118
1680121779.663462,25,0.06269365638802143,24.9845428
1680121780.642761,25,0.060684394628020395,24.9889945
1680121781.6229985,25,0.05493878881802054,25.0004673
1680121782.6078396,25,0.051744837410020804,25.0065956
1680121783.5928547,25,0.053876277410021156,25.002243
1680121784.579298,25,0.05979445946201872,24.9907646
1680121785.5506165,25,0.05474859511001789,25.0008239
1680121786.5255697,25,0.05775110867402138,24.9950122
1680121787.5184758,25,0.05567451171402269,24.999197
1680121788.500959,25,0.059850633254019986,24.9911918
1680121789.504912,25,0.0549443917240202,25.0009651
1680121790.4903574,25,0.05448628472402043,25.00181
1680121791.47792,25,0.047638074868020186,25.0149192
1680121792.4607015,25,0.04663078846802259,25.0162925
1680121793.4473264,25,0.04399820061802841,25.0207405
1680121794.4332461,25,0.04626435282602814,25.0155944
1680121795.4159007,25,0.046790284764016386,25.0139999
1680121796.3936465,25,0.04751094132401777,25.012083
1680121797.366545,25,0.039958492514024675,25.0261573
1680121798.349101,25,0.04049341848202649,25.0241374
1680121799.3289688,25,0.040003821710034526,25.0241794
1680121800.3155077,25,0.04624674571003568,25.0112438
1680121801.2953537,25,0.04465712436603727,25.0138854
1680121802.2824912,25,0.042329462684022066,25.0178489
1680121803.2756379,25,0.04510185713202181,25.0118236
1680121804.2720046,25,0.04129282913202223,25.0186939
1680121805.2515671,25,0.04378063910002546,25.0132064
1680121806.2333927,25,0.04960478681202615,25.0014991
1680121807.2109196,25,0.04667302762802661,25.0070838
1680121808.1944933,25,0.05191393086802491,24.9967308
1680121809.1685305,25,0.05128049438802549,24.9980735
1680121810.144319,25,0.05334476565002958,24.9941673
1680121811.1236513,25,0.05007257706002981,25.0006847
1680121812.100644,25,0.045956488404030854,25.0085792
1680121813.0704448,25,0.04488972246403429,25.010313
1680121814.046249,25,0.04981927820803348,25.0004367
1680121815.0364425,25,0.05262074961603399,24.9950294
1680121816.0193548,25,0.053417511026039914,24.9936847
1680121817.0064578,25,0.056318186530037916,24.9883422
1680121817.9759598,25,0.056641186816035236,24.9881553
1680121818.9624908,25,0.05099146094403392,24.9994754
1680121819.9588633,25,0.04919672155403494,25.0029487
1680121820.9414828,25,0.046913083554035895,25.0072269
1680121821.924983,25,0.05357752286603584,24.9941291
1680121822.9084256,25,0.050515292208035044,25.0002441
1680121823.8982298,25,0.05058976220803496,25.0000915
1680121824.8945217,25,0.052784492944034825,24.9958648
1680121825.878063,25,0.05340872494403395,24.9948234
1680121826.85101,25,0.05576274114803087,24.9904842
1680121827.8368018,25,0.05353147334003187,24.9951381
1680121828.8171828,25,0.05551262043002783,24.9915103
1680121829.8004944,25,0.05847934371002717,24.9861145
1680121830.7826345,25,0.05606364844003482,24.9912891
1680121831.81589,25,0.05779830707602514,24.9883022
1680121832.7926428,25,0.056713209700023935,24.9908332
1680121833.7692752,25,0.05569635489003003,24.9931373
1680121834.7488852,25,0.054424638868029764,24.9958419
1680121835.735952,25,0.058225456260028195,24.9886856
1680121836.7290354,25,0.061495668260027884,24.9828319
1680121837.7075,25,0.060429591822023135,24.9855251
1680121838.684001,25,0.06046220982202325,24.9860191
1680121839.6642442,25,0.06627034830202061,24.975357
1680121840.640806,25,0.06094510167203287,24.9865379
1680121841.6276834,25,0.06857833658002263,24.9723434
1680121842.6065595,25,0.06653653488402159,24.9773197
1680121843.579755,25,0.05932244348001868,24.9920558
1680121844.586348,25,0.06149529460002248,24.9881896
1680121845.5732872,25,0.06620642226001605,24.9795722
1680121846.5526187,25,0.06886936117201375,24.9752216
1680121847.5289845,25,0.06441879285201335,24.984724
1680121848.4994583,25,0.060060833366018855,24.9936847
1680121849.4699857,25,0.05765659895601881,24.9985485
1680121850.4411736,25,0.0573628173020172,24.9991683
1680121851.4082322,25,0.0649936404540164,24.9845161
1680121852.3846936,25,0.05933996162002078,24.9959793
1680121853.3644707,25,0.061940909720018124,24.991127
1680121854.3390226,25,0.06362735250401669,24.9882106
1680121855.3274996,25,0.061086068724013856,24.9935474
1680121856.3106048,25,0.060482541716013825,24.9949531
1680121857.2881134,25,0.0656469258280121,24.9852066
1680121858.2681065,25,0.06142228724001848,24.9938926
1680121859.2501743,25,0.058478659700017234,24.9997882
1680121860.2332733,25,0.05637127970001838,25.003849
1680121861.2340581,25,0.05528437461201931,25.0057983
1680121862.2206726,25,0.05657183661201862,25.0030994
1680121863.1938112,25,0.05675961079201924,25.0026206
1680121864.1837823,25,0.06119427668001862,24.9939842
1680121865.1694548,25,0.06157048468001804,24.9934921
1680121866.1567743,25,0.05560889468001924,25.005207
1680121867.1264896,25,0.05542576516601357,25.0053653
1680121868.102842,25,0.06006398474201291,24.9962348
1680121869.0827968,25,0.05571228112601254,25.0047512
1680121870.075795,25,0.051305972900017136,25.0130577
1680121871.062449,25,0.05209714290001831,25.011034
1680121872.0386386,25,0.049156143028017976,25.0162754
1680121873.0185144,25,0.05079032248200808,25.0125217
1680121873.995106,25,0.0477860128520132,25.0178279
1680121874.971474,25,0.05271283613201383,25.007677
1680121875.9513192,25,0.05922378944201254,24.9948577
1680121876.923295,25,0.05751104686601342,24.9983482
1680121877.9098206,25,0.05571333494801185,25.0018711
1680121878.8894851,25,0.058445990356010856,24.9965419
1680121879.875993,25,0.058271259116009805,24.9970092
1680121880.8558335,25,0.05907450769201071,24.9955768
1680121881.832257,25,0.0572494976440098,24.9992561
1680121882.8054242,25,0.06338408059400606,24.9874725
1680121883.7884448,25,0.05732752701000643,24.9996013
1680121884.8318932,25,0.05343704766600444,25.0070896
1680121885.8116155,25,0.054069716850004126,25.0056037
1680121886.795684,25,0.052618297858004974,25.0081844
1680121887.7725728,25,0.052819867747998864,25.0074863
1680121888.7652292,25,0.05341100264399955,25.0060653
1680121889.752015,25,0.050772738214002355,25.0109119
1680121890.7306328,25,0.04743720421400243,25.0169067
1680121891.6978617,25,0.04431043623000493,25.0222969
1680121892.681792,25,0.047426830344011094,25.0154647
1680121893.658239,25,0.0440120443440112,25.02145
1680121894.6372447,25,0.04893292090600327,25.0111751
1680121895.6140838,25,0.046818273258008566,25.0148296
1680121896.6023157,25,0.04748373325800788,25.0129795
1680121897.5746393,25,0.046291625466009366,25.0147819
1680121898.547034,25,0.04677980751401407,25.0132904
1680121899.5229754,25,0.047072055230004246,25.0122318
1680121900.515276,25,0.05023315868600473,25.0056858
1680121901.4966462,25,0.04609965785600801,25.0134239
1680121902.4928262,25,0.044984203856008605,25.0150527
1680121903.4762757,25,0.048495194368007415,25.0077266
1680121904.4797165,25,0.04940967414400908,25.0056743
1680121905.4645174,25,0.047288728144008155,25.0095348
1680121906.4521816,25,0.05313263472400716,24.9979286
1680121907.4286273,25,0.05285821395600705,24.9985351
1680121908.4079518,25,0.0498126531880034,25.0044536
1680121909.3949337,25,0.053149645572004064,24.9978637
1680121910.3694074,25,0.05182081405200428,25.0005016
1680121911.3673637,25,0.05297917005200397,24.9982547
1680121912.3545175,25,0.0523464043400048,24.9995384
1680121913.3400466,25,0.05355387070800322,24.9972324
1680121914.3208432,25,0.05394936759800249,24.9965763
1680121915.300999,25,0.05755508883000092,24.9897613
1680121916.2742915,25,0.05643051682000879,24.9923133
1680121917.2710717,25,0.05552117616400803,24.9943542
1680121918.2565236,25,0.05980173616400822,24.9863395
1680121919.226297,25,0.05585726532000662,24.9944438
1680121920.2025993,25,0.0588282292560055,24.9889373
1680121921.191666,25,0.05800234699600362,24.9909458
1680121922.1781344,25,0.06006670443600076,24.9873085
1680121923.1653187,25,0.06444059843600097,24.9793853
1680121924.148867,25,0.06352136908601791,24.9819355
1680121925.125223,25,0.06526556734201618,24.9792633
1680121926.1107666,25,0.06989353577200574,24.9711265
1680121927.1448264,25,0.061969898158009684,24.9874897
1680121928.1377053,25,0.06265056015800952,24.9866619
1680121929.1376548,25,0.06429698615801002,24.9840087
1680121930.1267056,25,0.06860175166800395,24.9763317
1680121931.1139963,25,0.06811206016400292,24.9781703
1680121932.1122787,25,0.06536481285200176,24.9842834
1680121933.0870297,25,0.06779070885200185,24.9802227
1680121934.0734677,25,0.06980105808199574,24.9771041
1680121935.0500658,25,0.07111598116999387,24.9754409
1680121936.0361564,25,0.0651405653139932,24.9878692
1680121937.0159407,25,0.06464998721400164,24.989273
1680121937.9925191,25,0.06435459725399942,24.990242
1680121938.969096,25,0.05970344048599868,24.9995613
1680121939.9852877,25,0.05285370475799819,25.0127429
1680121940.969041,25,0.06048106541399831,24.9975833
1680121941.9518762,25,0.04855239578400296,25.0206279
1680121942.9284105,25,0.05574603116000343,25.0060043
1680121943.914446,25,0.05709977291600171,25.0031738
1680121944.8981533,25,0.05538394491600133,25.0063514
1680121945.8864613,25,0.048375995636002526,25.019596
1680121946.8768659,25,0.04629687577600887,25.0228538
1680121947.8640158,25,0.048542499776009544,25.0176563
1680121948.8405368,25,0.04829714091200952,25.0174598
1680121949.8194876,25,0.046040907400018205,25.0211524
1680121950.80605,25,0.04876168352801935,25.0151252
1680121951.7831893,25,0.04757752464800448,25.0168304
1680121952.7698677,25,0.05090583696800555,25.0097885
1680121953.7562644,25,0.047890928578010195,25.0152187
1680121954.7388103,25,0.04737132657800938,25.0156326
1680121955.7224064,25,0.05278641755401007,25.0046234
1680121956.7090206,25,0.04783304155400923,25.0139713
1680121957.6986566,25,0.05159915881001212,25.0061988
1680121958.6852467,25,0.050741202810012286,25.0076103
1680121959.670339,25,0.048603084458012376,25.0114364
1680121960.6542065,25,0.04877722879800327,25.0106678
1680121961.6450665,25,0.048711656798002954,25.0103836
1680121962.6305966,25,0.04605608092600359,25.0151004
1680121963.611117,25,0.04828362274800873,25.0102481
1680121964.5970566,25,0.04501492474800847,25.0161399
1680121965.5769675,25,0.04790089103001085,25.0099811
1680121966.562378,25,0.04200398912601317,25.0209503
1680121967.5567262,25,0.038139297078014806,25.0275936
1680121968.5426733,25,0.041029045078013936,25.0209751
1680121969.563045,25,0.052136868550015,24.9988079
1680121970.544241,25,0.050357351286015074,25.0022773
1680121971.5261304,25,0.04925578246601086,25.0043106
1680121972.5056105,25,0.052570130874009253,24.9977684
1680121973.48225,25,0.05161802687401104,24.9996852
1680121974.4789639,25,0.0565780886980093,24.9901466
1680121975.4609005,25,0.05775749990800653,24.9882507
1680121976.4318366,25,0.060445929076005496,24.9835224
1680121977.4103994,25,0.05853437205001419,24.9878177
1680121978.39494,25,0.06269832733001379,24.9802665
1680121979.3747473,25,0.06595176762000587,24.9747543
1680121980.36438,25,0.0648547444360055,24.9778213
1680121981.3476534,25,0.0567410301480053,24.9942741
1680121982.354079,25,0.058062181396004886,24.9919586
1680121983.3297958,25,0.05567202936400415,24.9968624
1680121984.300459,25,0.05753383814000209,24.9933948
1680121985.2900233,25,0.06215734050601443,24.9847393
1680121986.2866614,25,0.05843182650601437,24.9924907
1680121987.2764103,25,0.05428046850601414,25.0007629
1680121988.2690725,25,0.05651961850601526,24.9964275
1680121989.246068,25,0.06104575721201019,24.9878463
1680121990.2225668,25,0.06436560506800942,24.9819183
1680121991.20255,25,0.06527576424000267,24.9808406
1680121992.18846,25,0.05985580424000313,24.9920005
1680121993.1780295,25,0.06260404678400146,24.9870071
1680121994.1650453,25,0.06388944878400192,24.9850349
1680121995.1583831,25,0.0609993837440096,24.9911632
1680121996.1376224,25,0.0625014901120087,24.9886074
1680121997.1247077,25,0.06452507376200342,24.9851455
1680121998.1102808,25,0.05823077813000424,24.9978199
1680121999.087472,25,0.05156913491400529,25.0107212
1680122000.0872037,25,0.0602146789140056,24.9936828
1680122001.0820642,25,0.06350519212400219,24.9875907
1680122002.0723026,25,0.06105429470000014,24.9927768
1680122003.0569239,25,0.05236161870000056,25.0097713
1680122004.0331576,25,0.04832935202800113,25.0171604
1680122005.0131247,25,0.04791357879998699,25.0173206
1680122005.9926736,25,0.04567613358999314,25.0209693
1680122006.9826267,25,0.04866923261399415,25.0144157
1680122007.965775,25,0.05354179659799419,25.0044937
1680122008.9391432,25,0.04940304072799728,25.0122871
1680122009.9221392,25,0.04236449178400011,25.0253658
1680122010.904617,25,0.044655636743983075,25.020008
1680122011.9340253,25,0.04207950877800157,25.0241489
1680122012.9011173,25,0.04474029909800399,25.0181255
1680122013.887212,25,0.04455346261599014,25.0178089
1680122014.8741062,25,0.04258856061598972,25.0209026
1680122015.8523045,25,0.0362658138440025,25.0323162
1680122016.8339298,25,0.039104789844002175,25.0256137
1680122017.8172114,25,0.04425822582400704,25.0147266
1680122018.7837741,25,0.03575113068800992,25.0305576
1680122019.770185,25,0.038306211385990614,25.0244979
1680122020.7496612,25,0.03887230538599609,25.02248
1680122021.7264273,25,0.038087407497999604,25.0231533
1680122022.719411,25,0.03707392149800001,25.0242118
1680122023.7060273,25,0.04342367626800218,25.0110759
1680122024.7261202,25,0.04459742499400085,25.0083827
1680122025.7119188,25,0.045082677074000654,25.0071315
1680122026.7023888,25,0.047693894084001945,25.0018367
1680122027.6883187,25,0.055933896084001664,24.9859199
1680122028.6784325,25,0.06131076819599887,24.9761066
1680122029.6648693,25,0.06263045923599858,24.974472
1680122030.6577039,25,0.05806114080601133,24.9842319
1680122031.633986,25,0.05917633739801117,24.9826831
1680122032.6140316,25,0.05722965698800693,24.9870853
1680122033.587073,25,0.06294184663600452,24.9765682
1680122034.5707233,25,0.062255591705998294,24.9787769
1680122035.559041,25,0.058879910121996955,24.9860763
1680122036.5369,25,0.060193704281996496,24.9840755
1680122037.5102665,25,0.056928103746003406,24.9909572
1680122038.486411,25,0.0581787517960007,24.9888935
1680122039.4863458,25,0.05545443184399993,24.9945564
1680122040.4812806,25,0.05656009184400056,24.9926395
1680122041.471673,25,0.05694436984399986,24.9921836
1680122042.4590702,25,0.05108366461000214,25.0037593
1680122043.445521,25,0.05292665461000167,25.0000705
1680122044.4420242,25,0.05057511830600124,25.0045928
1680122045.4075997,25,0.05338995107400254,24.9990024
1680122046.394903,25,0.05743323305000885,24.9912548
1680122047.3720038,25,0.05462087639000856,24.9969978
1680122048.3508568,25,0.054685958406008324,24.9969844
1680122049.3279283,25,0.051375058406008076,25.0034675
1680122050.3045917,25,0.055783563468005566,24.9948501
1680122051.2901368,25,0.05722072009201139,24.9922752
1680122052.2704046,25,0.05866460809201183,24.9897956
1680122053.2438428,25,0.05983516810400755,24.9879226
1680122054.293548,25,0.05280093789200858,25.0019111
1680122055.283431,25,0.05406877562200878,24.9993991
1680122056.2595448,25,0.05432443519000934,24.9989299
1680122057.2420294,25,0.05135442787401089,25.0046882
1680122058.2193441,25,0.046575689858011214,25.0137062
1680122059.189193,25,0.046623890028014967,25.0130939
1680122060.1756115,25,0.04859231807601696,25.0088157
1680122061.152374,25,0.03961656407601645,25.0257377
1680122062.1316962,25,0.040028428420003134,25.0239982
1680122063.1281955,25,0.037814732420003105,25.0273323
1680122064.125252,25,0.040236618228004735,25.0216369
1680122065.1169217,25,0.04626661530000542,25.0092029
1680122066.0984135,25,0.04674960130000496,25.007925
1680122067.1343942,25,0.051523435508005797,24.9984416
1680122068.1140895,25,0.053982694088004254,24.9937686
1680122069.0963397,25,0.04933555725600372,25.0029487
1680122070.0895226,25,0.05325276325600364,24.9953022
1680122071.0769012,25,0.050663883256004155,25.0004615
1680122072.0732079,25,0.046187242626007576,25.0090579
1680122073.0601888,25,0.05627791192200648,24.9892978
1680122074.0327306,25,0.055687600402004905,24.990839
1680122075.0119708,25,0.05339746232600973,24.9955902
1680122075.992729,25,0.05520121630600701,24.9922866
1680122076.9789376,25,0.05785480750600662,24.9874725
1680122077.9687822,25,0.06408031907400549,24.9759674
1680122078.9454353,25,0.058693520154001415,24.9872436
1680122079.9287639,25,0.06278947055399926,24.979845
1680122080.9083323,25,0.06675429180002192,24.9729633
1680122081.8847396,25,0.06614749533602104,24.9751548
1680122082.8646376,25,0.06360569158601435,24.9809875
1680122083.8408506,25,0.05741996974601491,24.9936065
1680122084.8170037,25,0.05987537300601158,24.9891242
1680122085.8042536,25,0.05659899739001045,24.9958381
1680122086.7972026,25,0.05250070739001057,25.0038795
1680122087.777303,25,0.05286737746000881,25.0030269
1680122088.7534435,25,0.053877600178008196,25.0009689
1680122089.7335143,25,0.05517933417800802,24.9984283
1680122090.7226045,25,0.05287794139400898,25.0029163
1680122091.7091808,25,0.051517727762009795,25.0054264
1680122092.7000659,25,0.0522175397620103,25.0038719
1680122093.688937,25,0.049901553762009755,25.0081768
1680122094.6588476,25,0.05282206893001106,25.0022487
1680122095.6248238,25,0.04790254968400087,25.0116367
1680122096.6547282,25,0.050175959524000065,25.006813
1680122097.6387935,25,0.04619302566800182,25.0142192
1680122098.6208718,25,0.04933513378600422,25.0076389
1680122099.6183739,25,0.04834427178600342,25.0092506
1680122100.6108983,25,0.048119606218004506,25.0093326
1680122101.5948334,25,0.04989673421800488,25.0055561
1680122102.5816317,25,0.04657014021800491,25.0117397
1680122103.5765631,25,0.04683648087800709,25.0107822
1680122104.5560966,25,0.049971598030007336,25.0043411
1680122105.5341706,25,0.049602679742008854,25.0048866
1680122106.5173504,25,0.05184290216200777,25.000391
1680122107.5034587,25,0.054598310162008216,24.9950771
1680122108.4840817,25,0.05488659286200639,24.994709
1680122109.5037687,25,0.0548367248620067,24.9950084
1680122110.4987557,25,0.05120332086200636,25.0021877
1680122111.4798105,25,0.054095263662006544,24.99654
1680122112.4684372,25,0.04782455966200754,25.0087375
1680122113.4505339,25,0.04584538204201028,25.0122146
1680122114.4231782,25,0.047368376890011596,25.0088214
1680122115.4178984,25,0.04714914383401072,25.0089092
1680122116.397286,25,0.04780432107400549,25.0073108
1680122117.3840106,25,0.04528254475400619,25.0118865
1680122118.3844492,25,0.04534674047400828,25.0113124
1680122119.3631296,25,0.041530100474008985,25.018217
1680122120.345394,25,0.041582572090011295,25.0174369
1680122121.33285,25,0.03945449809001041,25.0208587
1680122122.3341763,25,0.039302108090012104,25.0203495
1680122123.3202133,25,0.04018394648001669,25.0178813
1680122124.2871158,25,0.0377495737600187,25.021902
1680122125.2767146,25,0.038717708430002676,25.0192089
1680122126.2514572,25,0.03463950371000357,25.026329
1680122127.233838,25,0.03958071210800954,25.0158329
1680122128.2157536,25,0.04263529586800905,25.0093555
1680122129.2042596,25,0.045915416658010556,25.0026893
1680122130.195072,25,0.0417555026580106,25.0105857
1680122131.1818721,25,0.047868095890009794,24.9984226
1680122132.1667907,25,0.04963772856201037,24.9950771
1680122133.1503758,25,0.051839130902017465,24.9910278
1680122134.1381438,25,0.056931540738011245,24.9815578
1680122135.125664,25,0.05308219673801154,24.9896697
1680122136.1234949,25,0.05697376993801064,24.9825725
1680122137.1036677,25,0.05564911593801042,24.9857902
1680122138.0774596,25,0.05833342809801002,24.981163
1680122139.0987494,25,0.05819519952201007,24.9821643
1680122140.0760174,25,0.0592253462900035,24.9808464
1680122141.0648158,25,0.05872275429000457,24.9825496
1680122142.044502,25,0.055912441458001845,24.9886112
1680122143.024131,25,0.05444871127801004,24.9918594
1680122144.0019813,25,0.05555951694200917,24.9900302
1680122144.985203,25,0.060643473436002696,24.9806137
1680122145.9649925,25,0.06010487143600153,24.9823951
1680122146.951322,25,0.05925132458399719,24.9846954
1680122147.9246595,25,0.06003623725599563,24.9837646
1680122148.9211164,25,0.060850381351994116,24.9828128
1680122149.912696,25,0.058896037351994224,24.9872322
1680122150.8955154,25,0.055147899841998464,24.9949283
1680122151.9013662,25,0.06070532984199988,24.984436
1680122152.8809648,25,0.05777532216199858,24.9906635
1680122153.861053,25,0.0504551698200003,25.0051059
1680122154.8393207,25,0.04939915009200053,25.0069446
1680122155.8269632,25,0.052906166052000325,24.9999332
1680122156.8190274,25,0.05239502422800106,25.0009193
1680122157.8083541,25,0.05326655954000064,24.9992084
1680122158.8024158,25,0.05877442827599945,24.9886398
1680122159.7953148,25,0.053494793683999675,24.9992294
1680122160.7725503,25,0.05050153514399641,25.0050182
1680122161.763646,25,0.050679350663995974,25.004486
1680122162.7516072,25,0.0490000188539987,25.0075473
1680122163.7370727,25,0.049757564853998376,25.0058002
1680122164.7265906,25,0.05372321672599885,24.9979496
1680122165.7068362,25,0.05618610888599772,24.993288
1680122166.6977024,25,0.058254269755995056,24.9895629
1680122167.6725326,25,0.05414591213999459,24.9978637
1680122168.6529014,25,0.04966107274798985,25.0065784
1680122169.6324093,25,0.054733502699989056,24.9965686
1680122170.6247191,25,0.05548902816998792,24.9952449
1680122171.6049175,25,0.05177554616998828,25.0025691
1680122172.5973592,25,0.05345439428198806,24.9992408
1680122173.5871654,25,0.05483036628198787,24.9966239
1680122174.5731611,25,0.05377775347198703,24.9987773
1680122175.5577517,25,0.04998762484798716,25.0061168
1680122176.5435467,25,0.05195735242998628,25.0020961
1680122177.5323362,25,0.04713283442998614,25.0112934
1680122178.5242844,25,0.052902566429986406,24.9997634
1680122179.5026126,25,0.05599879903798474,24.9938144
1680122180.478002,25,0.05359054187798572,24.998682
1680122181.4997663,25,0.05480724344598487,24.9963951
1680122182.489848,25,0.05933662544598536,24.9878234
1680122183.490904,25,0.05482836051798497,24.9969596
1680122184.4810874,25,0.05454201651798502,24.9976272
1680122185.4582171,25,0.056848645637985265,24.9932785
1680122186.4425097,25,0.06316943890797859,24.9813709
1680122187.4331803,25,0.05966241684397886,24.9888248
1680122188.4244998,25,0.05688592186797846,24.9945907
1680122189.4063964,25,0.05353003579797749,25.0012531
1680122190.395091,25,0.04776136579797728,25.0122985
1680122191.3734107,25,0.05590680088997644,24.9961566
1680122192.358117,25,0.051349491801975865,25.0050716
1680122193.3415935,25,0.049195907353977386,25.0090236
1680122194.3270404,25,0.05101353058397781,25.0051841
1680122195.3139172,25,0.051888817703977894,25.0033035
1680122196.3030207,25,0.05071465179997924,25.0054378
1680122197.2760181,25,0.052654469529977446,25.0014991
1680122198.2666006,25,0.049359921737977416,25.0077819
1680122199.2523596,25,0.04940261173797842,25.0074005
1680122200.2316918,25,0.04248861287798393,25.0204238
1680122201.2055783,25,0.04716901726198425,25.0106506
1680122202.1837716,25,0.04531123992398996,25.0138301
1680122203.1736264,25,0.050845689923989495,25.002655
1680122204.162905,25,0.04831841155599028,25.0074176
1680122205.153161,25,0.04690363173198278,25.0098648
1680122206.1247776,25,0.0449607477319828,25.0132217
1680122207.1132748,25,0.041701871529988714,25.0190029
1680122208.0961154,25,0.04803342943398922,25.0060997
1680122209.0972238,25,0.0470912394339887,25.007677
1680122210.0723114,25,0.05240277711398902,24.9971656
1680122211.0539844,25,0.05518833320998716,24.9919128
1680122212.0451221,25,0.05591248540198685,24.9908256
1680122213.036367,25,0.05519414008199423,24.9925556
1680122214.0248883,25,0.051611820081993574,24.999731
1680122215.0015435,25,0.054207544927992235,24.9947433
1680122215.9722567,25,0.055245693231992174,24.9929447
1680122216.9456804,25,0.05321692197399011,24.9971141
1680122217.9253092,25,0.06319872102998844,24.9780158
1680122218.9081414,25,0.06228046357200465,24.9806041
1680122219.8898234,25,0.055281627556005054,24.9948062
1680122220.8826363,25,0.05479512531600425,24.9959392
1680122221.8596733,25,0.05378038931600313,24.9980468
1680122222.8384256,25,0.053218861828003186,24.9992008
1680122223.867752,25,0.055292978660003454,24.9952487
1680122224.8547974,25,0.053153263380004694,24.999546
1680122225.8369405,25,0.054970164820003775,24.996067
1680122226.8143659,25,0.05848291606800064,24.9894504
1680122227.8034973,25,0.053418404068000566,24.9995956
1680122228.7902954,25,0.05854599017999986,24.9897441
1680122229.7610614,25,0.06242849484001486,24.9826622
1680122230.7481954,25,0.06466558801800759,24.9790019
1680122231.7225075,25,0.06176643677000505,24.9853668
1680122232.7141862,25,0.069275006849998,24.9714736
1680122233.7023177,25,0.06663302684999757,24.9776515
1680122234.6873891,25,0.06419971684999816,24.9831905
1680122235.681679,25,0.06883836320199596,24.9749011
1680122236.7070312,25,0.06675618655000226,24.9798946
1680122237.68945,25,0.06458305246799773,24.9848289
1680122238.6636841,25,0.06212804326799722,24.9901275
1680122239.6460176,25,0.057475341587997004,24.9994544
1680122240.626202,25,0.05766152296399781,24.9991168
1680122241.6139805,25,0.054370096043998256,25.0054836
1680122242.6030464,25,0.058858347915998754,24.9966373
1680122243.591468,25,0.05599477791599802,25.0022735
1680122244.5771024,25,0.056351458215998455,25.001501
1680122245.550578,25,0.05369914554399888,25.0065479
1680122246.5430412,25,0.05379431691999932,25.0061168
1680122247.5375714,25,0.05054937955998943,25.0121288
1680122248.5150206,25,0.05161600755998867,25.0096111
1680122249.5135183,25,0.05345984927198887,25.0056991
1680122250.50647,25,0.052804339271989735,25.0067405
1680122251.4894552,25,0.05465602587198938,25.002922
1680122252.4797866,25,0.046349640271991024,25.018795
1680122253.4713418,25,0.0510955322719905,25.0089454
1680122254.4635766,25,0.05056262254399147,25.0096321
1680122255.45148,25,0.04652979261399613,25.0170269
1680122256.4239883,25,0.050236878197997034,25.0092487
1680122257.4038928,25,0.04829330453198684,25.0126457
1680122258.3910522,25,0.04832397302798825,25.0121078
1680122259.3700361,25,0.042485889747993985,25.0228824
1680122260.3503644,25,0.04070854677199733,25.0254516
1680122261.333103,25,0.043289042771997896,25.0195102
1680122262.330043,25,0.03987343764200544,25.0253429
1680122263.3174355,25,0.03836880364200438,25.0272617
1680122264.2984662,25,0.040761313802006524,25.0216255
1680122265.287645,25,0.041574745018006794,25.0192413
1680122266.308314,25,0.04709811441000594,25.0078697
1680122267.2992878,25,0.04435123077800629,25.0128574
1680122268.293293,25,0.04674872105000795,25.0077571
1680122269.2777333,25,0.05307271940001172,24.9952945
1680122270.2593718,25,0.05061192792801199,25.0002079
1680122271.2468657,25,0.052858632056009415,24.9958744
1680122272.239088,25,0.055937634296011465,24.990118
1680122273.2248144,25,0.052002734776011125,24.998064
1680122274.199858,25,0.056732904694006527,24.9890289
1680122275.1836195,25,0.05427256787800712,24.9941787
1680122276.163268,25,0.050353894582006155,25.0019397
1680122277.150582,25,0.04757982578199958,25.007204
1680122278.1341672,25,0.046522167030001726,25.0089664
1680122279.1085331,25,0.04967810520000232,25.0025539
1680122280.0941412,25,0.045221476608002464,25.0110397
1680122281.0805986,25,0.048464142608003684,25.0043792
1680122282.0611174,25,0.0439501049480084,25.012907
1680122283.0395057,25,0.04716932450000884,25.0062236
1680122284.0185804,25,0.044552311161999404,25.0110301
1680122285.0100338,25,0.04263300069200231,25.0143051
1680122285.995134,25,0.049344960652002,25.0008468
1680122286.9724197,25,0.05101757342800105,24.9975948
1680122287.9650764,25,0.045789688052001884,25.0077457
1680122288.9539258,25,0.04758191910200369,25.0040035
1680122289.943786,25,0.050230930542003185,24.9987545
1680122290.9291859,25,0.04695014854200375,25.0051116
1680122291.9157226,25,0.055772405886002435,24.9879417
1680122292.8985617,25,0.04838429235599974,25.0026149
1680122293.8695753,25,0.04820296309199989,25.0028648
1680122294.8549657,25,0.054511302531997874,24.990612
1680122295.838189,25,0.04635004953999734,25.0066719
1680122296.8164055,25,0.05194607089999588,24.9956512
1680122297.7921817,25,0.050670163699995385,24.99827
1680122298.7811599,25,0.05031467757999679,24.9990196
1680122299.7615004,25,0.05424929293999668,24.9914855
1680122300.743429,25,0.06024853031999007,24.9802646
1680122301.7312005,25,0.05485319639999054,24.991394
1680122302.6962729,25,0.05340720190398852,24.9944992
1680122303.6843495,25,0.05380096983998843,24.9939498
1680122304.676501,25,0.057134481839988885,24.9877719
1680122305.660101,25,0.05384082105399281,24.9945697
1680122306.6450975,25,0.056526183053992235,24.9896144
1680122307.6433508,25,0.05162185742199238,24.9994449
1680122308.6593153,25,0.049062756253991424,25.0043849
1680122309.6376765,25,0.05360639447799188,24.9954757
1680122310.6228662,25,0.04872043508799349,25.0050487
1680122311.6095722,25,0.04865776607999424,25.0049781
1680122312.5902846,25,0.046572384847994024,25.0088024
1680122313.5721107,25,0.05295608443799291,24.9961853
1680122314.5416012,25,0.04928442083799279,25.003395
1680122315.5216994,25,0.053353038823996904,24.9954319
1680122316.515383,25,0.05252202482399758,24.9972057
1680122317.5044856,25,0.051636363563997256,24.9990158
1680122318.5011106,25,0.05179093556399591,24.9987564
1680122319.47609,25,0.04662048045999719,25.0087528
1680122320.453801,25,0.05250748628399781,24.9970932
1680122321.441146,25,0.04750266971999957,25.0068378
1680122322.4375684,25,0.04793422171999944,25.0057449
1680122323.4173105,25,0.04812844887199976,25.0051536
1680122324.4010222,25,0.052259567632001916,24.9970092
1680122325.3980906,25,0.04566537928000283,25.0098114
1680122326.3763247,25,0.045373939280002315,25.0099945
1680122327.3669553,25,0.04615345999000459,25.0081157
1680122328.3464212,25,0.04916921415000531,25.0020065
1680122329.3326333,25,0.04124131571001017,25.0171852
1680122330.3088229,25,0.044259360318010074,25.0107269
1680122331.2919855,25,0.05114833095801047,24.9970645
1680122332.2803695,25,0.05287538473801598,24.9938526
1680122333.2585528,25,0.05259293798601651,24.9946289
1680122334.246549,25,0.05383772317601429,24.9924373
1680122335.220803,25,0.048714299576014385,25.0025825
1680122336.2105093,25,0.04514648998601629,25.0093555
1680122337.18281,25,0.04824228209801713,25.0030441
1680122338.1765835,25,0.051965852482016364,24.9957637
1680122339.1625867,25,0.05090995848201786,24.9979572
1680122340.1432657,25,0.0507979928620178,24.998249
1680122341.1286113,25,0.057411421832014,24.9855899
1680122342.1024842,25,0.05615665586401302,24.9885501
1680122343.0954921,25,0.05525792205601267,24.9907131
1680122344.086259,25,0.051074724056013744,24.9991149
1680122345.0776188,25,0.05458329724601072,24.9923973
1680122346.057526,25,0.05248784881400995,24.9967174
1680122347.0485606,25,0.05455368609400934,24.9928665
1680122348.0195956,25,0.05351465295401393,24.9951362
1680122348.9888117,25,0.04795535822201568,25.0060214
1680122349.9696367,25,0.05008247105401641,25.0017013
1680122350.942967,25,0.05096978928201709,24.9999294
1680122351.9228346,25,0.04969174128201631,25.0023899
1680122352.9111273,25,0.055698227602025155,24.990736
1680122353.9085457,25,0.056463723602023806,24.9896202
1680122354.901299,25,0.051823307602024006,24.9989433
1680122355.8934135,25,0.05581591376202306,24.9913005
1680122356.8645117,25,0.057729899982020584,24.9879474
1680122357.8594234,25,0.06601778481401722,24.9724388
1680122358.8500838,25,0.05946411742201768,24.9861106
1680122359.834767,25,0.06067539737601142,24.9842967
1680122360.8111253,25,0.05751705937601277,24.9909744
1680122361.8041584,25,0.0570622845920108,24.9921913
1680122362.7876794,25,0.06010137907201068,24.986639
1680122363.77397,25,0.05785771388201858,24.9914627
1680122364.7592978,25,0.06120850810601687,24.9853382
1680122365.7414281,25,0.053402810186017384,25.0009136
1680122366.7185621,25,0.052881914986017534,25.0018825
1680122367.7097208,25,0.05387274436601748,24.9999046
1680122368.6826534,25,0.04988952836601831,25.0075683
1680122369.6616523,25,0.047155554558019015,25.0125503
1680122370.6361315,25,0.04660719399400917,25.0131378
1680122371.6285982,25,0.043685904264013115,25.0182609
1680122372.6245747,25,0.04063582226401394,25.0234241
1680122373.6059275,25,0.043593498888014344,25.0168457
1680122374.5924275,25,0.03901166869601677,25.0250244
1680122375.5780363,25,0.037883302796023095,25.026247
1680122376.5574121,25,0.03557864689202505,25.0296878
1680122377.5398371,25,0.035087569612028385,25.0295085
1680122378.5188382,25,0.03623596967200511,25.0261802
1680122379.5053356,25,0.03023339024800658,25.0367393
1680122380.4871438,25,0.03235352837801521,25.0312671
1680122381.4636831,25,0.03344011639402013,25.0280094
1680122382.4324362,25,0.02843367069402864,25.036581
1680122383.4047616,25,0.02813160205403377,25.035799
1680122384.3929994,25,0.034454537358016186,25.0222892
1680122385.3831325,25,0.03421666795802164,25.021902
1680122386.3723454,25,0.03371414795802185,25.022026
1680122387.3670976,25,0.03179381195802219,25.0248718
1680122388.3570292,25,0.03764203995802131,25.0126686
1680122389.3458574,25,0.03442598472602483,25.0183887
1680122390.3374498,25,0.03660121872602523,25.0134983
1680122391.3182533,25,0.04132525373602629,25.0038967
1680122392.2960594,25,0.04093975570402554,25.0044937
1680122393.273277,25,0.04556761125403041,24.9954185
1680122394.2676156,25,0.043188671558029815,25.0001697
1680122395.2575674,25,0.04222383149803108,25.0020198
1680122396.2461076,25,0.041283835498030046,25.0037498
1680122397.2222817,25,0.041808710794030784,25.0025978
1680122398.1996522,25,0.04746102212203064,24.9916229
1680122399.1830666,25,0.047623370320027766,24.9916229
1680122400.175586,25,0.04362814128002678,24.999628
1680122401.1645942,25,0.04878299424003639,24.9897232
1680122402.1574574,25,0.04317253824003639,25.0009078
1680122403.1456904,25,0.04553671024003602,24.9963264
1680122404.1174972,25,0.04751288657203468,24.9926586
1680122405.098623,25,0.045897001292033855,24.996046
1680122406.09127,25,0.04427094119603424,24.9993247
1680122407.0880644,25,0.04347610719603373,25.0008792
1680122408.0743542,25,0.04517067875603324,24.9975852
1680122409.0589597,25,0.04570595475603227,24.9966487
1680122410.0439918,25,0.04420169355603387,24.99967
1680122411.0280368,25,0.041068894736027726,25.0057106
1680122411.995523,25,0.034952751024028596,25.0172634
1680122412.9928548,25,0.035889409034032586,25.0148067
1680122413.9884264,25,0.03285979103403239,25.0200634
1680122414.9795928,25,0.038629335514034496,25.0082015
1680122415.96931,25,0.04118382964203369,25.0029754
1680122416.9593503,25,0.046286725642032976,24.9930477
1680122417.9398267,25,0.04219147468203445,25.001192
1680122418.9307516,25,0.036567806682035166,25.0119609
1680122419.9129584,25,0.042975485610034565,24.9991779
1680122420.9513383,25,0.038329133338032916,25.0081348
1680122421.9340549,25,0.038213629018033844,25.008049
1680122422.9073398,25,0.03701352978402456,25.0100593
1680122423.8936503,25,0.04459361332002533,24.9950923
1680122424.8731875,25,0.04893879054002179,24.9869174
1680122425.8412898,25,0.05060671959602005,24.9842033
1680122426.8360558,25,0.04832136119401721,24.9891929
1680122427.8268178,25,0.05657618319401717,24.9737339
1680122428.8076923,25,0.05866518401001453,24.9707088
1680122429.7909405,25,0.0558120586340136,24.9773082
1680122430.7767062,25,0.058319946634014054,24.9733581
1680122431.7544374,25,0.06174498460603118,24.9677391
1680122432.7407782,25,0.05815615460603091,24.9758815
1680122433.7215455,25,0.05667810908603012,24.979639
1680122434.7071373,25,0.057071849854028675,24.9796524
1680122435.7237968,25,0.05415672198202851,24.9860496
1680122436.704517,25,0.059058340256021996,24.9771327
1680122437.6964,25,0.05155630625602139,24.9924392
1680122438.6841176,25,0.0518959702560215,24.9920768
1680122439.6519349,25,0.0558106724000197,24.9848346
1680122440.6252487,25,0.05263039309402712,24.9915237
1680122441.606243,25,0.05254998387002326,24.9919948
1680122442.599444,25,0.04647084652602459,25.0039958
1680122443.587354,25,0.05032142505602315,24.9964351
1680122444.5761738,25,0.05436692705602218,24.9887924
1680122445.5576668,25,0.05084766747202294,24.9959888
1680122446.5390935,25,0.04900264859202329,24.999691
1680122447.5263805,25,0.04384234622201351,25.0096321
1680122448.5135944,25,0.040184546110015616,25.0163059
1680122449.497454,25,0.047378961430015874,25.0018444
1680122450.4973578,25,0.04188508943001582,25.0123386
1680122451.5032043,25,0.041096789430014866,25.01338
1680122452.4733815,25,0.03813539640601676,25.0185718
1680122453.4608696,25,0.044515089942017194,25.0055923
1680122454.4332578,25,0.04239368263202028,25.0094623
1680122455.422349,25,0.039502185912022314,25.014677
1680122456.40464,25,0.040434292042010746,25.0123271
1680122457.3907838,25,0.041812316794011005,25.0092086
1680122458.3824444,25,0.04778733679401092,24.997364
1680122459.3588831,25,0.04048816146401515,25.0115089
1680122460.3427293,25,0.03856252352801751,25.0147876
1680122461.3303697,25,0.04036175302802003,25.010765
1680122462.3177528,25,0.040961709028020106,25.0091972
1680122463.3068585,25,0.04616797085202002,24.9988307
1680122464.2907717,25,0.04372286645202012,25.00358
1680122465.275776,25,0.04055664346201052,25.0095367
1680122466.2564087,25,0.04017273003801288,25.0099143
1680122467.2372737,25,0.04012715994001485,25.0096321
1680122468.223168,25,0.03849344194001528,25.0124034
1680122469.2123065,25,0.0404270101000152,25.008213
1680122470.1971796,25,0.042716586930017085,25.0034961
1680122471.1837823,25,0.0446728207380163,24.9995994
1680122472.1567926,25,0.04808937918202314,24.9930362
1680122473.147729,25,0.04965970420602255,24.9902782
1680122474.1367393,25,0.05264159690601863,24.984909
1680122475.0995588,25,0.05469598964201667,24.9815273
1680122476.100334,25,0.05642743407401569,24.9788951
1680122477.090106,25,0.05456431610400961,24.9832801
1680122478.0770993,25,0.05124384210401053,24.9903087
1680122479.0759726,25,0.0560406986000089,24.9814453
1680122480.065874,25,0.05567089660000951,24.9828701
1680122481.0540652,25,0.06216478260000946,24.9710407
1680122482.0342982,25,0.052655092280007997,24.9904365
1680122483.0229013,25,0.05461681357001927,24.9870243
1680122483.9980052,25,0.05603725120201459,24.9847736
1680122484.9842553,25,0.0545755553300146,24.9881629
1680122485.9684339,25,0.05671757733001491,24.9844989
1680122486.9463692,25,0.0559500914300099,24.986555
1680122487.9160552,25,0.05142874298200875,24.9957618
1680122488.9088416,25,0.04552310878200219,25.007286
1680122489.8989992,25,0.0433243247820022,25.0112342
1680122490.8811405,25,0.04652926824800462,25.0046443
1680122491.8645666,25,0.04070569408800544,25.0156745
1680122492.8532526,25,0.0360309205360075,25.0240764
1680122493.8315718,25,0.038444492536006465,25.0185089
1680122494.8180377,25,0.041977461296009703,25.0110092
1680122495.800591,25,0.04164485963201071,25.0112323
1680122496.7834227,25,0.04069724336001185,25.0126304
1680122497.767043,25,0.03333670051798907,25.0263309
1680122498.7495131,25,0.03986986251799048,25.0127544
1680122499.7430902,25,0.036657697639995254,25.0184631
1680122500.725552,25,0.0381381796399968,25.0149059
1680122501.7078729,25,0.040092915239996356,25.01058
1680122502.692283,25,0.040844998779999454,25.0087318
1680122503.6732652,25,0.0379924180120012,25.0138988
1680122504.6573603,25,0.04175397821199596,25.006134
1680122505.6510851,25,0.0447287822119953,25.0001773
1680122506.643068,25,0.04657488603599526,24.9966182
1680122507.6233687,25,0.05600330203599548,24.9786167
1680122508.5959182,25,0.046121053827995105,24.9984416
1680122509.5867143,25,0.04434474381199454,25.0019187
1680122510.57868,25,0.045386414291995025,24.9998416
1680122511.5657,25,0.04561469029199495,24.9994087
1680122512.54601,25,0.04914710710799442,24.9926338
1680122513.5280995,25,0.04917497720800101,24.992855
1680122514.5173585,25,0.04867030415199995,24.9940967
1680122515.5030367,25,0.04604001415199964,24.999382
1680122516.487405,25,0.051933450111996494,24.988058
1680122517.4682224,25,0.051374501567994994,24.9895858
1680122518.4556968,25,0.05207327236799222,24.988636
1680122519.4439077,25,0.05352250036799154,24.9862861
1680122520.4417782,25,0.058873353247990444,24.976509
1680122521.4165945,25,0.05296411948798971,24.9887695
1680122522.389705,25,0.05414789670800164,24.9869174
1680122523.3556008,25,0.05398437535599678,24.9877204
1680122524.3462102,25,0.05290656953199567,24.9902534
1680122525.3373044,25,0.04987906153199555,24.9964504
1680122526.3272867,25,0.045812540441997,25.0044097
1680122527.3126037,25,0.041501174889998306,25.0125389
1680122528.2947218,25,0.04664562162599843,25.0021648
1680122529.267484,25,0.05080786776600384,24.9940738
1680122530.2476718,25,0.051557711510000576,24.9928512
1680122531.2578053,25,0.04372595675999843,25.0081825
1680122532.244861,25,0.04439544998999969,25.0065841
1680122533.2252676,25,0.043387303062001226,25.0082798
1680122534.2111166,25,0.041540599062001,25.0115127
1680122535.2011058,25,0.04229909810200416,25.0096168
1680122536.178924,25,0.04114739211800516,25.0114688
1680122537.1594164,25,0.04613980585000339,25.0014286
1680122538.1530118,25,0.04561437385000344,25.0023841
1680122539.139088,25,0.040734274858004405,25.0116844
1680122540.1384096,25,0.04415981788800613,25.0046501
1680122541.1269598,25,0.04102671276800367,25.0104904
1680122542.1112742,25,0.04292554742800461,25.006443
1680122543.1004512,25,0.039634775428004254,25.0125236
1680122544.0897892,25,0.03922264630400868,25.0128498
1680122545.0684698,25,0.04063589030400934,25.0096378
1680122546.0504084,25,0.042012326048009335,25.0066242
1680122547.0328605,25,0.04291819044600565,25.0046329
1680122548.0259721,25,0.04070601244600681,25.0087089
1680122549.0050697,25,0.040757615982006376,25.0082798
1680122549.984476,25,0.03743111685401099,25.0143756
1680122550.9455044,25,0.03882570039601596,25.0111541
1680122551.9430447,25,0.0374435076440164,25.0133914
1680122552.9235857,25,0.04465197964401556,24.9990139
1680122553.9108186,25,0.045815253740015646,24.9968128
1680122554.8999255,25,0.04678606142002026,24.9950656
1680122555.8887434,25,0.046119916396019915,24.9965343
1680122556.876022,25,0.04772166947601787,24.9935836
1680122557.8593388,25,0.04922862147601916,24.9909324
1680122558.8457308,25,0.04762406381201804,24.9943599
1680122559.834884,25,0.04982960581201799,24.9903354
1680122560.82039,25,0.046531772032017034,24.9970474
1680122561.7996736,25,0.053764879552014,24.9832305
1680122562.7874887,25,0.047808113552013885,24.9953308
1680122563.7769938,25,0.0504802295520142,24.9903717
1680122564.7421267,25,0.050787738096020454,24.9901332
1680122565.7048607,25,0.04769095086401966,24.9964637
1680122566.6981359,25,0.04775652389201891,24.9964694
1680122567.6775715,25,0.04716257589201749,24.9977474
1680122568.66836,25,0.0497908219740248,24.9927711
1680122569.6478295,25,0.03679276397402507,25.0180454
1680122570.6352088,25,0.035388916262024755,25.0200634
1680122571.6092675,25,0.03455134325003195,25.0209274
1680122572.59826,25,0.037953683378033065,25.0135879
1680122573.617051,25,0.03460770080203114,25.0194759
1680122574.5997906,25,0.037635178866031294,25.0129127
1680122575.5835652,25,0.037627852962032284,25.0124378
1680122576.5720184,25,0.042346939336034305,25.0028877
1680122577.5626366,25,0.042949223768033215,25.0016174
1680122578.557107,25,0.04054146834403443,25.0061893
1680122579.543728,25,0.03844020180003489,25.0099983
1680122580.5360134,25,0.03845438940002542,25.009592
1680122581.5160842,25,0.04204707036002538,25.0023155
1680122582.5112267,25,0.03914533636002637,25.0078067
1680122583.48678,25,0.039813260588029045,25.0062294
1680122584.473676,25,0.04328702058802895,24.9993095
1680122585.453047,25,0.03498897209003414,25.0153121
1680122586.4284606,25,0.04047130458603461,25.0041828
1680122587.4094102,25,0.04369170938603406,24.9978275
1680122588.3970168,25,0.044806695702037165,24.9957618
1680122589.3866785,25,0.049833695702036995,24.9862575
1680122590.3830247,25,0.048810261702037894,24.9887542
1680122591.3646402,25,0.05497431361203159,24.9773197
1680122592.3562496,25,0.05326279465202977,24.981472
1680122593.339094,25,0.05236761743602867,24.9838962
1680122594.323924,25,0.04679286748602682,24.9952335
1680122595.3128023,25,0.05346732807802683,24.9825706
1680122596.2968197,25,0.05197955799802589,24.9860935
1680122597.293188,25,0.052668331998025154,24.9853038
1680122598.2784796,25,0.05074154399802612,24.9895744
1680122599.2554402,25,0.04368717833202248,25.0035457
1680122600.2309668,25,0.051001121702020126,24.9893379
1680122601.205492,25,0.04542940027801911,25.0004634
1680122602.1929042,25,0.04485278918401977,25.0015563
1680122603.1796284,25,0.04496544318402068,25.0012798
1680122604.1780486,25,0.049292680656020084,24.9929046
1680122605.1733274,25,0.0444368166560197,25.0025157
1680122606.1612084,25,0.04816830665602046,24.995243
1680122607.1469576,25,0.04699816112602189,24.9976749
1680122608.1297812,25,0.050780782070020694,24.9904842
1680122609.1078663,25,0.05166854267001773,24.98913
1680122610.087952,25,0.05257337883001728,24.9878005
1680122611.0663667,25,0.05057941474001409,24.9920997
1680122612.0444467,25,0.052788822404013426,24.9881401
1680122613.0312004,25,0.05399788736402517,24.9862632
1680122614.0103023,25,0.052093522692024705,24.9904479
1680122614.991453,25,0.04866359963202384,24.9974098
1680122616.00262,25,0.05239112763202455,24.9903411
1680122616.9865143,25,0.04925869763202335,24.9967365
1680122617.966268,25,0.05109211755202196,24.993328
1680122618.9474826,25,0.04925993040402179,24.9971046
1680122619.9461617,25,0.04818319840402114,24.9992866
1680122620.9086213,25,0.04738347120402157,25.0008525
1680122621.8719587,25,0.048169339916021583,24.9993076
1680122622.869331,25,0.04962426420602121,24.9965343
1680122623.8647144,25,0.04728978067002136,25.0011577
1680122624.8442175,25,0.04584333467002087,25.0038948
1680122625.8283973,25,0.04756984235602169,25.0004253
1680122626.803093,25,0.04493573728402253,25.0054779
1680122627.7881334,25,0.04365335147602199,25.0077381
1680122628.773439,25,0.039005609846007164,25.0163879
1680122629.7669673,25,0.034623095974008714,25.0242004
1680122630.7477844,25,0.037930823974009126,25.0169086
1680122631.732974,25,0.040602814496014064,25.0111331
1680122632.7194092,25,0.0358122460320147,25.0199298
1680122633.7073872,25,0.030713173802023493,25.0289859
1680122634.6941755,25,0.031151043802023368,25.027029
1680122635.6838498,25,0.031011627386024074,25.0262737
1680122636.668332,25,0.0340440793060251,25.0194435
1680122637.6530833,25,0.03189376130602632,25.0228309
1680122638.636227,25,0.03769824529001609,25.0108032
1680122639.629244,25,0.03242707821002209,25.0205364
1680122640.6211486,25,0.03590231021002256,25.0130634
1680122641.5997927,25,0.038101438050022654,25.008337
1680122642.5762293,25,0.0388542354800247,25.0065765
1680122643.5526571,25,0.04248942384802525,24.9993324
1680122644.5327406,25,0.03620741853602698,25.0114459
1680122645.5222907,25,0.03782617583802012,25.0079021
1680122646.5051942,25,0.03349456183801903,25.0159282
1680122647.4918907,25,0.04251767765801886,24.997961
1680122648.4784074,25,0.039305285658018,25.0042171
1680122649.468249,25,0.04114625242601949,25.0005149
1680122650.4492025,25,0.04101714956601985,25.0007438
1680122651.4305792,25,0.04780517475001878,24.9876537
1680122652.4208558,25,0.04536278322802369,24.9928169
1680122653.4043393,25,0.04780453322802353,24.9883975
1680122654.390497,25,0.04647959887602383,24.9913864
1680122655.359761,25,0.04272596755602369,24.9989356
1680122656.347046,25,0.04902792192402133,24.9868412
1680122657.336719,25,0.04425562592402189,24.9965248
1680122658.3332663,25,0.0452360569240207,24.99477
1680122659.3195817,25,0.04781203650801883,24.9900112
1680122660.3138373,25,0.046453684508020295,24.9930076
