t,i,temp_desired,temp_tc,therm_res,therm_temp
1684273800.4086063,32,0.7799320182499998,30.4744606,0,0
1684273801.4028869,32,0.8582421769114492,30.4128017,0,0
1684273802.4005733,32,0.9349793100719187,30.3563594,0,0
1684273803.3915892,32,1.0138956237977301,30.3004703,0,0
1684273804.3734586,32,1.0927932656104886,30.2462043,0,0
1684273805.3545895,32,1.1608696296791463,30.2149715,0,0
1684273806.340833,32,1.2269712837819404,30.18964,0,0
1684273807.3208125,32,1.2723976232011005,30.2040157,0,0
1684273808.302615,32,1.3112579947133387,30.2320995,0,0
1684273809.2748384,32,1.3347273320790503,30.2828445,0,0
1684273810.260105,32,1.352139644827977,30.3455867,0,0
1684273811.2359953,32,1.3467529275510746,30.4472427,0,0
1684273812.2229366,32,1.3481688072473965,30.5314674,0,0
1684273813.202101,32,1.3022984914646403,30.6972408,0,0
1684273814.1784308,32,1.2728406393731102,30.8262538,0,0
1684273815.1783633,32,1.2139416510964585,31.0029621,0,0
1684273816.1734684,32,1.1448581976580618,31.1888294,0,0
1684273817.1486385,32,1.0722249773232861,31.3718948,0,0
1684273818.1276624,32,0.997412553487689,31.5478382,0,0
1684273819.1039357,32,0.8906465765706275,31.7734947,0,0
1684273820.1016815,32,0.7740240697610068,32.0063629,0,0
1684273821.0814118,32,0.6712338670298367,32.2007865,0,0
1684273822.0671241,32,0.549218738013447,32.4198532,0,0
1684273823.0675812,32,0.4165898897575338,32.6463279,0,0
1684273824.050985,32,0.29036438775753415,32.8483657,0,0
1684273825.020981,32,0.16767782844442325,33.0329818,0,0
1684273826.0040765,32,0.04997177777613109,33.2000198,0,0
1684273826.973586,32,0,33.3646659,0,0
1684273827.9801314,32,0,33.4958038,0,0
1684273828.9663265,32,0,33.6242408,0,0
1684273829.9544585,32,0,33.7262344,0,0
1684273830.920426,32,0,33.7445106,0,0
1684273831.9010487,32,0,33.8902244,0,0
1684273832.8855677,32,0,33.9429588,0,0
1684273833.8812518,32,0,33.95372,0,0
1684273834.8719492,32,0,33.9852828,0,0
1684273835.8585112,32,0,33.9862174,0,0
1684273836.8483355,32,0,33.9646606,0,0
1684273837.827927,32,0,33.8718795,0,0
1684273838.8077836,32,0,33.7408523,0,0
1684273839.7906587,32,0,33.6717872,0,0
1684273840.764193,32,0,33.5218582,0,0
1684273841.7565594,32,0,33.367443,0,0
1684273842.7407174,32,0,33.2137489,0,0
1684273843.734468,32,0,33.0491943,0,0
1684273844.7102022,32,0,32.9410324,0,0
1684273845.700025,32,0,32.7978668,0,0
1684273846.6920166,32,0,32.6527404,0,0
1684273847.6731634,32,0,32.4656562,0,0
1684273848.6528215,32,0,32.3308525,0,0
1684273849.6392,32,0,32.197998,0,0
1684273850.6290221,32,0,32.053112,0,0
1684273851.6200657,32,0.06768102094705775,31.8755912,0,0
1684273852.6087158,32,0.15491630577663973,31.7176151,0,0
1684273853.578682,32,0.24288687578394272,31.5668125,0,0
1684273854.55548,32,0.3283086295478602,31.4293422,0,0
1684273855.5514252,32,0.41511361525180984,31.2965755,0,0
1684273856.5312738,32,0.49531665086899945,31.1845932,0,0
1684273857.5154536,32,0.5667020602655086,31.0941181,0,0
1684273858.4909072,32,0.6469872657031125,30.9940395,0,0
1684273859.4907405,32,0.7287860395943737,30.8946895,0,0
1684273860.4665842,32,0.8035895472018483,30.8147048,0,0
1684273861.442961,32,0.8782301177909569,30.7408275,0,0
1684273862.433447,32,0.9456408820333153,30.6822719,0,0
1684273863.4196026,32,1.0119724838285167,30.6303958,0,0
1684273864.4098778,32,1.07158320491474,30.5951194,0,0
1684273865.3929758,32,1.1243785493202139,30.5734844,0,0
1684273866.3693879,32,1.165051367557009,30.5745525,0,0
1684273867.345024,32,1.2012124854820618,30.5855388,0,0
1684273868.3154204,32,1.2252449914033166,30.6174221,0,0
1684273869.3018775,32,1.252760495499282,30.6415328,0,0
1684273870.311569,32,1.2714892195507648,30.68507,0,0
1684273871.3072622,32,1.2732583952162841,30.7544994,0,0
1684273872.290255,32,1.2677776722981269,30.834156,0,0
1684273873.2713256,32,1.2507279411227643,30.9310169,0,0
1684273874.2374892,32,1.2368638731317947,31.0161571,0,0
1684273875.2243168,32,1.2038153354406445,31.1328372,0,0
1684273876.2171965,32,1.1800204229683917,31.2266025,0,0
1684273877.2028418,32,1.1293317072607565,31.3645935,0,0
1684273878.1899478,32,1.0752083160202068,31.5022354,0,0
1684273879.1734953,32,1.011527011816712,31.6504077,0,0
1684273880.1600513,32,0.9456544404837594,31.7943477,0,0
1684273881.141001,32,0.8763781549762305,31.9365749,0,0
1684273882.123524,32,0.803548524937983,32.0776863,0,0
1684273883.1115265,32,0.7353522141746937,32.2024154,0,0
1684273884.0923042,32,0.6617891871725695,32.3302383,0,0
1684273885.0684986,32,0.5893106828567681,32.4489173,0,0
1684273886.0422258,32,0.5064853505852979,32.580513,0,0
1684273887.02088,32,0.4286752215409608,32.6954536,0,0
1684273887.9981186,32,0.3560545440110312,32.7947731,0,0
1684273888.9782166,32,0.28941494575576604,32.8766784,0,0
1684273889.9540582,32,0.2220125118663596,32.9551086,0,0
1684273890.9311066,32,0.16793285338759828,33.0045471,0,0
1684273891.9038627,32,0.12171872477773649,33.0370178,0,0
1684273892.8850725,32,0.07114848221607864,33.0755043,0,0
1684273893.8706532,32,0.03249038781147342,33.0890426,0,0
1684273894.8603036,32,0.005390822161041684,33.0789794,0,0
1684273895.853173,32,0,33.0636863,0,0
1684273896.842703,32,0,33.0490875,0,0
1684273897.822475,32,0,33.0312271,0,0
1684273898.7965195,32,0,33.0088996,0,0
1684273899.8120089,32,0,32.9469223,0,0
1684273900.792616,32,0,32.8872947,0,0
1684273901.7734137,32,0,32.8181228,0,0
1684273902.758976,32,0,32.7402,0,0
1684273903.7556064,32,0,32.6701774,0,0
1684273904.7517447,32,0,32.6030883,0,0
1684273905.7327218,32,0.01606496528121162,32.5068588,0,0
1684273906.7204134,32,0.04217179120775138,32.428543,0,0
1684273907.7012217,32,0.07773531943925831,32.3380622,0,0
1684273908.681139,32,0.11570676505333324,32.2472343,0,0
1684273909.657491,32,0.14942203258552922,32.1697196,0,0
1684273910.6374876,32,0.19285460208654412,32.0784759,0,0
1684273911.6337566,32,0.23927761998005978,31.9864616,0,0
1684273912.6071565,32,0.2786031679862727,31.9125747,0,0
1684273913.5862334,32,0.3354331118559675,31.8108005,0,0
1684273914.5734797,32,0.3807434942810871,31.7351074,0,0
1684273915.5595126,32,0.43056849966317384,31.6558265,0,0
1684273916.5424552,32,0.4817172524600611,31.5787353,0,0
1684273917.5161765,32,0.5275648580835784,31.5150108,0,0
1684273918.5124915,32,0.5773839765359132,31.4480381,0,0
1684273919.4858518,32,0.6188370514439288,31.4001598,0,0
1684273920.4646246,32,0.6585244175252785,31.3580074,0,0
1684273921.4513743,32,0.7064838998294363,31.3034515,0,0
1684273922.4218783,32,0.7452496536691974,31.2686939,0,0
1684273923.408088,32,0.7810015214084424,31.2418365,0,0
1684273924.3868778,32,0.8098634860179637,31.2293224,0,0
1684273925.374271,32,0.8364701302951448,31.2212944,0,0
1684273926.3576875,32,0.8675711059979362,31.206808,0,0
1684273927.3640983,32,0.8884946239979352,31.2118587,0,0
1684273928.3544166,32,0.9037645564815994,31.2267684,0,0
1684273929.3303936,32,0.9193193928673182,31.2405643,0,0
1684273930.320008,32,0.9307464473137631,31.2611904,0,0
1684273931.2969105,32,0.9282728501031039,31.3059825,0,0
1684273932.2863796,32,0.9310913518770784,31.3401756,0,0
1684273933.2585495,32,0.9223660292252673,31.3930683,0,0
1684273934.2461019,32,0.9106993807124037,31.4484043,0,0
1684273935.2160385,32,0.9068016193572445,31.4868564,0,0
1684273936.1823976,32,0.8932227198503573,31.5404109,0,0
1684273937.178236,32,0.8692004542013756,31.6110858,0,0
1684273938.168577,32,0.8513153410549095,31.6671428,0,0
1684273939.1552174,32,0.8255552364509616,31.733879,0,0
1684273940.1384335,32,0.7809565785252364,31.832529,0,0
1684273941.1181922,32,0.7392744876814091,31.92066,0,0
1684273942.1249173,32,0.6954912308403809,32.0078506,0,0
1684273943.1175253,32,0.6531149910718609,32.087532,0,0
1684273944.1105006,32,0.6119512185862809,32.1605186,0,0
1684273945.0872366,32,0.5752995183263436,32.220848,0,0
1684273946.0672643,32,0.5354621612389671,32.2841529,0,0
1684273947.0484414,32,0.5032917234371456,32.3294334,0,0
1684273948.025783,32,0.47292873802962876,32.3685264,0,0
1684273949.0067601,32,0.44306890699587576,32.4044113,0,0
1684273949.993146,32,0.4148275495912281,32.4352951,0,0
1684273950.9696522,32,0.38108666699407223,32.4745864,0,0
1684273951.9393601,32,0.3436773975861855,32.519104,0,0
1684273952.9260044,32,0.30111068767721716,32.5704345,0,0
1684273953.9190872,32,0.27459111591013946,32.5893058,0,0
1684273954.9310105,32,0.23374998468300137,32.6320381,0,0
1684273955.9249954,32,0.20457649356472107,32.6517295,0,0
1684273956.897904,32,0.18450183362494055,32.6536064,0,0
1684273957.87139,32,0.1620144080571228,32.6601066,0,0
1684273958.8479462,32,0.1241863419264225,32.6948242,0,0
1684273959.8214364,32,0.07845762715169524,32.7428207,0,0
1684273960.7922597,32,0.02679250827714154,32.7988395,0,0
1684273961.7783105,32,0,32.8600845,0,0
1684273962.7675123,32,0,32.9116554,0,0
1684273963.7337222,32,0,32.9700202,0,0
1684273964.7204418,32,0,32.9763946,0,0
1684273965.7100863,32,0,32.9172668,0,0
1684273966.7065735,32,0,32.8256721,0,0
1684273967.6878195,32,0,32.7859916,0,0
1684273968.6689343,32,0,32.7557983,0,0
1684273969.6952019,32,0,32.7798042,0,0
1684273970.6824174,32,0,32.7986984,0,0
1684273971.6583848,32,0,32.8198547,0,0
1684273972.6453855,32,0,32.821598,0,0
1684273973.6334677,32,0,32.8509178,0,0
1684273974.6107576,32,0,32.8610725,0,0
1684273975.5978243,32,0,32.8695335,0,0
1684273976.5802717,32,0,32.8475837,0,0
1684273977.57064,32,0,32.8331413,0,0
1684273978.5428014,32,0,32.8118858,0,0
1684273979.520297,32,0,32.8047447,0,0
1684273980.5003288,32,0,32.7579917,0,0
1684273981.4896135,32,0,32.7276458,0,0
1684273982.475756,32,0,32.7887916,0,0
1684273983.468251,32,0,32.6508407,0,0
1684273984.4504313,32,0,32.6275482,0,0
1684273985.4217157,32,0,32.580902,0,0
1684273986.3992712,32,0,32.5463943,0,0
1684273987.3751805,32,0,32.5034828,0,0
1684273988.3549266,32,0,32.4604377,0,0
1684273989.3503654,32,0,32.4170303,0,0
1684273990.3411415,32,0,32.3652648,0,0
1684273991.3256586,32,0,32.317295,0,0
1684273992.3179314,32,0,32.2699317,0,0
1684273993.3006935,32,0,32.2244377,0,0
1684273994.2837358,32,0,32.1666374,0,0
1684273995.277697,32,0,32.1160125,0,0
1684273996.2476256,32,0,32.0714607,0,0
1684273997.2407882,32,0,32.0243644,0,0
1684273998.2336302,32,0.021231337999999978,31.9611339,0,0
1684273999.226858,32,0.04260843885640773,31.9224777,0,0
1684274000.2164862,32,0.07584753455142729,31.8644065,0,0
1684274001.1889677,32,0.11059656007965915,31.806343,0,0
1684274002.1853678,32,0.135506545533674,31.7696857,0,0
1684274003.1780093,32,0.17004724699715307,31.7178268,0,0
