t,i,temp_desired,temp_tc,therm_res,therm_temp
1684264365.1293747,32,0.3560091172386237,31.6477947,0,0
1684264366.5558105,32,0.4494503620417694,31.5725746,0,0
1684264367.6366625,32,0.5200943462284744,31.5175476,0,0
1684264368.7350347,32,0.5998164615952715,31.4559268,0,0
1684264369.8212605,32,0.6711584030647403,31.4038639,0,0
1684264370.8920674,32,0.7370208579368278,31.3587398,0,0
1684264371.9588733,32,0.8043092678955159,31.3133487,0,0
1684264373.0338793,32,0.8580043153140642,31.2828464,0,0
1684264374.1226666,32,0.8867497099006684,31.2774677,0,0
1684264375.2240498,32,0.9096039221142972,31.278614,0,0
1684264376.3199985,32,0.8873090957171316,31.3231239,0,0
1684264377.398597,32,0.8684429275639137,31.3628997,0,0
1684264378.5069788,32,0.8275139078586238,31.4227733,0,0
1684264379.5831227,32,0.7540592419188241,31.5122222,0,0
1684264380.6797402,32,0.6737786618653389,31.6052684,0,0
1684264381.7750459,32,0.5940423670641456,31.695156,0,0
1684264382.8764722,32,0.48295064809237626,31.8124046,0,0
1684264383.9933283,32,0.3760696507777776,31.9218845,0,0
1684264385.1095247,32,0.26398533252778145,32.0328598,0,0
1684264386.216218,32,0.13781915179558618,32.1539726,0,0
1684264387.318389,32,0.011953249170585545,32.2707023,0,0
1684264388.4371843,32,0,32.3644409,0,0
1684264389.5586405,32,0,32.4475212,0,0
1684264390.6749172,32,0,32.5260887,0,0
1684264391.8094733,32,0,32.5907173,0,0
1684264392.9235342,32,0,32.6079864,0,0
1684264394.108712,32,0,32.6256904,0,0
1684264395.2540967,32,0,32.6344451,0,0
1684264396.4139142,32,0,32.641941,0,0
1684264397.5444705,32,0,32.626461,0,0
1684264398.6834075,32,0,32.6012878,0,0
1684264399.8334312,32,0,32.5856742,0,0
1684264400.9882822,32,0,32.5585937,0,0
1684264402.163899,32,0,32.534542,0,0
1684264403.3391724,32,0,32.4759063,0,0
1684264404.599284,32,0,32.4222831,0,0
1684264406.1902251,32,0,32.3696937,0,0
1684264407.3478048,32,0,32.3100433,0,0
1684264408.5739243,32,0,32.2585601,0,0
1684264409.803379,32,0,32.2067337,0,0
1684264411.052715,32,0,32.1514892,0,0
1684264412.2308614,32,0,32.1002464,0,0
1684264413.4094017,32,0,32.0327911,0,0
1684264414.5802777,32,0.011358810680083287,31.989027,0,0
1684264415.7860565,32,0.07805391452251409,31.9250373,0,0
1684264417.2114952,32,0.15531955859215488,31.854063,0,0
1684264418.4460375,32,0.21782390481917674,31.7990055,0,0
1684264419.6407528,32,0.27760449482055666,31.7481918,0,0
1684264420.8446238,32,0.3373656533032722,31.6992835,0,0
1684264422.1049645,32,0.40598234580327275,31.6440162,0,0
1684264423.3646054,32,0.47236693193086643,31.5930862,0,0
1684264424.5741196,32,0.5271891958084141,31.5545539,0,0
1684264425.800417,32,0.5650075851966927,31.5337715,0,0
1684264427.0377276,32,0.6032820284397917,31.5135211,0,0
1684264428.5768697,32,0.631635488110529,31.5080013,0,0
1684264429.8576646,32,0.6320101379409464,31.5258483,0,0
1684264431.1043963,32,0.6282566209509421,31.5463943,0,0
1684264432.3465247,32,0.6101338684509408,31.5802574,0,0
1684264433.6225834,32,0.5744025610843048,31.6302108,0,0
1684264434.9059463,32,0.5319689688709167,31.6847591,0,0
1684264436.154904,32,0.4776920778322107,31.748352,0,0
1684264437.4120774,32,0.4085391264813083,31.8241825,0,0
1684264438.6849287,32,0.3369486212717018,31.8995838,0,0
1684264439.9815583,32,0.2598702606977553,31.9775466,0,0
1684264441.2350762,32,0.17193992444775735,32.0631103,0,0
1684264442.4908257,32,0.10022658705642251,32.1298904,0,0
1684264443.7500367,32,0.02018836186537995,32.2024345,0,0
1684264445.3203907,32,0,32.2670822,0,0
1684264446.6469936,32,0,32.31007,0,0
1684264447.9303524,32,0,32.3341941,0,0
1684264449.2129006,32,0,32.3345146,0,0
1684264450.7994118,32,0,32.3279418,0,0
1684264452.0792084,32,0,32.3149757,0,0
1684264453.4121659,32,0,32.2891578,0,0
1684264454.703183,32,0,32.2546768,0,0
1684264456.2571726,32,0,32.2117271,0,0
1684264457.6445966,32,0,32.1618881,0,0
1684264458.9675446,32,0,32.1186294,0,0
1684264460.2854674,32,0.03810523209187336,32.0609169,0,0
1684264461.9444733,32,0.12340787797984604,31.9767684,0,0
1684264463.3974843,32,0.18224419558034802,31.92136,0,0
1684264464.7060964,32,0.24951272439069247,31.859621,0,0
1684264466.0136962,32,0.30662635974948266,31.809904,0,0
1684264467.6327946,32,0.37269289587448234,31.7557449,0,0
1684264468.9458845,32,0.4276144256203137,31.7122859,0,0
1684264470.258108,32,0.48150608886521956,31.6711883,0,0
1684264471.5845466,32,0.5149291924879361,31.6517944,0,0
1684264473.1686172,32,0.5554189067982993,31.6288738,0,0
1684264474.57922,32,0.5592367520084505,31.6400756,0,0
1684264475.891098,32,0.5629454398506772,31.650299,0,0
1684264477.219455,32,0.5465646519884666,31.6793117,0,0
1684264478.8671,32,0.5085256799801348,31.7307281,0,0
1684264480.350464,32,0.47076484859817713,31.7783565,0,0
1684264481.7027245,32,0.42212489395985137,31.8337783,0,0
1684264483.0589852,32,0.36365102265146865,31.8964252,0,0
1684264484.5433087,32,0.290981114591353,31.9704132,0,0
1684264485.9026906,32,0.22814428659135255,32.0319328,0,0
1684264487.2693057,32,0.16475608460088476,32.091587,0,0
1684264488.6592133,32,0.10254988037664042,32.1476325,0,0
1684264490.1621842,32,0.04312954424586904,32.1980514,0,0
1684264491.5417721,32,0,32.2431869,0,0
1684264492.9777832,32,0,32.2501106,0,0
1684264494.4276767,32,0,32.2712936,0,0
1684264495.9407756,32,0,32.2593269,0,0
1684264497.3583045,32,0,32.2433433,0,0
1684264498.74305,32,0,32.2191352,0,0
1684264500.4755151,32,0,32.1868858,0,0
1684264501.9664834,32,0.020425996272632363,32.1410179,0,0
1684264503.3852942,32,0.06605718883321521,32.091484,0,0
1684264504.7924118,32,0.13245634513714827,32.0240592,0,0
1684264506.6123576,32,0.20006575338025362,31.9586963,0,0
1684264508.0710564,32,0.2591763875385221,31.9037799,0,0
1684264509.4678447,32,0.31658550039034017,31.8525886,0,0
1684264510.9241793,32,0.3735098572635889,31.8041992,0,0
1684264512.497232,32,0.4205360302761584,31.7680492,0,0
1684264513.903607,32,0.4561113501385248,31.7434196,0,0
1684264515.323452,32,0.5013069879521681,31.7104377,0,0
1684264516.863404,32,0.5132885530133577,31.7118301,0,0
1684264518.4630165,32,0.5214249647657039,31.7172164,0,0
1684264519.8923779,32,0.5182124733240459,31.7319831,0,0
1684264521.331869,32,0.500690205852638,31.7598648,0,0
1684264523.2820914,32,0.4460215617363056,31.8247985,0,0
1684264524.7562797,32,0.3990885507374568,31.8771457,0,0
1684264526.224145,32,0.3357736594532477,31.9429721,0,0
1684264527.7088075,32,0.27214723264818613,32.0063171,0,0
1684264529.3409686,32,0.20670843814818213,32.0684204,0,0
1684264530.800933,32,0.14816845835263015,32.1216049,0,0
1684264532.2502532,32,0.09146265774220758,32.1709365,0,0
1684264534.1598623,32,0.022490668773654965,32.2268295,0,0
1684264535.6794262,32,0,32.2527618,0,0
1684264537.1460376,32,0,32.2627105,0,0
1684264538.6797585,32,0,32.260353,0,0
1684264540.5491378,32,0,32.2378196,0,0
1684264541.9921246,32,0,32.2221183,0,0
1684264543.484489,32,0.009208282975118276,32.1742858,0,0
1684264545.4966617,32,0.06919428297511823,32.10783,0,0
1684264547.168427,32,0.13842208163135591,32.0367584,0,0
1684264548.6573083,32,0.1912076466313512,31.984663,0,0
1684264550.3662777,32,0.2576041407948466,31.9222393,0,0
1684264551.993316,32,0.32859017029484605,31.8581676,0,0
1684264553.4922633,32,0.3741247027948493,31.8207015,0,0
1684264555.0104678,32,0.43456825348566885,31.7706871,0,0
1684264556.915505,32,0.4836753354653448,31.736639,0,0
1684264558.4220421,32,0.507003175351419,31.7257747,0,0
1684264559.9642184,32,0.51751778802042,31.7277717,0,0
1684264561.8944392,32,0.5038039086448649,31.7555789,0,0
1684264563.5311866,32,0.4787413608856839,31.7909278,0,0
1684264565.0600996,32,0.4443792162254788,31.832962,0,0
1684264566.736835,32,0.3862151520577303,31.8963737,0,0
1684264568.4537268,32,0.3114831564187668,31.9725227,0,0
1684264570.0556104,32,0.2449711734219024,32.0372543,0,0
1684264571.5918732,32,0.17478226570552308,32.1027221,0,0
1684264573.4956973,32,0.1133081368517172,32.1553153,0,0
1684264575.0488436,32,0.051287763460227564,32.2076072,0,0
1684264576.5916905,32,0.06708403410339625,32.1833038,0,0
1684264578.6070528,32,0,32.262886,0,0
1684264580.2275903,32,0,32.2747268,0,0
1684264581.8123124,32,0,32.2557601,0,0
1684264583.7227442,32,0,32.2166061,0,0
1684264585.4659033,32,0.00017776406440453418,32.1867065,0,0
1684264587.0293634,32,0.04498372842143372,32.1354866,0,0
1684264588.6490474,32,0.09207223516899851,32.0843276,0,0
1684264590.3424542,32,0.16024121838111802,32.0153732,0,0
1684264591.9017768,32,0.23218941215952804,31.9459342,0,0
1684264593.4851928,32,0.2871450031827356,31.8959064,0,0
1684264595.5436633,32,0.3711842245141731,31.8228321,0,0
1684264597.3005142,32,0.4381023487350796,31.7681884,0,0
1684264598.8941054,32,0.48269141438340435,31.7362136,0,0
1684264601.0497143,32,0.5172090796750578,31.7198181,0,0
1684264602.6601977,32,0.5237776940539874,31.7264614,0,0
1684264604.2632499,32,0.520764004270306,31.7418212,0,0
1684264606.3759985,32,0.48693954664530614,31.7890911,0,0
1684264607.9590323,32,0.44199884602231404,31.8415336,0,0
1684264609.5121007,32,0.3945046309500561,31.8939952,0,0
1684264611.2921972,32,0.3177587438570218,31.9722251,0,0
1684264612.943905,32,0.2502551695992169,32.0378646,0,0
1684264614.5070791,32,0.17449793762452437,32.1084861,0,0
1684264616.1231272,32,0.10317382956231036,32.1716041,0,0
1684264618.042845,32,0.04570252314369655,32.216587,0,0
1684264619.6468349,32,0,32.2681922,0,0
1684264621.2762458,32,0,32.2799911,0,0
1684264623.4420958,32,0,32.2749862,0,0
1684264625.0817256,32,0,32.2728614,0,0
1684264626.7303565,32,0,32.2350692,0,0
1684264628.8618062,32,0.014192787874885815,32.1677818,0,0
1684264630.5080216,32,0.06278835525547094,32.113594,0,0
1684264632.2175782,32,0.12319651359565756,32.050579,0,0
1684264634.3230195,32,0.21539533223170493,31.9608402,0,0
1684264636.1464128,32,0.28195516812782884,31.8998222,0,0
1684264637.815993,32,0.3445966968716373,31.8448867,0,0
1684264639.9031458,32,0.4157093102799002,31.7871456,0,0
1684264641.6073494,32,0.4570088927174382,31.7581996,0,0
1684264643.2487347,32,0.49985598803004483,31.7287082,0,0
1684264645.3342757,32,0.5243626688018168,31.7215595,0,0
1684264646.997843,32,0.5189740603681607,31.7399902,0,0
1684264648.667328,32,0.502853172400786,31.7677536,0,0
1684264650.9206512,32,0.4408889589101597,31.8404178,0,0
1684264652.6064186,32,0.39401304787989666,31.892723,0,0
1684264654.276054,32,0.32726774286399035,31.9614219,0,0
1684264656.319297,32,0.227655702056554,32.0575027,0,0
1684264657.9956439,32,0.16395166527329158,32.1154174,0,0
1684264659.6684012,32,0.09004900354780948,32.1802825,0,0
1684264661.6553552,32,0.020609130788727337,32.2356872,0,0
1684264663.617329,32,0,32.2703971,0,0
1684264665.3271706,32,0,32.2790794,0,0
1684264667.5114076,32,0,32.2633285,0,0
1684264669.210349,32,0,32.2425804,0,0
1684264670.9202466,32,0,32.1995887,0,0
1684264673.1868467,32,0.04738445276719941,32.130001,0,0
1684264674.888769,32,0.09483610254569586,32.0785369,0,0
1684264676.5904074,32,0.15722237404181297,32.0153656,0,0
1684264678.9009998,32,0.25496329962000436,31.9229698,0,0
1684264680.9740305,32,0.3332055956536438,31.8537731,0,0
1684264682.6976824,32,0.39796942725566076,31.799448,0,0
1684264685.0499134,32,0.46287096711274683,31.7519798,0,0
1684264686.8169825,32,0.5059884702253279,31.7235107,0,0
1684264688.559816,32,0.5184691810487371,31.7253189,0,0
1684264690.7623408,32,0.5125895563200632,31.7478694,0,0
1684264692.5393684,32,0.4968362178457863,31.7756118,0,0
1684264694.3020973,32,0.4588122707214795,31.8230075,0,0
1684264696.2450619,32,0.3854107132352154,31.9021453,0,0
1684264697.9982924,32,0.32107908548521463,31.9681491,0,0
1684264699.740507,32,0.23581334281295574,32.0507736,0,0
1684264701.7223344,32,0.15943108005380452,32.1200637,0,0
1684264703.4764566,32,0.08548889601703008,32.1841659,0,0
1684264705.2436595,32,0.018717342152261895,32.2383117,0,0
1684264707.2956035,32,0,32.2619209,0,0
1684264709.049404,32,0,32.269844,0,0
1684264710.8320975,32,0,32.2520217,0,0
1684264712.8178198,32,0,32.216072,0,0
1684264714.6576645,32,0.021061921968367453,32.1699905,0,0
1684264716.4735305,32,0.0666419485366545,32.1179962,0,0
1684264718.3635917,32,0.12420788108314712,32.0571861,0,0
1684264720.1804597,32,0.2066445324150891,31.9760513,0,0
1684264721.9829047,32,0.2634692762672796,31.9233932,0,0
1684264724.089022,32,0.36345522708548206,31.8338451,0,0
1684264725.8843968,32,0.4216055732491276,31.7871685,0,0
1684264727.7604725,32,0.4731146838741279,31.7497367,0,0
1684264729.9211674,32,0.515877593966866,31.7248916,0,0
1684264731.7334619,32,0.5287351230135383,31.7268886,0,0
1684264734.0951161,32,0.513033114245834,31.7595024,0,0
1684264735.9035835,32,0.4930973895282427,31.7909049,0,0
1684264737.7705348,32,0.43043022702824285,31.86137,0,0
1684264740.1560357,32,0.3306076509032428,31.9637737,0,0
1684264741.9796946,32,0.24686724342695338,32.0450439,0,0
1684264743.8321302,32,0.161807811270808,32.1232833,0,0
1684264746.0422337,32,0.07609025138528891,32.1961326,0,0
1684264747.8683426,32,0.005050866526276954,32.2530517,0,0
1684264749.736282,32,0,32.2829208,0,0
1684264751.797628,32,0,32.2916946,0,0
1684264753.6476712,32,0,32.2761154,0,0
1684264755.5927033,32,0,32.2457542,0,0
1684264757.6935387,32,0.001526763262843872,32.1816673,0,0
1684264759.5495677,32,0.06460205858726806,32.1123275,0,0
1684264762.067933,32,0.16197963375133806,32.0139007,0,0
1684264764.0433764,32,0.24952301301569663,31.9304943,0,0
1684264765.9148085,32,0.33792983487511224,31.8504333,0,0
1684264768.2648802,32,0.42628458825825355,31.7778034,0,0
1684264770.137551,32,0.4875152476332541,31.7316665,0,0
1684264772.0730414,32,0.5381992122799936,31.6985111,0,0
1684264774.022926,32,0.5544997895382576,31.6996631,0,0
1684264775.9095623,32,0.5542787534757956,31.7159957,0,0
1684264778.347101,32,0.5027821924672633,31.7833328,0,0
1684264780.2522805,32,0.44358906499281286,31.8510475,0,0
1684264782.1454318,32,0.3643929247730702,31.9339866,0,0
1684264784.6359742,32,0.23998831977306867,32.0543174,0,0
1684264786.5275323,32,0.1465577467477912,32.1398162,0,0
1684264788.44303,32,0.06641580733204228,32.2080612,0,0
1684264790.69619,32,0,32.274208,0,0
1684264792.6190493,32,0,32.3043518,0,0
1684264795.0831842,32,0,32.3013763,0,0
1684264797.307471,32,0,32.2687454,0,0
1684264799.2283473,32,0,32.2109031,0,0
1684264801.7511766,32,0.042393668639816445,32.1334571,0,0
1684264803.6804848,32,0.11293214841365898,32.0594902,0,0
1684264805.673002,32,0.1991059404136592,31.9748268,0,0
1684264807.8799772,32,0.2968189556013486,31.8847351,0,0
1684264809.826521,32,0.36524175685145277,31.8264789,0,0
1684264812.3652432,32,0.4747011137441297,31.7369899,0,0
1684264814.3184223,32,0.5296468831028499,31.6996421,0,0
1684264816.271463,32,0.5590787242168318,31.6884632,0,0
1684264818.5478208,32,0.5730874167524594,31.6953048,0,0
1684264820.4941676,32,0.5508310513671146,31.7330799,0,0
1684264822.9598582,32,0.47977395288033986,31.8176441,0,0
1684264824.916279,32,0.4025710876159724,31.9007091,0,0
1684264826.8753335,32,0.31592625041194,31.9880542,0,0
1684264829.4794447,32,0.17747263831533883,32.1173248,0,0
1684264831.455744,32,0.08618638371609222,32.1969757,0,0
1684264833.6452017,32,0,32.2818717,0,0
1684264835.6182718,32,0,32.3161926,0,0
1684264837.5872328,32,0,32.3364257,0,0
1684264840.1955805,32,0,32.3077163,0,0
1684264842.163737,32,0,32.2685928,0,0
1684264844.1491833,32,0,32.2097244,0,0
1684264846.5252407,32,0.04160133692969703,32.1232185,0,0
1684264848.5289936,32,0.12567403692969914,32.03693,0,0
1684264851.3610559,32,0.2598653671302689,31.910345,0,0
1684264854.0603971,32,0.38147729446078815,31.8044929,0,0
1684264856.7587109,32,0.5039707231480001,31.7058601,0,0
1684264858.7530403,32,0.560174709148,31.6694869,0,0
1684264860.790126,32,0.6063540357385633,31.6449413,0,0
1684264863.0820851,32,0.6108370031801198,31.6636371,0,0
1684264865.1089108,32,0.5831080824567629,31.7090911,0,0
1684264867.5476284,32,0.5024992319312793,31.8040275,0,0
1684264869.5802584,32,0.41882351265166967,31.8941555,0,0
1684264871.6170478,32,0.3132218595286692,31.9997711,0,0
1684264874.186618,32,0.14961499493382557,32.1516494,0,0
1684264876.220581,32,0.04159356536366016,32.2448616,0,0
1684264878.792435,32,0,32.3275947,0,0
1684264880.8360813,32,0,32.3745498,0,0
1684264882.8914402,32,0,32.3610801,0,0
1684264885.358104,32,0,32.344387,0,0
1684264887.43427,32,0,32.3014907,0,0
1684264890.1771169,32,0,32.1965866,0,0
1684264892.3837085,32,0.03580105485036869,32.1122245,0,0
1684264894.5458665,32,0.11756826901329376,32.0285949,0,0
1684264896.6131153,32,0.22003949344746507,31.9304294,0,0
1684264898.6463015,32,0.3368080163673479,31.8244419,0,0
1684264901.627822,32,0.4693269092236968,31.7171192,0,0
1684264903.6609373,32,0.5343311035242914,31.6720943,0,0
1684264906.3647704,32,0.6200369239017294,31.6174125,0,0
1684264908.7736871,32,0.6287744308272813,31.6350193,0,0
1684264910.8511372,32,0.6271474745346828,31.6579685,0,0
1684264913.332586,32,0.5468486311471331,31.7564258,0,0
1684264915.4094045,32,0.4416776798561406,31.8697185,0,0
1684264918.218407,32,0.2883103723281961,32.0212898,0,0
1684264920.3334095,32,0.1485379744566716,32.1514739,0,0
1684264922.53216,32,0.012911385451717716,32.2693023,0,0
1684264924.9177268,32,0,32.3489799,0,0
1684264927.056289,32,0,32.3874053,0,0
1684264929.8124945,32,0,32.3789901,0,0
1684264931.8941672,32,0,32.345436,0,0
1684264934.648194,32,0,32.2667617,0,0
1684264936.9516623,32,0,32.1805419,0,0
1684264939.1045175,32,0.04075788602606839,32.0978317,0,0
1684264941.2980275,32,0.13856933943606697,32.000019,0,0
1684264943.4561803,32,0.24143283070542335,31.9034061,0,0
1684264946.2033105,32,0.37813413470542345,31.7844848,0,0
1684264948.3114722,32,0.4791919471337954,31.7022647,0,0
1684264950.9030645,32,0.570265528850094,31.6391029,0,0
1684264953.0525413,32,0.6259946791700823,31.6085186,0,0
1684264955.199214,32,0.6308947850009121,31.6278667,0,0
1684264957.7976234,32,0.5962554722077572,31.6868648,0,0
1684264959.930222,32,0.5349992487625381,31.7633228,0,0
1684264962.7129629,32,0.40838660573943625,31.8983688,0,0
1684264964.8730793,32,0.2782069874196033,32.026802,0,0
1684264967.672489,32,0.10072307859910118,32.1884765,0,0
1684264969.831257,32,0,32.2883872,0,0
1684264971.9734857,32,0,32.3615226,0,0
1684264974.5403857,32,0,32.3911705,0,0
1684264976.6544478,32,0,32.3547821,0,0
1684264979.496866,32,0,32.3117713,0,0
1684264981.6251318,32,0,32.2370376,0,0
1684264984.276387,32,0.008721453547279295,32.1336364,0,0
1684264986.431083,32,0.1046921368473202,32.0353775,0,0
1684264988.5759814,32,0.20239211728453793,31.9414653,0,0
1684264990.971247,32,0.32454818068284286,31.831398,0,0
1684264993.1699486,32,0.43814222925552765,31.7352981,0,0
1684264996.0162024,32,0.5556213324999609,31.6478633,0,0
1684264998.2720947,32,0.6112859652499608,31.6179847,0,0
1684265001.1052978,32,0.6385676289704243,31.622879,0,0
1684265003.3149416,32,0.6120260611079248,31.671154,0,0
1684265005.619311,32,0.5413329427737608,31.7584896,0,0
1684265007.938197,32,0.4388988542047729,31.8700027,0,0
1684265010.163251,32,0.31365984294577803,31.9955387,0,0
1684265013.019795,32,0.1359601392499573,32.1595535,0,0
1684265015.2383022,32,0.01489139294563474,32.2631072,0,0
1684265018.1087391,32,0,32.3379974,0,0
1684265020.357811,32,0,32.3723945,0,0
1684265022.9743924,32,0,32.347721,0,0
1684265025.424702,32,0,32.3037414,0,0
1684265027.68865,32,0,32.2243881,0,0
1684265030.1704233,32,0.021850681405269967,32.1275329,0,0
1684265032.4381711,32,0.10872088369346497,32.0380744,0,0
1684265035.3754137,32,0.25440395101570656,31.9011077,0,0
1684265037.5955615,32,0.3718924202200014,31.7970333,0,0
1684265040.6446216,32,0.5219088813652062,31.6767139,0,0
1684265042.9016788,32,0.5847971938973457,31.6384067,0,0
1684265045.8233771,32,0.6443667715328689,31.6126098,0,0
1684265048.058677,32,0.6355008627828697,31.6454105,0,0
1684265050.8263586,32,0.5864848912873613,31.7178401,0,0
1684265053.2769284,32,0.4871732574180669,31.8296852,0,0
1684265055.5429602,32,0.3785089682232925,31.9422721,0,0
1684265058.1961863,32,0.2066267021268337,32.1057739,0,0
1684265060.5014122,32,0.06409990047726616,32.2321891,0,0
1684265063.2804651,32,0,32.3480415,0,0
1684265065.5588503,32,0,32.4024658,0,0
1684265068.5588999,32,0,32.3993072,0,0
1684265070.8277054,32,0,32.3764152,0,0
1684265073.8176994,32,0,32.2722511,0,0
1684265076.0933018,32,0,32.1855506,0,0
1684265079.066986,32,0.08529494464323228,32.0513114,0,0
1684265081.3723493,32,0.19497674057764847,31.9453926,0,0
1684265083.8164928,32,0.3273888259353265,31.8257999,0,0
1684265086.1366453,32,0.43774862056101904,31.7340164,0,0
1684265088.4657147,32,0.5529229084623131,31.6437244,0,0
1684265091.5146277,32,0.6409986279564086,31.5928649,0,0
1684265093.8543994,32,0.6758690830129133,31.5870342,0,0
1684265096.7389247,32,0.6488758246379166,31.6446743,0,0
1684265099.063446,32,0.5718822666519364,31.7398376,0,0
1684265102.2255976,32,0.40525315723183297,31.9145565,0,0
1684265104.5948968,32,0.24068702510683548,32.0738601,0,0
1684265107.6453269,32,0.04301446721794144,32.2487907,0,0
1684265109.983933,32,0,32.358982,0,0
1684265112.9936638,32,0,32.4376678,0,0
1684265115.4277096,32,0,32.4519577,0,0
1684265118.5426579,32,0,32.3640785,0,0
1684265121.043096,32,0,32.2858734,0,0
1684265124.1455963,32,0,32.1616668,0,0
1684265126.473511,32,0.0640876536311756,32.0556182,0,0
1684265129.4181848,32,0.20716380036337137,31.9196262,0,0
1684265131.8482525,32,0.3524737255538528,31.7896919,0,0
1684265134.766584,32,0.4899987497262826,31.6802005,0,0
1684265137.103803,32,0.6091507536947874,31.5898876,0,0
1684265139.5479453,32,0.6738620570776985,31.5575256,0,0
1684265142.0787852,32,0.7062903628473274,31.5586242,0,0
1684265144.4626703,32,0.6667988209723288,31.6248455,0,0
1684265147.3777244,32,0.5519668231588015,31.7606582,0,0
1684265149.7425945,32,0.4269652132838037,31.8932647,0,0
1684265152.8599536,32,0.21402835355930072,32.0971412,0,0
1684265155.3063443,32,0.043027158108918495,32.2498741,0,0
1684265158.2218244,32,0,32.3841209,0,0
1684265161.3178027,32,0,32.4478645,0,0
1684265163.9477277,32,0,32.4389991,0,0
1684265166.3541398,32,0,32.3867301,0,0
1684265169.382818,32,0,32.2839126,0,0
1684265171.7682166,32,0,32.1766471,0,0
1684265174.7661557,32,0.06246226821655279,32.0497436,0,0
1684265177.1656868,32,0.18073661171247224,31.9360828,0,0
1684265180.2845697,32,0.3575157478516129,31.7798442,0,0
1684265182.7018762,32,0.49690882209616116,31.6648063,0,0
1684265185.826395,32,0.6276157627211586,31.5740337,0,0
1684265188.2364306,32,0.6863378669046036,31.5479412,0,0
1684265191.349219,32,0.7082328213387781,31.5664806,0,0
1684265193.773923,32,0.6579071544954916,31.6427631,0,0
1684265197.0030112,32,0.500931027334776,31.8174552,0,0
1684265199.527611,32,0.33215845411376,31.9871997,0,0
1684265202.820292,32,0.08641670686214781,32.211975,0,0
1684265205.276582,32,0,32.3505363,0,0
1684265208.202416,32,0,32.455017,0,0
1684265210.6384523,32,0,32.4825706,0,0
1684265213.7816062,32,0,32.4225196,0,0
1684265216.2311747,32,0,32.3688087,0,0
1684265219.543112,32,0,32.2363929,0,0
1684265221.983186,32,0,32.13068,0,0
1684265224.9826555,32,0.12119376079301726,31.9782886,0,0
1684265227.4423273,32,0.244734109836183,31.8647651,0,0
1684265230.554907,32,0.41942540242264126,31.7165145,0,0
1684265233.0120215,32,0.552458341038115,31.6122055,0,0
1684265236.6669302,32,0.6943720303335283,31.5226478,0,0
1684265239.1363406,32,0.7261648842721122,31.5259666,0,0
1684265241.940752,32,0.709993169566421,31.5775833,0,0
1684265244.4353883,32,0.6319062795664225,31.6796932,0,0
1684265247.5784867,32,0.4311828428093875,31.8907146,0,0
1684265250.1377056,32,0.23970265735757534,32.0763282,0,0
1684265253.3404443,32,0,32.2903785,0,0
1684265255.8837957,32,0,32.4139366,0,0
1684265258.9990497,32,0,32.4984054,0,0
1684265261.5738053,32,0,32.4873886,0,0
1684265264.4217138,32,0,32.4267272,0,0
1684265266.9739103,32,0,32.3377609,0,0
1684265269.8944476,32,0,32.2167282,0,0
1684265272.4393826,32,0,32.0959548,0,0
1684265275.3592763,32,0.15065685556908287,31.9384441,0,0
1684265277.9154618,32,0.29287214995087685,31.8106937,0,0
1684265280.688083,32,0.4503045119474841,31.6799621,0,0
1684265283.250585,32,0.5911647630485386,31.57201,0,0
1684265286.4302702,32,0.7111427898153094,31.4998512,0,0
1684265288.9894605,32,0.748137649559099,31.500986,0,0
1684265291.764824,32,0.715906138869572,31.5691623,0,0
1684265294.3391185,32,0.6165980615992326,31.6922702,0,0
1684265297.4089816,32,0.4205818204684823,31.8976879,0,0
1684265299.9997125,32,0.20544141054381476,32.1047286,0,0
1684265302.9715898,32,0,32.3042449,0,0
1684265305.5753162,32,0,32.4298095,0,0
1684265308.279554,32,0,32.4890785,0,0
1684265310.8886187,32,0,32.4904785,0,0
1684265313.712176,32,0,32.4197349,0,0
1684265316.307264,32,0,32.3501548,0,0
1684265319.4206116,32,0,32.2317619,0,0
1684265322.0406482,32,0,32.1144676,0,0
1684265324.816777,32,0.10897966113237718,31.9712123,0,0
1684265327.3990297,32,0.2651051315365897,31.8284378,0,0
1684265330.3193018,32,0.437232818782202,31.6838703,0,0
1684265333.0108063,32,0.5874543914232607,31.568449,0,0
1684265336.0850472,32,0.7032985599704553,31.4988784,0,0
1684265338.824015,32,0.7397528448900688,31.5031738,0,0
1684265341.556402,32,0.7074794886622751,31.5706615,0,0
1684265344.2515688,32,0.6097409258294522,31.6932811,0,0
1684265346.9302642,32,0.44495024372580533,31.8686008,0,0
1684265349.6720743,32,0.2422279332258035,32.0658874,0,0
1684265352.5046332,32,0.02320986159915661,32.2627334,0,0
1684265355.2514327,32,0,32.4013404,0,0
1684265358.3802636,32,0,32.4739685,0,0
1684265361.5021036,32,0,32.4586448,0,0
1684265364.1323342,32,0,32.3952827,0,0
1684265367.4942822,32,0,32.2917327,0,0
1684265370.1347008,32,0,32.1628189,0,0
1684265373.4569747,32,0.09870997208259871,31.9937,0,0
1684265376.126269,32,0.24175278566571987,31.8617401,0,0
1684265379.5259223,32,0.4442775602069296,31.6906738,0,0
1684265382.2224534,32,0.5888010503787393,31.5801925,0,0
1684265385.4793682,32,0.7034454167990376,31.5132408,0,0
1684265388.1974893,32,0.745473252632637,31.5110931,0,0
1684265391.4100084,32,0.7082837847685048,31.5878829,0,0
1684265394.3223755,32,0.579545044078186,31.7393455,0,0
1684265397.0859637,32,0.38847103439675357,31.9357509,0,0
1684265400.3255198,32,0.1341824561467524,32.1731567,0,0
1684265403.0177019,32,0,32.3614959,0,0
1684265406.3988624,32,0,32.4935684,0,0
1684265409.1003842,32,0,32.5274429,0,0
1684265412.6857316,32,0,32.4729003,0,0
1684265415.391856,32,0,32.3852882,0,0
1684265418.6319373,32,0,32.2595596,0,0
1684265421.3604512,32,0,32.1231193,0,0
1684265424.3601387,32,0.09997372414628568,31.9706325,0,0
1684265427.0819004,32,0.2685167399131255,31.8170967,0,0
1684265430.3057919,32,0.47406898518981894,31.6457443,0,0
1684265433.4816484,32,0.644706279174766,31.5207157,0,0
1684265436.268489,32,0.7435130211048199,31.4666614,0,0
1684265439.6389856,32,0.7684836691028354,31.492815,0,0
1684265442.360026,32,0.7114070868849738,31.584011,0,0
1684265445.9690363,32,0.500124089562344,31.8152923,0,0
1684265448.678606,32,0.2824406580551469,32.0305023,0,0
1684265451.8964581,32,0,32.2856254,0,0
1684265454.6749024,32,0,32.4527893,0,0
1684265457.9774208,32,0,32.5413818,0,0
1684265461.2408903,32,0,32.5219459,0,0
1684265463.988155,32,0,32.4496459,0,0
1684265467.3781965,32,0,32.3323783,0,0
1684265470.1085107,32,0,32.2167778,0,0
1684265473.6686096,32,0.03172368606491757,32.0203208,0,0
1684265476.4433856,32,0.18364201089876947,31.8785362,0,0
1684265479.7070699,32,0.3916446775814191,31.699934,0,0
1684265482.5755448,32,0.5593916839564176,31.5693321,0,0
1684265485.3774593,32,0.6968623642590804,31.4758434,0,0
1684265488.3540344,32,0.790261469528986,31.4329357,0,0
1684265491.5013516,32,0.7719156308358357,31.4987545,0,0
1684265494.9093602,32,0.6270757950094403,31.6766357,0,0
1684265497.6997066,32,0.4178854800332395,31.8946647,0,0
1684265501.3359575,32,0.08529257528323825,32.2049674,0,0
1684265504.1446528,32,0,32.3997039,0,0
1684265507.4808023,32,0,32.5400238,0,0
1684265510.5431414,32,0,32.5645103,0,0
1684265513.4196742,32,0,32.5132827,0,0
1684265516.778823,32,0,32.4052886,0,0
1684265519.5891652,32,0,32.292221,0,0
1684265522.98151,32,0,32.1144447,0,0
1684265525.8345392,32,0.0748562209007078,31.957941,0,0
1684265529.246673,32,0.2893193817032276,31.7673606,0,0
1684265532.0823817,32,0.46192868971360657,31.6264438,0,0
1684265535.2857416,32,0.6302438723938506,31.5056324,0,0
1684265538.605073,32,0.7490547798214027,31.4424839,0,0
1684265541.6112883,32,0.757518018821403,31.4807529,0,0
1684265545.258412,32,0.6727741684223881,31.6082839,0,0
1684265548.127124,32,0.48810709467238644,31.809391,0,0
1684265551.8127658,32,0.18556368677211532,32.10083,0,0
1684265554.8180485,32,0,32.3277473,0,0
1684265557.6983335,32,0,32.4856758,0,0
1684265561.0610225,32,0,32.5470428,0,0
1684265563.8838372,32,0,32.5302658,0,0
1684265567.5888329,32,0,32.4248695,0,0
1684265570.44919,32,0,32.3027343,0,0
1684265573.7248447,32,0,32.1516456,0,0
1684265576.625274,32,0.030711990786826265,31.9961929,0,0
1684265579.7909758,32,0.2184965618257123,31.825056,0,0
1684265583.1492653,32,0.4393853809785607,31.6404037,0,0
1684265586.2761207,32,0.6105402372285615,31.5147418,0,0
1684265589.9117746,32,0.7499200649736675,31.4368724,0,0
1684265592.810585,32,0.786157611845823,31.4484539,0,0
1684265596.4408276,32,0.6912659736237066,31.588314,0,0
1684265599.899352,32,0.46422459621777296,31.8326873,0,0
1684265603.0428438,32,0.2073052920951911,32.0818901,0,0
1684265606.5918539,32,0,32.3571205,0,0
1684265609.488096,32,0,32.5062751,0,0
1684265612.871001,32,0,32.5701751,0,0
1684265615.840242,32,0,32.5375404,0,0
1684265619.1463745,32,0,32.4590415,0,0
1684265622.7516422,32,0,32.2980728,0,0
1684265625.6544523,32,0,32.1588401,0,0
1684265629.5414667,32,0.04868485466183074,31.9650421,0,0
1684265632.916608,32,0.25151050653683266,31.7840785,0,0
1684265636.1700225,32,0.47483989503683055,31.5997714,0,0
1684265640.009509,32,0.6827613988086341,31.4549503,0,0
1684265642.9816518,32,0.7845811598751171,31.4057731,0,0
1684265646.2042418,32,0.7832143415305548,31.459587,0,0
1684265649.3121572,32,0.6859698682230582,31.5944614,0,0
1684265652.3121731,32,0.48626907349408777,31.8112411,0,0
1684265655.9151766,32,0.1582578212254388,32.1256484,0,0
1684265658.8356485,32,0,32.3510894,0,0
1684265662.5247128,32,0,32.5385017,0,0
1684265665.5638459,32,0,32.564476,0,0
1684265669.0399137,32,0,32.5223007,0,0
1684265672.6393707,32,0,32.406723,0,0
1684265675.6398175,32,0,32.2924118,0,0
1684265679.34034,32,0,32.1124496,0,0
1684265682.4466689,32,0.04247000478810251,31.965744,0,0
1684265685.519934,32,0.2344548214355956,31.7927932,0,0
1684265689.0186534,32,0.4479817439355922,31.6192455,0,0
1684265692.1422896,32,0.6136182595605957,31.5004425,0,0
1684265695.795466,32,0.7523893476576348,31.42453,0,0
1684265698.8390594,32,0.7648254686123097,31.4615554,0,0
1684265702.4769385,32,0.6647881581123114,31.6045932,0,0
1684265706.2224205,32,0.4152255468623095,31.8689041,0,0
1684265709.2658656,32,0.1272320377732204,32.1437568,0,0
1684265712.7914217,32,0,32.4065551,0,0
1684265716.1980498,32,0,32.5465393,0,0
1684265719.3270404,32,0,32.5580291,0,0
1684265723.02836,32,0,32.4956474,0,0
1684265726.0584219,32,0,32.3939552,0,0
1684265729.6544425,32,0,32.2230339,0,0
1684265733.19021,32,0,32.0504913,0,0
1684265736.3035312,32,0.12052599999999969,31.8898048,0,0
1684265739.9967089,32,0.34081683670473173,31.7024364,0,0
1684265743.1021967,32,0.5180556966459641,31.5657043,0,0
1684265746.355315,32,0.6687997121459635,31.4669342,0,0
1684265750.4968452,32,0.7480534877709643,31.4551105,0,0
1684265755.1956263,32,0.6264347774631471,31.6290645,0,0
1684265758.705863,32,0.4146832017084171,31.8560047,0,0
1684265762.6852102,32,0.09127031614100767,32.1603317,0,0
1684265765.8071983,32,0,32.3676147,0,0
1684265768.9439836,32,0,32.4875526,0,0
1684265772.5502005,32,0,32.5109901,0,0
1684265775.6289613,32,0,32.4566497,0,0
1684265779.7211146,32,0,32.3058586,0,0
1684265783.141692,32,0,32.1560211,0,0
1684265786.2268755,32,0.01054927007369652,32.0088195,0,0
1684265790.1233177,32,0.2371478710254213,31.804985,0,0
1684265793.1985316,32,0.4127143620998378,31.6608943,0,0
1684265798.3448029,32,0.6807366755545441,31.4739837,0,0
1684265803.2898505,32,0.7717660102169668,31.4627799,0,0
1684265807.113317,32,0.6797616539459498,31.6004848,0,0
1684265810.2420087,32,0.5185803619758305,31.7821903,0,0
1684265813.618728,32,0.23239666365650857,32.0621147,0,0
1684265817.187226,32,0,32.3386116,0,0
1684265820.266643,32,0,32.5066947,0,0
1684265824.1262708,32,0,32.5654716,0,0
1684265827.298554,32,0,32.5276718,0,0
1684265830.8914297,32,0,32.4146423,0,0
1684265834.7634847,32,0,32.2644729,0,0
1684265837.8865004,32,0,32.1058006,0,0
1684265841.717652,32,0.10981826454715529,31.9108734,0,0
1684265846.638821,32,0.4244855066098293,31.648159,0,0
1684265850.1919112,32,0.6336471523636003,31.4929523,0,0
1684265853.5604863,32,0.7729528832766173,31.412817,0,0
1684265857.6302304,32,0.794192742887162,31.4579124,0,0
1684265860.8137615,32,0.6712467442922212,31.6174354,0,0
1684265864.2283437,32,0.42317281263114964,31.8780307,0,0
1684265868.1080875,32,0.06126598871605049,32.2150421,0,0
1684265871.2400603,32,0,32.4571418,0,0
1684265874.8566713,32,0,32.607891,0,0
1684265878.622146,32,0,32.6239433,0,0
1684265881.8006752,32,0,32.5538978,0,0
1684265885.6080902,32,0,32.421566,0,0
1684265889.3132524,32,0,32.2572135,0,0
1684265892.6167448,32,0,32.0944595,0,0
1684265896.6020696,32,0.11183831235163266,31.9000587,0,0
1684265899.8978517,32,0.3001018742666227,31.7377357,0,0
1684265903.55768,32,0.5042398511781097,31.5796966,0,0
1684265907.5273082,32,0.6984679225147836,31.4508552,0,0
1684265910.7651837,32,0.767675914014784,31.4365806,0,0
1684265914.2759151,32,0.7226173180147835,31.5308952,0,0
1684265918.2730296,32,0.5025306823656395,31.7777576,0,0
1684265921.4737473,32,0.22737037247333458,32.0482788,0,0
1684265924.8037512,32,0,32.3041343,0,0
1684265928.652654,32,0,32.5213966,0,0
1684265931.8502111,32,0,32.5745582,0,0
1684265935.8661933,32,0,32.5212211,0,0
1684265939.6501408,32,0,32.3961601,0,0
1684265942.9371843,32,0,32.2501373,0,0
1684265946.8483782,32,0,32.066677,0,0
1684265950.63564,32,0.1367615255502172,31.8772239,0,0
1684265953.8509936,32,0.3373449056857317,31.7052383,0,0
1684265958.0535285,32,0.5813102921320958,31.521595,0,0
1684265961.935923,32,0.7278749141320989,31.4401168,0,0
1684265965.1893044,32,0.7471888739988135,31.4720268,0,0
1684265969.1650488,32,0.6423410339988114,31.6222095,0,0
1684265972.973374,32,0.37709777257816707,31.898962,0,0
1684265976.2305572,32,0.09379893550670404,32.1659965,0,0
1684265980.3059263,32,0,32.4535484,0,0
1684265984.148106,32,0,32.5625076,0,0
1684265987.4018166,32,0,32.5545997,0,0
1684265991.6761956,32,0,32.4519386,0,0
1684265995.6395493,32,0,32.3064651,0,0
1684265998.922269,32,0,32.1660346,0,0
1684266002.8820455,32,0.057451428303862545,31.9486408,0,0
1684266006.640493,32,0.26222309115976417,31.7698631,0,0
1684266009.8741975,32,0.4593386765482397,31.6105442,0,0
1684266013.8667402,32,0.640571518838861,31.4902381,0,0
1684266017.772011,32,0.7313987720402002,31.4624061,0,0
1684266021.074631,32,0.6987533576912706,31.5405006,0,0
1684266025.0174005,32,0.5328484852489435,31.7375316,0,0
1684266028.8529036,32,0.23934762197715737,32.0278358,0,0
1684266032.1661935,32,0,32.285221,0,0
1684266036.1154659,32,0,32.4773368,0,0
1684266039.9741447,32,0,32.5245246,0,0
1684266043.2591343,32,0,32.4712982,0,0
1684266047.559243,32,0,32.3274497,0,0
1684266051.578389,32,0,32.1495819,0,0
1684266054.8520606,32,0.010093351537159984,32.0043525,0,0
1684266058.631303,32,0.22232423462393547,31.8132991,0,0
1684266062.6960566,32,0.4524646642595658,31.6282882,0,0
1684266066.026596,32,0.6244930472201746,31.5058345,0,0
1684266070.1957724,32,0.7518889222354954,31.4473438,0,0
1684266074.378208,32,0.7009345225405919,31.5542964,0,0
1684266077.7103403,32,0.5338564790076561,31.7467708,0,0
1684266081.2669365,32,0.2504076813954468,32.0273132,0,0
1684266085.3021953,32,0,32.3328628,0,0
1684266088.6801841,32,0,32.5000801,0,0
1684266092.348032,32,0,32.5555305,0,0
1684266096.560471,32,0,32.4786186,0,0
1684266099.9738908,32,0,32.380001,0,0
1684266103.5092134,32,0,32.2384109,0,0
1684266107.6375709,32,0,32.0557022,0,0
1684266111.0185814,32,0.1294438008204602,31.8825054,0,0
1684266114.8402045,32,0.35176313528214176,31.6951904,0,0
1684266119.1422963,32,0.5912931653418081,31.5178184,0,0
1684266123.1848679,32,0.7403509646111148,31.436861,0,0
1684266126.5842385,32,0.7541584985050469,31.4765548,0,0
1684266130.8467133,32,0.5999914954617542,31.6726112,0,0
1684266134.9489129,32,0.28614199586776734,31.9879417,0,0
1684266138.3272848,32,0,32.2687721,0,0
1684266142.0474622,32,0,32.5045013,0,0
1684266146.1002133,32,0,32.5907554,0,0
1684266149.5067859,32,0,32.5527954,0,0
1684266153.5522094,32,0,32.4361152,0,0
1684266157.625393,32,0,32.2692947,0,0
1684266161.1380618,32,0,32.097557,0,0
1684266164.9707615,32,0.08766179399971186,31.9214,0,0
1684266169.0998244,32,0.3309358208747098,31.7135715,0,0
1684266173.411575,32,0.6025999069359271,31.505846,0,0
1684266176.8299065,32,0.7350584747162454,31.4317264,0,0
1684266181.117022,32,0.7857805246525705,31.4514541,0,0
1684266185.2668571,32,0.6254951921681458,31.6547813,0,0
1684266188.735157,32,0.3527788236796478,31.9343032,0,0
1684266192.3181567,32,0.006932181581335017,32.2528839,0,0
1684266196.3678975,32,0,32.5253448,0,0
1684266199.936316,32,0,32.6117477,0,0
1684266203.5430899,32,0,32.5731353,0,0
1684266207.905729,32,0,32.4480934,0,0
1684266212.001569,32,0,32.2907676,0,0
1684266215.5075116,32,0,32.1197547,0,0
1684266219.600442,32,0.09566770043054315,31.9147605,0,0
1684266223.7084932,32,0.343741440430542,31.703392,0,0
1684266227.1450276,32,0.5535505549036188,31.5407314,0,0
1684266231.5341039,32,0.7488149128349066,31.4218826,0,0
1684266235.6562037,32,0.7738520082099059,31.4632663,0,0
1684266239.705993,32,0.6162034452654743,31.6619567,0,0
1684266243.1981735,32,0.35485690954486143,31.930561,0,0
1684266247.4540298,32,0,32.3029441,0,0
1684266251.5632167,32,0,32.5550231,0,0
1684266255.0199099,32,0,32.6200942,0,0
1684266259.339057,32,0,32.5605468,0,0
1684266263.7646008,32,0,32.4068946,0,0
1684266267.9205287,32,0,32.2395858,0,0
1684266271.459915,32,0,32.0733985,0,0
1684266275.4853363,32,0.14717384946584006,31.8687038,0,0
1684266279.7579052,32,0.42175756488399035,31.640171,0,0
1684266283.305143,32,0.6195648848293418,31.4959812,0,0
1684266287.467918,32,0.7845177264295542,31.4054431,0,0
1684266291.7617395,32,0.7701559927814581,31.4860572,0,0
1684266296.0778658,32,0.5352670527250679,31.7529163,0,0
1684266299.5836723,32,0.22752614572506974,32.0548934,0,0
1684266303.4604654,32,0,32.3936843,0,0
1684266307.643459,32,0,32.606781,0,0
1684266311.3539963,32,0,32.6323318,0,0
1684266315.264626,32,0,32.5615005,0,0
1684266319.630109,32,0,32.4033012,0,0
1684266323.9030404,32,0,32.222721,0,0
1684266327.485062,32,0,32.0395774,0,0
1684266331.6730998,32,0.2038296235565531,31.8189163,0,0
1684266335.894843,32,0.4734380253900454,31.5999431,0,0
1684266340.1067655,32,0.707425424231768,31.4369506,0,0
1684266343.725805,32,0.8066531328567661,31.4026813,0,0
1684266347.8853,32,0.7481510536604068,31.52112,0,0
1684266352.30049,32,0.45400659990020475,31.836832,0,0
1684266356.3666973,32,0.0699688666817348,32.1967887,0,0
1684266359.9161115,32,0,32.4723243,0,0
1684266364.238561,32,0,32.6351051,0,0
1684266368.5374556,32,0,32.6084213,0,0
1684266372.1354055,32,0,32.51025,0,0
1684266376.172528,32,0,32.3529548,0,0
1684266380.5117784,32,0,32.1407508,0,0
1684266384.827951,32,0.10015150324856342,31.9113578,0,0
1684266388.4099216,32,0.3326325880143606,31.7100048,0,0
1684266392.7968225,32,0.5817861713862224,31.5235939,0,0
1684266397.0390148,32,0.7497730431362242,31.4284763,0,0
1684266401.0720823,32,0.7641757868935339,31.4770755,0,0
1684266404.6712458,32,0.6422014291493935,31.6382198,0,0
1684266409.1966445,32,0.306759370517481,31.9768142,0,0
1684266413.7629173,32,0,32.3376884,0,0
1684266418.0511413,32,0,32.5684928,0,0
1684266421.722382,32,0,32.6053428,0,0
1684266426.1386518,32,0,32.5286827,0,0
1684266430.6620955,32,0,32.3563423,0,0
1684266434.9111073,32,0,32.1664848,0,0
1684266438.5211244,32,0.013554142100061601,31.98777,0,0
1684266443.5361342,32,0.3285832402106019,31.7155456,0,0
1684266448.028953,32,0.6164697880331954,31.4955215,0,0
1684266452.4308856,32,0.8275635795224161,31.3679695,0,0
1684266456.084517,32,0.8361204891347407,31.4229774,0,0
1684266460.060104,32,0.6831051334461544,31.6209449,0,0
1684266464.589012,32,0.29479411777012615,32.0081481,0,0
1684266468.911268,32,0,32.4202995,0,0
1684266472.5634582,32,0,32.6525573,0,0
1684266476.6240282,32,0,32.7470588,0,0
1684266481.234139,32,0,32.6818084,0,0
1684266485.565229,32,0,32.5220603,0,0
1684266489.2084858,32,0,32.3477592,0,0
1684266493.0699346,32,0,32.1561698,0,0
1684266497.459331,32,0.09245959291789801,31.9183349,0,0
1684266501.5814059,32,0.3620484068762829,31.6871681,0,0
1684266505.3080716,32,0.5969088231262853,31.5076923,0,0
1684266509.883876,32,0.7982057611841696,31.3901519,0,0
1684266514.313339,32,0.8005266379127277,31.4595298,0,0
1684266518.5901892,32,0.5768032407793798,31.7193031,0,0
1684266522.2849922,32,0.2500783093872806,32.0414428,0,0
1684266526.584,32,0,32.4058036,0,0
1684266530.9031153,32,0,32.6132278,0,0
1684266535.1856842,32,0,32.6373176,0,0
1684266538.864383,32,0,32.5611877,0,0
1684266543.2235007,32,0,32.3831367,0,0
1684266547.7689521,32,0,32.1643447,0,0
1684266552.465632,32,0.0753968370954996,31.9339256,0,0
1684266556.1912606,32,0.30460233734982295,31.7343578,0,0
1684266560.3305948,32,0.5537376344358669,31.5421066,0,0
1684266565.0266578,32,0.7718038132853635,31.4076194,0,0
1684266569.518308,32,0.8150049153042449,31.4397792,0,0
1684266573.4973207,32,0.65706048543784,31.6406803,0,0
1684266577.2272663,32,0.3631521355876213,31.9411525,0,0
1684266581.7717433,32,0,32.3401908,0,0
1684266586.2714872,32,0,32.6164169,0,0
1684266590.283892,32,0,32.6692466,0,0
1684266594.0792322,32,0,32.5973739,0,0
1684266598.5000486,32,0,32.4467735,0,0
1684266603.3357763,32,0,32.2194709,0,0
1684266607.688018,32,0.007912240000010244,31.993,0,0
1684266611.4937482,32,0.24373448342066567,31.7820091,0,0
1684266616.0800176,32,0.5438444588852253,31.5446548,0,0
1684266620.7057815,32,0.7845796690102242,31.3887329,0,0
1684266625.3541374,32,0.8570133600441903,31.3998413,0,0
1684266629.5945249,32,0.6828263022941905,31.6221981,0,0
1684266633.4365258,32,0.3666779535102569,31.9447212,0,0
1684266637.8137262,32,0,32.3639755,0,0
1684266642.451239,32,0,32.6520233,0,0
1684266646.938706,32,0,32.7092437,0,0
1684266650.8604283,32,0,32.6191978,0,0
1684266655.2360904,32,0,32.4625587,0,0
1684266660.1114526,32,0,32.2306251,0,0
1684266664.6472454,32,0.007277676323992807,31.9935932,0,0
1684266668.9755747,32,0.2835766165220924,31.7497825,0,0
1684266672.805155,32,0.5358205145929629,31.5492973,0,0
1684266677.3680787,32,0.7873754497284798,31.3822994,0,0
1684266682.274216,32,0.8505613981537495,31.4064693,0,0
1684266686.8082829,32,0.6627880478304744,31.6429481,0,0
1684266691.2611475,32,0.25948885175437847,32.0408134,0,0
1684266695.0377786,32,0,32.3970031,0,0
1684266699.633271,32,0,32.6670417,0,0
1684266704.4352732,32,0,32.6948585,0,0
1684266709.161087,32,0,32.5611915,0,0
1684266713.6136003,32,0,32.3712425,0,0
1684266717.4794548,32,0,32.1830368,0,0
1684266721.6543484,32,0.0372331319720798,31.9669227,0,0
1684266726.2453392,32,0.33393589167243753,31.710165,0,0
1684266730.7338912,32,0.6446097020551592,31.4706935,0,0
1684266734.632662,32,0.8352516626338458,31.3553066,0,0
1684266738.7055655,32,0.8713331183537079,31.3934326,0,0
1684266743.4081182,32,0.6405135328162066,31.6707115,0,0
1684266747.9844377,32,0.20351051849960589,32.0947074,0,0
1684266752.526129,32,0,32.5238647,0,0
1684266756.355672,32,0,32.7369689,0,0
1684266760.9081244,32,0,32.7887535,0,0
1684266765.8714643,32,0,32.6643981,0,0
1684266770.516131,32,0,32.455532,0,0
1684266775.0917177,32,0,32.2227516,0,0
1684266779.0080187,32,0,32.0117797,0,0
1684266783.0907536,32,0.24804337203854313,31.7789058,0,0
1684266787.7934277,32,0.5713854622899183,31.5228805,0,0
1684266792.569222,32,0.8152207305627068,31.3697452,0,0
1684266796.9953132,32,0.8480546595359884,31.4143257,0,0
1684266800.8480575,32,0.6871850169386249,31.6192722,0,0
1684266805.3532643,32,0.314656858662691,31.9927787,0,0
1684266810.06573,32,0,32.437664,0,0
1684266814.9806468,32,0,32.7070846,0,0
1684266819.6069055,32,0,32.7287254,0,0
1684266823.5463605,32,0,32.6374015,0,0
1684266827.625765,32,0,32.4640922,0,0
1684266832.6007648,32,0,32.2274398,0,0
1684266837.2865715,32,0.044631270872902695,31.9608707,0,0
1684266841.9152634,32,0.3311614051117831,31.7139072,0,0
1684266845.9105039,32,0.6002750051117829,31.50428,0,0
1684266850.4909446,32,0.8337883951822068,31.3585548,0,0
1684266855.017006,32,0.8592640408106689,31.4131336,0,0
1684266859.598902,32,0.6237930946150483,31.6911678,0,0
1684266864.0044143,32,0.16861620927771565,32.1293106,0,0
1684266868.2136197,32,0,32.5200767,0,0
1684266872.7365487,32,0,32.7418289,0,0
1684266877.3093774,32,0,32.724308,0,0
1684266882.0350997,32,0,32.5798034,0,0
1684266886.6868951,32,0,32.3752059,0,0
1684266890.8073997,32,0,32.1637077,0,0
1684266895.2425787,32,0.08656634361418689,31.9236049,0,0
1684266899.7515392,32,0.3572207133886166,31.6943588,0,0
1684266904.6467426,32,0.6604544758279625,31.469242,0,0
1684266909.4024458,32,0.8405205583711617,31.377573,0,0
1684266913.50534,32,0.8201012668711634,31.4642868,0,0
1684266918.1780334,32,0.5591353864856274,31.7590274,0,0
1684266922.6701598,32,0.11963131645273029,32.1749916,0,0
1684266927.6363597,32,0,32.6045494,0,0
1684266932.3553648,32,0,32.7602844,0,0
1684266937.009206,32,0,32.712078,0,0
1684266941.0875585,32,0,32.5643119,0,0
1684266945.236229,32,0,32.3790779,0,0
1684266950.3751056,32,0,32.1242256,0,0
1684266955.1709557,32,0.1724630163764046,31.8492298,0,0
1684266960.056515,32,0.5067275868764056,31.5768508,0,0
1684266964.7689447,32,0.778356039840153,31.3913841,0,0
1684266968.8311043,32,0.8888404412997291,31.3590278,0,0
1684266973.5401316,32,0.7683379935080472,31.5440635,0,0
1684266978.3259225,32,0.3597636067081985,31.95858,0,0
1684266982.9719877,32,0,32.4231796,0,0
1684266987.8039842,32,0,32.7370758,0,0
1684266992.2095287,32,0,32.8002662,0,0
1684266996.2792118,32,0,32.7027587,0,0
1684267000.9521317,32,0,32.52639,0,0
1684267005.8672054,32,0,32.2798919,0,0
1684267010.9270422,32,0,32.003086,0,0
1684267015.7618625,32,0.3266433169563519,31.7148017,0,0
1684267020.4282157,32,0.6501389875156954,31.465908,0,0
1684267024.5467978,32,0.8572385197131134,31.340166,0,0
1684267029.0099561,32,0.8875007442168624,31.3914871,0,0
1684267034.1789875,32,0.6024295578156145,31.7199954,0,0
1684267038.9114068,32,0.08976207782140971,32.2037239,0,0
1684267043.8565288,32,0,32.6688117,0,0
1684267048.6225052,32,0,32.8136367,0,0
1684267052.7322493,32,0,32.7634277,0,0
1684267056.9746187,32,0,32.6303672,0,0
1684267061.9153905,32,0,32.4022827,0,0
1684267067.1392787,32,0,32.1367721,0,0
1684267071.944892,32,0.14991577663432223,31.8689994,0,0
1684267076.7304614,32,0.46568312115683996,31.6092739,0,0
1684267081.2765217,32,0.7509989207190535,31.4051074,0,0
1684267085.5219393,32,0.8896448692343976,31.3491344,0,0
1684267090.348395,32,0.7915075632947288,31.5172004,0,0
1684267095.1935077,32,0.3791829388548055,31.938467,0,0
1684267100.0195773,32,0,32.427803,0,0
1684267104.9512253,32,0,32.7514228,0,0
1684267109.7068372,32,0,32.7930412,0,0
1684267113.9644496,32,0,32.6737136,0,0
1684267118.3957841,32,0,32.5121498,0,0
1684267123.1817744,32,0,32.2708625,0,0
1684267128.0340576,32,0,32.0115318,0,0
1684267132.9490824,32,0.3350027573642176,31.7080993,0,0
1684267137.6548433,32,0.6729603585608588,31.4477882,0,0
1684267141.8606124,32,0.8841413434106935,31.3223743,0,0
1684267146.630559,32,0.8880269083579593,31.4039764,0,0
1684267151.7629168,32,0.5410478606079588,31.7841434,0,0
1684267156.5717907,32,0,32.2992324,0,0
1684267161.3775556,32,0,32.7305412,0,0
1684267166.1226256,32,0,32.8524932,0,0
1684267170.4506817,32,0,32.7748031,0,0
1684267174.9448774,32,0,32.6024246,0,0
1684267179.6250029,32,0,32.3838272,0,0
1684267184.7401927,32,0,32.0823516,0,0
1684267189.5422168,32,0.21164709327954362,31.815052,0,0
1684267194.6386697,32,0.5682243760252835,31.5300769,0,0
1684267199.6061463,32,0.8398869753565996,31.3548736,0,0
1684267204.1328323,32,0.9248283419612966,31.3570404,0,0
1684267208.7110083,32,0.7172784339077336,31.6171684,0,0
1684267213.114066,32,0.28106930206378916,32.0471458,0,0
1684267218.325849,32,0,32.5896415,0,0
1684267223.2077239,32,0,32.8524971,0,0
1684267228.1778698,32,0,32.8236083,0,0
1684267233.406274,32,0,32.6638984,0,0
1684267238.2113762,32,0,32.4416694,0,0
1684267243.3872688,32,0,32.1658897,0,0
1684267247.7500784,32,0.08828562687969432,31.9219264,0,0
1684267252.1635098,32,0.3898667713055932,31.6648025,0,0
1684267257.1452212,32,0.7171831002783373,31.4236755,0,0
1684267262.3541825,32,0.892943007408485,31.3494586,0,0
1684267267.2838266,32,0.7691509216935579,31.5410232,0,0
1684267272.2694507,32,0.35835958610177643,31.9580821,0,0
1684267277.091396,32,0,32.4458351,0,0
1684267281.3228455,32,0,32.724266,0,0
1684267286.1004286,32,0,32.8095245,0,0
1684267290.9353032,32,0,32.6866531,0,0
1684267295.8377206,32,0,32.4766921,0,0
1684267300.9765875,32,0,32.1972656,0,0
1684267305.7621622,32,0.07261786272367145,31.9364662,0,0
1684267310.379262,32,0.3959421485986713,31.6602783,0,0
1684267314.5677388,32,0.6782593241153133,31.4473762,0,0
1684267319.6930995,32,0.8557341774903141,31.3671951,0,0
1684267324.8223376,32,0.7595420944903158,31.5348968,0,0
1684267329.8411665,32,0.36597471845423596,31.9378452,0,0
1684267334.861841,32,0,32.4167213,0,0
1684267339.986395,32,0,32.7266845,0,0
1684267345.1604173,32,0,32.7404251,0,0
1684267349.925761,32,0,32.6035537,0,0
1684267354.371448,32,0,32.4054908,0,0
1684267358.7992694,32,0,32.1779327,0,0
1684267363.6649394,32,0.11735181412500172,31.8976211,0,0
1684267368.674037,32,0.4588660141250004,31.614006,0,0
1684267373.6992586,32,0.7626274947432121,31.4007129,0,0
1684267378.7387428,32,0.865709238402459,31.389738,0,0
1684267383.623789,32,0.694033965329492,31.6175327,0,0
1684267388.096213,32,0.2969448071855434,32.0128936,0,0
1684267392.5295732,32,0,32.4644699,0,0
1684267397.594718,32,0,32.7437019,0,0
1684267402.7697222,32,0,32.7360801,0,0
1684267407.6973684,32,0,32.5849037,0,0
1684267412.9960542,32,0,32.3506126,0,0
1684267417.904719,32,0,32.1014404,0,0
1684267422.959768,32,0.2072341274355594,31.8200874,0,0
1684267427.8985727,32,0.5450563161266683,31.5490665,0,0
1684267432.528595,32,0.7942086085288299,31.3849563,0,0
1684267436.923819,32,0.8908934489180577,31.3713645,0,0
1684267441.9250402,32,0.6829377239180562,31.6341915,0,0
1684267446.9390557,32,0.17999453897466666,32.1191978,0,0
1684267452.134101,32,0,32.6427001,0,0
1684267457.3435483,32,0,32.8399696,0,0
1684267462.5085642,32,0,32.7902603,0,0
1684267467.4341106,32,0,32.6152801,0,0
1684267472.4408133,32,0,32.3675498,0,0
1684267477.7508702,32,0,32.0881385,0,0
1684267482.4879024,32,0.1889092939368494,31.8345832,0,0
1684267487.1373374,32,0.503101374631685,31.5790061,0,0
1684267492.2268977,32,0.7753430439634686,31.3986454,0,0
1684267497.3259053,32,0.8187492280590903,31.4409427,0,0
1684267502.4210496,32,0.5590680326881324,31.740303,0,0
1684267507.7298605,32,0.06551921942942046,32.201786,0,0
1684267512.829555,32,0,32.5977783,0,0
1684267517.9477649,32,0,32.7125892,0,0
1684267523.1407719,32,0,32.6200218,0,0
1684267527.8374546,32,0,32.4279594,0,0
1684267532.2824638,32,0,32.2183532,0,0
1684267537.1680124,32,0.043905905421951864,31.9617271,0,0
1684267542.4570572,32,0.38535279253115967,31.6722202,0,0
1684267547.5490084,32,0.7098829029570738,31.4341468,0,0
1684267552.981758,32,0.8489490715625658,31.3939514,0,0
1684267558.4108143,32,0.6717241268282156,31.6311702,0,0
1684267563.5797596,32,0.20359796663232038,32.0859947,0,0
1684267568.725014,32,0,32.5306129,0,0
1684267573.8736544,32,0,32.7365188,0,0
1684267579.123134,32,0,32.6841506,0,0
1684267584.0599258,32,0,32.5063629,0,0
1684267588.5448453,32,0,32.3004379,0,0
1684267593.4472392,32,0,32.0569305,0,0
1684267598.6263754,32,0.24906693549862519,31.7843875,0,0
1684267603.835129,32,0.5945932377777181,31.5146236,0,0
1684267609.3442595,32,0.8437340083013805,31.3697566,0,0
1684267614.7826316,32,0.7733303615665633,31.5186824,0,0
1684267620.0514393,32,0.3966658508719163,31.9096221,0,0
1684267625.1911669,32,0,32.3973693,0,0
1684267630.5195878,32,0,32.7271423,0,0
1684267635.7880833,32,0,32.756855,0,0
1684267640.9180543,32,0,32.6045608,0,0
1684267645.8230186,32,0,32.3870582,0,0
1684267650.855204,32,0,32.136013,0,0
1684267655.3523614,32,0.12581928906702172,31.8890991,0,0
1684267660.2176647,32,0.44187186969202064,31.6275215,0,0
1684267665.4568048,32,0.7414092824528612,31.4191989,0,0
1684267670.7822073,32,0.8417947407204003,31.4126892,0,0
1684267675.931325,32,0.6422935248417135,31.6640014,0,0
1684267681.2002494,32,0.13660279867246944,32.1465415,0,0
1684267686.5092618,32,0,32.590435,0,0
1684267691.719555,32,0,32.7531318,0,0
1684267696.879419,32,0,32.6799316,0,0
1684267702.1240454,32,0,32.4756469,0,0
1684267707.2911475,32,0,32.224369,0,0
1684267712.331525,32,0.049479540208159534,31.9570102,0,0
1684267716.916988,32,0.33800285447994194,31.7085189,0,0
1684267721.9983778,32,0.6592740591345951,31.4684753,0,0
1684267727.0448794,32,0.8429873059642646,31.3787994,0,0
1684267732.3031507,32,0.7444244627142635,31.5484771,0,0
1684267737.9059787,32,0.2872104229242847,32.0048713,0,0
1684267743.1662097,32,0,32.483963,0,0
1684267748.753917,32,0,32.7586364,0,0
1684267754.0828638,32,0,32.7285728,0,0
1684267759.4815767,32,0,32.5388221,0,0
1684267764.7702153,32,0,32.2757034,0,0
1684267770.0497663,32,0.00662204925199382,31.9942836,0,0
1684267775.3546972,32,0.32687342386020163,31.718729,0,0
1684267780.6569955,32,0.684550948286557,31.4488925,0,0
1684267785.6913164,32,0.9023033595337365,31.3319664,0,0
1684267790.5142527,32,0.8217239129010041,31.4868679,0,0
1684267795.2647817,32,0.43687159865100506,31.8877201,0,0
1684267800.3900044,32,0,32.4260292,0,0
1684267805.599367,32,0,32.7939262,0,0
1684267811.0619507,32,0,32.8363647,0,0
1684267816.8405015,32,0,32.6514015,0,0
1684267822.151437,32,0,32.4028854,0,0
1684267827.6520383,32,0,32.1204795,0,0
1684267832.97092,32,0.19106948995074927,31.8352622,0,0
1684267838.4669526,32,0.5656865009754077,31.5368556,0,0
1684267843.8049552,32,0.8408225609570616,31.3637104,0,0
1684267849.1541612,32,0.8463332204777423,31.4468765,0,0
1684267854.468386,32,0.5065694794843436,31.8160438,0,0
1684267859.8690252,32,0,32.3612899,0,0
1684267865.3646743,32,0,32.7743034,0,0
1684267870.80632,32,0,32.8256721,0,0
1684267876.4059584,32,0,32.6575012,0,0
1684267881.7304077,32,0,32.4200935,0,0
1684267887.0269945,32,0,32.1495857,0,0
1684267892.4419408,32,0.17529753651781263,31.8491649,0,0
1684267897.6815667,32,0.5398101425178123,31.5547752,0,0
1684267902.8499663,32,0.824816636785038,31.3675899,0,0
1684267907.5608442,32,0.8782994182018644,31.3989143,0,0
1684267912.4720068,32,0.6470038864178135,31.6777877,0,0
1684267917.497303,32,0.1358920028572052,32.1641235,0,0
1684267922.940037,32,0,32.6547584,0,0
1684267928.3655913,32,0,32.8284721,0,0
1684267934.041298,32,0,32.7154731,0,0
1684267939.450158,32,0,32.5000343,0,0
1684267944.8792033,32,0,32.211914,0,0
1684267950.3775706,32,0.09613090699999939,31.9174842,0,0
1684267956.0273988,32,0.480850927921563,31.6003799,0,0
1684267961.6321359,32,0.7980505224891631,31.3864421,0,0
1684267967.2110126,32,0.8765182033049783,31.4074058,0,0
1684267973.103177,32,0.5382566595298846,31.7838649,0,0
1684267978.676057,32,0,32.3456802,0,0
1684267984.1248076,32,0,32.7711601,0,0
1684267989.7271981,32,0,32.8393669,0,0
1684267995.2162428,32,0,32.6798934,0,0
1684268000.7654498,32,0,32.4223098,0,0
1684268006.4671285,32,0,32.1288337,0,0
1684268011.958071,32,0.20025884000000033,31.828104,0,0
1684268017.4385042,32,0.5777854721318363,31.5281982,0,0
1684268022.7982836,32,0.8485326520611228,31.3602962,0,0
1684268028.3114126,32,0.8467898771983083,31.4526195,0,0
1684268033.9103515,32,0.45004893142046937,31.8710079,0,0
1684268039.458446,32,0,32.4501228,0,0
1684268044.8497133,32,0,32.8298721,0,0
1684268050.6517885,32,0,32.852127,0,0
1684268056.1606724,32,0,32.6798362,0,0
1684268061.6427364,32,0,32.4329948,0,0
1684268067.255559,32,0,32.1171722,0,0
1684268072.6310248,32,0.21446522399999934,31.8153152,0,0
1684268078.0728507,32,0.6085712908228303,31.5021839,0,0
1684268083.7955742,32,0.9024132746606597,31.3242759,0,0
1684268089.607022,32,0.8423922652113716,31.4757118,0,0
1684268095.3495042,32,0.3501331051976111,31.9726943,0,0
1684268101.3016481,32,0,32.6027297,0,0
1684268106.7743733,32,0,32.9297981,0,0
1684268112.2069032,32,0,32.9245529,0,0
1684268118.0455778,32,0,32.7207832,0,0
1684268123.6240299,32,0,32.4324569,0,0
1684268129.4162438,32,0,32.1094818,0,0
1684268134.9690852,32,0.22911207276872358,31.8034992,0,0
1684268140.5008774,32,0.6068416809435889,31.5076942,0,0
1684268146.4230282,32,0.8758755601533232,31.3534984,0,0
1684268151.8957174,32,0.822657019342949,31.4903373,0,0
1684268157.4713118,32,0.39120107978043966,31.9330043,0,0
1684268163.0167272,32,0,32.5025558,0,0
1684268168.671983,32,0,32.8306198,0,0
1684268174.6814103,32,0,32.8118019,0,0
1684268180.180282,32,0,32.6115722,0,0
1684268185.7924929,32,0,32.334999,0,0
1684268191.7599964,32,0,32.0170898,0,0
1684268197.3150115,32,0.350255893412087,31.6997146,0,0
1684268202.9159248,32,0.7366340368851092,31.412239,0,0
1684268208.6280177,32,0.9390052153793002,31.3253192,0,0
1684268214.277681,32,0.7386786766608883,31.5942916,0,0
1684268219.7980695,32,0.16397665148506452,32.1449432,0,0
1684268225.3978276,32,0,32.7053947,0,0
1684268230.850415,32,0,32.9224205,0,0
1684268236.4091153,32,0,32.8232269,0,0
1684268242.0615296,32,0,32.6150245,0,0
1684268247.8572214,32,0,32.313343,0,0
1684268253.415489,32,0.007389845870041123,31.9936695,0,0
1684268258.9981656,32,0.39679637502512977,31.6610012,0,0
1684268264.6924403,32,0.7964554115485807,31.3689975,0,0
1684268270.4156506,32,0.9681832393880987,31.3150882,0,0
1684268275.921795,32,0.7363480016465784,31.6109428,0,0
1684268281.6451862,32,0.07661348585739125,32.2309494,0,0
1684268287.2429497,32,0,32.7942352,0,0
1684268293.0254612,32,0,32.9607048,0,0
1684268298.5835106,32,0,32.845066,0,0
1684268304.1527421,32,0,32.6116981,0,0
1684268309.9488616,32,0,32.2921943,0,0
1684268315.3871799,32,0.016709901868036867,31.9856338,0,0
1684268320.9295244,32,0.39298652508893306,31.665081,0,0
1684268326.815388,32,0.7961251720967083,31.3727893,0,0
1684268332.4136364,32,0.9667500606315499,31.3168163,0,0
1684268337.963274,32,0.727706648826615,31.6193714,0,0
1684268343.8181179,32,0.04859871797030141,32.2539558,0,0
1684268349.4069545,32,0,32.8255462,0,0
1684268354.97981,32,0,32.9781074,0,0
1684268360.6620412,32,0,32.8529739,0,0
1684268366.4104054,32,0,32.5929946,0,0
1684268372.0735972,32,0,32.2841072,0,0
1684268377.5215654,32,0.03779154145575165,31.9675216,0,0
1684268383.204152,32,0.41507941921041625,31.6498203,0,0
1684268388.8569155,32,0.775942225841669,31.3921051,0,0
1684268394.7388024,32,0.9302716760916676,31.3519878,0,0
1684268400.1841104,32,0.6775917384870849,31.6602478,0,0
1684268405.8902414,32,0.04750185170450971,32.2479209,0,0
1684268411.4782495,32,0,32.77359,0,0
1684268417.30388,32,0,32.9136047,0,0
1684268422.8066201,32,0,32.7781257,0,0
1684268428.5488756,32,0,32.5083084,0,0
1684268434.3410826,32,0,32.2028617,0,0
1684268440.1833024,32,0.15207559505615845,31.8706092,0,0
1684268445.7319844,32,0.5255028341116282,31.5687408,0,0
1684268451.6791053,32,0.8189930399435446,31.3850708,0,0
1684268458.242322,32,0.817598143734172,31.4875984,0,0
1684268463.8414373,32,0.38733303754862036,31.9296379,0,0
1684268469.717018,32,0,32.5113372,0,0
1684268475.6092615,32,0,32.837635,0,0
1684268481.1315627,32,0,32.8145904,0,0
1684268486.874077,32,0,32.6112823,0,0
1684268492.7263556,32,0,32.3230094,0,0
1684268498.384771,32,0,32.0194091,0,0
1684268504.2172213,32,0.3526601030368925,31.6999378,0,0
1684268510.3033729,32,0.762876936603631,31.3995037,0,0
1684268515.9284854,32,0.9277476093019994,31.3448715,0,0
1684268521.794156,32,0.6669154001770012,31.6647853,0,0
1684268527.692874,32,0.007963567171410502,32.2751159,0,0
1684268533.311362,32,0,32.7957229,0,0
1684268539.103633,32,0,32.9111938,0,0
1684268545.0394554,32,0,32.7473373,0,0
1684268550.6587386,32,0,32.5019683,0,0
1684268556.8273163,32,0,32.176876,0,0
1684268562.4457695,32,0.1375358118750018,31.8823223,0,0
1684268568.1088212,32,0.5105169988584858,31.5805187,0,0
1684268573.949889,32,0.819466692241772,31.3799743,0,0
1684268579.9124339,32,0.8123061324254114,31.4802131,0,0
1684268585.66499,32,0.40224436192541185,31.9064178,0,0
1684268591.917092,32,0,32.5120162,0,0
1684268597.5274677,32,0,32.8416557,0,0
1684268603.7259097,32,0,32.8148841,0,0
1684268609.3705652,32,0,32.6191825,0,0
1684268615.1928155,32,0,32.340496,0,0
1684268621.0651321,32,0,32.0445022,0,0
1684268626.7403252,32,0.3034093822099707,31.7407112,0,0
1684268632.445506,32,0.6791102902048487,31.4577789,0,0
1684268638.1683266,32,0.8829419200661242,31.3634471,0,0
1684268643.82034,32,0.7274145682150086,31.5885963,0,0
1684268649.9521158,32,0.12178187164655602,32.1640129,0,0
1684268655.5477781,32,0,32.6922378,0,0
1684268661.360828,32,0,32.8839416,0,0
1684268667.5558872,32,0,32.7635917,0,0
1684268673.1646883,32,0,32.5298194,0,0
1684268678.8673837,32,0,32.2503776,0,0
1684268684.7091863,32,0.08065603918474759,31.9313735,0,0
1684268690.4313083,32,0.4457774399882018,31.6297721,0,0
1684268696.5263274,32,0.7933795781529471,31.3931198,0,0
1684268702.2387114,32,0.8440782411655244,31.4384899,0,0
1684268708.028018,32,0.51188559011428,31.804655,0,0
1684268714.1869621,32,0,32.4137954,0,0
1684268719.885369,32,0,32.8212585,0,0
1684268726.0613313,32,0,32.8489913,0,0
1684268731.5995798,32,0,32.6592979,0,0
1684268737.569337,32,0,32.3890266,0,0
1684268743.333391,32,0,32.0935897,0,0
1684268749.6128097,32,0.3116940521336765,31.7377262,0,0
1684268755.3050199,32,0.6898937061625228,31.4530963,0,0
1684268761.167232,32,0.8796229914832904,31.373249,0,0
1684268766.9660764,32,0.6814384760370655,31.6349239,0,0
1684268772.7752964,32,0.11174331285439315,32.1741676,0,0
1684268779.020847,32,0,32.7245635,0,0
1684268784.6246824,32,0,32.8352165,0,0
1684268790.4461837,32,0,32.7247123,0,0
1684268796.4786851,32,0,32.464653,0,0
1684268802.399823,32,0,32.1521911,0,0
1684268808.3447757,32,0.18772452421760644,31.8406562,0,0
1684268814.1836019,32,0.5639919130821685,31.5442848,0,0
1684268820.1191702,32,0.846326834026933,31.373291,0,0
1684268825.9114635,32,0.7997392691317835,31.5058212,0,0
1684268831.7688005,32,0.32659170227587586,31.9821128,0,0
1684268837.5257797,32,0,32.5524864,0,0
1684268843.5418217,32,0,32.8481864,0,0
1684268849.4874623,32,0,32.812931,0,0
1684268855.339526,32,0,32.5914344,0,0
1684268861.162112,32,0,32.301197,0,0
1684268866.8739083,32,0.0036700558559922027,31.9968662,0,0
1684268872.8961391,32,0.3795701335722491,31.6789073,0,0
1684268878.9632263,32,0.767600678374725,31.4000091,0,0
1684268884.710357,32,0.8991252588747247,31.3761062,0,0
1684268890.4821923,32,0.6278168993803541,31.6995258,0,0
1684268896.4535172,32,0,32.3134078,0,0
1684268902.3837922,32,0,32.7957382,0,0
1684268908.216068,32,0,32.8553771,0,0
1684268914.068062,32,0,32.7033615,0,0
1684268919.9103863,32,0,32.4257354,0,0
1684268925.9424245,32,0,32.1153869,0,0
1684268931.9457023,32,0.2540536459999991,31.7847003,0,0
1684268937.7399995,32,0.6424373816012654,31.48596,0,0
1684268943.571894,32,0.8893387405356703,31.3520374,0,0
1684268949.4654427,32,0.7704164890291181,31.5505867,0,0
1684268955.2312279,32,0.22508204574039592,32.0817756,0,0
1684268961.0186,32,0,32.6659126,0,0
1684268967.0478737,32,0,32.9015235,0,0
1684268973.0398607,32,0,32.8051071,0,0
1684268978.7623413,32,0,32.563919,0,0
1684268984.5545993,32,0,32.2876167,0,0
1684268990.4971123,32,0.034500180504071304,31.9707164,0,0
1684268996.731944,32,0.4463797180040735,31.6284942,0,0
1684269002.4975898,32,0.8095449477540719,31.3734149,0,0
1684269008.2660832,32,0.9239454551672974,31.3685302,0,0
1684269014.1320121,32,0.5756699070863556,31.7591476,0,0
1684269020.1546233,32,0,32.41333,0,0
1684269026.1463454,32,0,32.9004631,0,0
1684269032.123752,32,0,32.9525222,0,0
1684269038.1873875,32,0,32.7649116,0,0
1684269044.1191518,32,0,32.4721183,0,0
1684269049.911729,32,0,32.1611862,0,0
1684269055.925689,32,0.20348656122567327,31.8276195,0,0
1684269061.9795675,32,0.6140302949625326,31.506586,0,0
1684269067.9050908,32,0.8929077047695169,31.3442153,0,0
1684269073.9569843,32,0.7920491978866707,31.5304756,0,0
1684269080.1720626,32,0.20640738309902884,32.0978622,0,0
1684269086.1742895,32,0,32.6983489,0,0
1684269091.9318297,32,0,32.9407539,0,0
1684269097.8086894,32,0,32.858448,0,0
1684269103.8147242,32,0,32.6145324,0,0
1684269109.8003232,32,0,32.3043098,0,0
1684269115.745035,32,0.020275907214042058,31.9827899,0,0
1684269121.7813456,32,0.4129048516588344,31.6530933,0,0
1684269127.8578212,32,0.8140127649368609,31.3673439,0,0
1684269133.7716706,32,0.926636739170086,31.3668937,0,0
1684269139.8077943,32,0.5798177439565417,31.7576732,0,0
1684269145.8630884,32,0,32.419445,0,0
1684269151.760462,32,0,32.9020195,0,0
1684269157.637404,32,0,32.9461212,0,0
1684269163.6567643,32,0,32.7606353,0,0
1684269169.7984262,32,0,32.471302,0,0
1684269175.5407321,32,0,32.1589965,0,0
1684269181.5028358,32,0.210173757777522,31.8216781,0,0
1684269187.4362724,32,0.6014533532768193,31.5163154,0,0
1684269193.903097,32,0.8767392280256004,31.3643836,0,0
1684269199.8394206,32,0.7834369283587341,31.5396862,0,0
1684269205.8311105,32,0.24924262035873335,32.0626106,0,0
1684269211.7464767,32,0,32.6328086,0,0
1684269217.7493346,32,0,32.8848533,0,0
1684269223.9310756,32,0,32.8038444,0,0
1684269230.0501661,32,0,32.5549163,0,0
1684269236.225802,32,0,32.2363815,0,0
1684269242.447119,32,0.13681745385014094,31.884695,0,0
1684269248.2695246,32,0.5417928150169623,31.5571479,0,0
1684269254.2234435,32,0.8583945284030644,31.3556251,0,0
1684269260.2011726,32,0.8457821951047223,31.4641857,0,0
1684269266.2029657,32,0.37195194870518844,31.9474925,0,0
1684269272.2689967,32,0,32.5911903,0,0
1684269278.3708262,32,0,32.9423065,0,0
1684269284.509322,32,0,32.9017257,0,0
1684269290.5911465,32,0,32.659645,0,0
1684269296.8431504,32,0,32.3513679,0,0
1684269303.0762243,32,0,32.0052299,0,0
1684269309.2776942,32,0.422390398161122,31.6437358,0,0
1684269315.4435143,32,0.8484246307667447,31.3401889,0,0
1684269321.375332,32,0.989177966312417,31.3202075,0,0
1684269327.3108356,32,0.6264993213951385,31.7307186,0,0
1684269333.5034835,32,0,32.4805297,0,0
1684269339.5394566,32,0,33.0160598,0,0
1684269345.5045567,32,0,33.0674781,0,0
1684269351.5068307,32,0,32.89122,0,0
1684269357.5955875,32,0,32.5833015,0,0
1684269363.7254624,32,0,32.2591018,0,0
1684269369.7216601,32,0.10971611955117827,31.9069824,0,0
1684269375.965197,32,0.5374571171455894,31.5613002,0,0
1684269382.1307461,32,0.8933978528933219,31.3295078,0,0
1684269388.2224023,32,0.8745447604722887,31.4490661,0,0
1684269394.2218728,32,0.36377640847228687,31.9659614,0,0
1684269400.2736948,32,0,32.6248397,0,0
1684269406.3790205,32,0,32.9813957,0,0
1684269412.6407828,32,0,32.9304161,0,0
1684269418.7403715,32,0,32.6868896,0,0
1684269424.8423762,32,0,32.3763618,0,0
1684269430.827993,32,0,32.0369338,0,0
1684269436.9747016,32,0.37171363005684416,31.6861057,0,0
1684269443.0885668,32,0.8042881605131892,31.3691635,0,0
1684269449.241622,32,0.9667404027649229,31.3306484,0,0
1684269455.316356,32,0.6156372271002606,31.7307224,0,0
1684269461.4621701,32,0,32.420494,0,0
1684269467.5438504,32,0,32.9374351,0,0
1684269473.5892048,32,0,32.9883956,0,0
1684269479.6154244,32,0,32.7940826,0,0
1684269485.706888,32,0,32.4919395,0,0
1684269491.7729614,32,0,32.1635627,0,0
1684269497.9778397,32,0.22396635287853517,31.8110961,0,0
1684269504.0239472,32,0.6418339200364391,31.4864006,0,0
1684269510.1254723,32,0.925588918713804,31.3261604,0,0
1684269516.2610555,32,0.7916783219355865,31.5440559,0,0
1684269522.3664558,32,0.1868637825585397,32.1259117,0,0
1684269528.402326,32,0,32.740612,0,0
1684269534.5756528,32,0,32.9594535,0,0
1684269540.7698524,32,0,32.8483695,0,0
1684269546.7633896,32,0,32.5985412,0,0
1684269552.7605507,32,0,32.2902832,0,0
1684269558.852763,32,0.09070449845071547,31.9233131,0,0
1684269564.9687636,32,0.5037758128257173,31.5862655,0,0
1684269571.0507483,32,0.8587941697038574,31.3498039,0,0
1684269577.219691,32,0.8810849938642444,31.4325771,0,0
1684269585.5617874,32,0.10703383556804102,32.1652603,0,0
1684269591.493733,32,0,32.8109664,0,0
1684269597.5952632,32,0,33.0091247,0,0
1684269603.8210263,32,0,32.8746452,0,0
1684269609.7961566,32,0,32.6069488,0,0
1684269615.9022565,32,0,32.2843017,0,0
1684269622.140809,32,0.09026840625000054,31.9239845,0,0
1684269628.2191157,32,0.5029383844508575,31.5866794,0,0
1684269634.358597,32,0.8454055680254944,31.3617897,0,0
1684269640.653667,32,0.874446989539918,31.4387702,0,0
1684269646.6914895,32,0.4210182444402776,31.908678,0,0
1684269652.7748022,32,0,32.5664024,0,0
1684269658.9770317,32,0,32.9432563,0,0
1684269665.0727892,32,0,32.9064941,0,0
1684269671.2145221,32,0,32.6736984,0,0
1684269677.343416,32,0,32.3595962,0,0
1684269683.6056073,32,0,32.0116081,0,0
1684269689.7013047,32,0.3983290454234413,31.6631011,0,0
1684269695.796796,32,0.8168445043017234,31.3615875,0,0
1684269702.0753613,32,0.9881992083682357,31.3186416,0,0
1684269708.2773347,32,0.6032795880336189,31.7499694,0,0
1684269714.413109,32,0,32.4699096,0,0
1684269720.627941,32,0,33.0200157,0,0
1684269726.7262,32,0,33.064579,0,0
1684269732.863007,32,0,32.8547592,0,0
1684269739.1843567,32,0,32.5483779,0,0
1684269745.2704494,32,0,32.2145347,0,0
1684269751.3757927,32,0.17555131141941768,31.8516426,0,0
1684269757.6472604,32,0.6168072342013602,31.5036716,0,0
1684269763.9129498,32,0.9400656422078131,31.3101005,0,0
1684269770.1486018,32,0.8116533101602444,31.5269775,0,0
1684269776.2524002,32,0.20646238507810966,32.1117401,0,0
1684269782.572742,32,0,32.7878913,0,0
1684269788.6552188,32,0,33.010765,0,0
1684269795.2201786,32,0,32.881874,0,0
1684269801.3692188,32,0,32.5939865,0,0
1684269807.5550733,32,0,32.2771301,0,0
1684269813.7179754,32,0.07505220779723468,31.9366493,0,0
1684269819.932433,32,0.5139993478674958,31.5768413,0,0
1684269826.1711972,32,0.8999853943553336,31.3180809,0,0
1684269832.2831833,32,0.9047406109803375,31.4199161,0,0
1684269838.5489569,32,0.3652899467554711,31.9657955,0,0
1684269844.8369496,32,0,32.6899414,0,0
1684269850.9594283,32,0,33.0416107,0,0
1684269857.2747746,32,0,32.9832878,0,0
1684269863.4907918,32,0,32.7352485,0,0
1684269869.5992007,32,0,32.4205856,0,0
1684269875.7671602,32,0,32.0749015,0,0
1684269882.036907,32,0.3464073649264995,31.7084064,0,0
1684269888.1960428,32,0.7655138405777622,31.4000911,0,0
1684269894.5907772,32,0.9194742411129853,31.3676548,0,0
1684269900.886378,32,0.5626049713950321,31.768114,0,0
1684269907.108396,32,0,32.4345893,0,0
1684269913.3242662,32,0,32.9167175,0,0
1684269919.56288,32,0,32.9407806,0,0
1684269925.7988281,32,0,32.7330131,0,0
1684269932.0456455,32,0,32.4111061,0,0
1684269938.3390446,32,0,32.0827217,0,0
1684269944.6643944,32,0.32584625084591684,31.7261428,0,0
1684269950.9205937,32,0.7590541585632465,31.4048023,0,0
1684269957.2193782,32,0.9344683298561187,31.3518333,0,0
1684269963.5346816,32,0.5713511940737077,31.7603397,0,0
1684269969.7014441,32,0,32.454708,0,0
1684269976.1149123,32,0,32.9618415,0,0
1684269982.400435,32,0,32.9811134,0,0
1684269988.64624,32,0,32.7718162,0,0
1684269994.93514,32,0,32.460865,0,0
1684270001.2306714,32,0,32.1353912,0,0
1684270007.5460782,32,0.24752562776932568,31.7919673,0,0
1684270013.7950025,32,0.6694056277693241,31.4695472,0,0
1684270020.1497245,32,0.9134254893381236,31.3493576,0,0
1684270026.4134493,32,0.6785504522746926,31.6501541,0,0
1684270032.5778751,32,0,32.2890357,0,0
1684270038.9570277,32,0,32.8398437,0,0
1684270045.20224,32,0,32.8890533,0,0
1684270051.537495,32,0,32.686222,0,0
1684270058.3291364,32,0,32.3684654,0,0
1684270064.6245472,32,0,32.0295181,0,0
1684270070.979939,32,0.35331455747152346,31.703289,0,0
1684270077.3887994,32,0.7657565705667946,31.4051628,0,0
1684270083.7307847,32,0.8916390120501924,31.3942718,0,0
1684270090.0394645,32,0.531114705027502,31.7939186,0,0
1684270096.9788811,32,0,32.5213775,0,0
1684270103.1937263,32,0,32.9623908,0,0
1684270109.466124,32,0,32.9741859,0,0
1684270115.7283764,32,0,32.7431793,0,0
1684270122.183552,32,0,32.4301033,0,0
1684270128.4627326,32,0,32.1251487,0,0
1684270134.7348564,32,0.2692061012977223,31.773386,0,0
1684270141.0636766,32,0.6794949572503775,31.4649314,0,0
1684270147.3784156,32,0.8674709298708733,31.3920879,0,0
1684270153.7071512,32,0.6114899430407567,31.7042198,0,0
1684270160.202687,32,0,32.342205,0,0
1684270166.602037,32,0,32.8328552,0,0
1684270172.9641106,32,0,32.8583412,0,0
1684270179.2124412,32,0,32.659851,0,0
1684270185.6483006,32,0,32.3631248,0,0
1684270191.936954,32,0,32.04887,0,0
1684270198.2923582,32,0.3564466398025368,31.7006587,0,0
1684270204.7774997,32,0.7542687214322561,31.4161453,0,0
1684270211.2266426,32,0.8756294852317642,31.4091644,0,0
1684270217.5621793,32,0.49887258013598496,31.8201503,0,0
1684270223.9074163,32,0,32.4759674,0,0
1684270230.2661216,32,0,32.9054527,0,0
1684270236.6757612,32,0,32.8920478,0,0
1684270243.1832411,32,0,32.6685333,0,0
1684270249.5220761,32,0,32.3623428,0,0
1684270255.8916774,32,0,32.0253219,0,0
1684270262.3129907,32,0.38466278576394547,31.6774749,0,0
1684270268.718428,32,0.7880630024071954,31.3910942,0,0
1684270275.0937498,32,0.8771234429071975,31.4140892,0,0
1684270281.489253,32,0.4630980059224702,31.8557682,0,0
1684270287.9945116,32,0,32.5426216,0,0
1684270294.3337808,32,0,32.9490203,0,0
1684270300.77945,32,0,32.9202575,0,0
1684270307.2375262,32,0,32.6882629,0,0
1684270313.9062743,32,0,32.3479042,0,0
1684270320.2653475,32,0,32.0111351,0,0
1684270326.7065609,32,0.41694408545485867,31.6505489,0,0
1684270333.146146,32,0.8239939258332996,31.365942,0,0
1684270339.5612721,32,0.9019177436325665,31.40279,0,0
1684270346.0234153,32,0.4433510919257104,31.8838901,0,0
1684270352.4753315,32,0,32.6037216,0,0
1684270358.8674922,32,0,33.0183982,0,0
1684270365.3230693,32,0,32.9930038,0,0
1684270371.8438492,32,0,32.7372283,0,0
1684270378.2341363,32,0,32.4151268,0,0
1684270384.8458824,32,0,32.0593452,0,0
1684270391.2860975,32,0.3552125729367341,31.7022876,0,0
1684270398.1133358,32,0.8089211694487048,31.3763313,0,0
1684270404.6687434,32,0.9308980129227347,31.3767642,0,0
1684270411.1473799,32,0.5077119414315958,31.8325271,0,0
1684270417.6561887,32,0,32.573925,0,0
1684270424.1415546,32,0,33.0418357,0,0
1684270430.6703045,32,0,33.0312652,0,0
1684270437.105752,32,0,32.7850532,0,0
1684270443.54777,32,0,32.4521026,0,0
1684270450.616721,32,0,32.0823974,0,0
1684270457.2818916,32,0.3561579213901115,31.7032413,0,0
1684270463.6552777,32,0.778028288765112,31.3967437,0,0
1684270470.2293775,32,0.9279344432835629,31.370718,0,0
1684270476.6928294,32,0.5285418446967993,31.8074741,0,0
1684270483.1734593,32,0,32.5389366,0,0
1684270489.6246643,32,0,32.9993629,0,0
1684270496.2711606,32,0,33.0000305,0,0
1684270502.7363572,32,0,32.7581214,0,0
1684270509.2363484,32,0,32.4394416,0,0
1684270515.763909,32,0,32.0857429,0,0
1684270522.2190948,32,0.3152876340109905,31.7358493,0,0
1684270528.7378962,32,0.742415234300098,31.4217567,0,0
1684270535.2033992,32,0.9024572413573959,31.3814582,0,0
1684270541.756544,32,0.5505086852449439,31.7772617,0,0
1684270548.3009653,32,0,32.4632911,0,0
1684270554.859525,32,0,32.9153823,0,0
1684270561.348406,32,0,32.9046363,0,0
1684270567.9617484,32,0,32.6643524,0,0
1684270575.03957,32,0,32.3018608,0,0
1684270581.5344841,32,0.055429955499999545,31.9536151,0,0
1684270588.156466,32,0.5014630252500009,31.5892238,0,0
1684270594.5640762,32,0.884920240917179,31.3337974,0,0
1684270601.1206615,32,0.8658475779365102,31.4593238,0,0
1684270607.8031104,32,0.2594889831143641,32.0547294,0,0
1684270614.2146454,32,0,32.7397537,0,0
1684270620.8201492,32,0,32.9967155,0,0
1684270627.3588762,32,0,32.8671569,0,0
1684270634.3545609,32,0,32.5606765,0,0
1684270640.8294036,32,0,32.2335929,0,0
1684270647.4451067,32,0.1636515518750013,31.8634815,0,0
1684270654.0369048,32,0.6179310203072499,31.5065746,0,0
1684270660.6474502,32,0.9106029737736234,31.3439731,0,0
1684270667.314629,32,0.7488094027630008,31.5881938,0,0
1684270673.929999,32,0.038660814009715716,32.2489776,0,0
1684270680.4775548,32,0,32.8414154,0,0
1684270687.0172362,32,0,32.9219169,0,0
1684270693.6626995,32,0,32.7098159,0,0
1684270700.3546789,32,0,32.3923683,0,0
1684270707.033391,32,0,32.0350341,0,0
1684270713.6088476,32,0.41019263964618313,31.6574134,0,0
1684270720.1641536,32,0.8330179512941049,31.3602428,0,0
1684270726.741597,32,0.9233306743859915,31.3902568,0,0
1684270733.3117146,32,0.44537785004715363,31.8899307,0,0
1684270739.8240914,32,0,32.6238441,0,0
1684270746.4393191,32,0,33.0465393,0,0
1684270753.061022,32,0,33.00988,0,0
1684270759.5764782,32,0,32.7341728,0,0
1684270766.1221163,32,0,32.3972282,0,0
1684270772.7839587,32,0,32.0206985,0,0
1684270779.409562,32,0.42188603712500056,31.6480617,0,0
1684270786.191359,32,0.8535884994851997,31.3488273,0,0
1684270792.808322,32,0.9457538416102016,31.3799057,0,0
1684270799.388883,32,0.4389013246628021,31.9054222,0,0
1684270805.9242337,32,0,32.6679039,0,0
1684270812.5062146,32,0,33.0853691,0,0
1684270819.2932203,32,0,33.029129,0,0
1684270825.9404178,32,0,32.7521438,0,0
1684270832.592351,32,0,32.4005203,0,0
1684270839.8344443,32,0.004945851359960748,31.9959392,0,0
1684270846.543147,32,0.459247899778392,31.6183776,0,0
1684270853.2449214,32,0.8972052960040693,31.3173809,0,0
1684270859.7804582,32,0.9451295756891789,31.3893871,0,0
1684270866.468478,32,0.3805522652240848,31.9616565,0,0
1684270873.068653,32,0,32.7561874,0,0
1684270879.659661,32,0,33.1431007,0,0
1684270886.4621322,32,0,33.0614738,0,0
1684270893.204225,32,0,32.7731781,0,0
1684270899.9059796,32,0,32.4148445,0,0
1684270906.7159665,32,0,32.0187492,0,0
1684270913.600261,32,0.44659427999999857,31.6297664,0,0
1684270920.3565094,32,0.8878802814839565,31.3254089,0,0
1684270927.0041533,32,0.9334543787708673,31.399477,0,0
1684270933.669873,32,0.34594246815289786,31.9891586,0,0
1684270940.4484348,32,0,32.7605476,0,0
1684270947.1901302,32,0,33.1058197,0,0
1684270953.7757032,32,0,33.0133361,0,0
1684270960.530617,32,0,32.7349891,0,0
1684270967.3565671,32,0,32.3581504,0,0
1684270974.1082492,32,0.018922179250000556,31.9842643,0,0
1684270980.9976566,32,0.5124621377828313,31.5779705,0,0
1684270987.909081,32,0.9574118096719484,31.2818145,0,0
1684270995.1882427,32,0.8819181612932996,31.4725246,0,0
1684271001.9655683,32,0.16088773031788195,32.1608963,0,0
1684271008.9483256,32,0,32.9177017,0,0
1684271015.7803874,32,0,33.1117935,0,0
1684271022.6082506,32,0,32.9209213,0,0
1684271029.5711195,32,0,32.5940704,0,0
1684271036.423046,32,0,32.2065086,0,0
1684271043.3318372,32,0.24835074210976038,31.7942771,0,0
1684271050.1704667,32,0.7095848264567188,31.4466419,0,0
1684271057.0424218,32,0.9485427133741502,31.3429126,0,0
1684271063.9542112,32,0.601050064848095,31.7436408,0,0
1684271070.8829768,32,0,32.5151023,0,0
1684271077.7515497,32,0,33.0396995,0,0
1684271084.4337184,32,0,33.0218696,0,0
1684271091.2764783,32,0,32.7376937,0,0
1684271098.2745311,32,0,32.3693656,0,0
1684271105.1963387,32,0.01981736204803933,31.9835968,0,0
1684271112.085039,32,0.4938309652944511,31.593275,0,0
1684271118.8736541,32,0.9262058031251608,31.3032989,0,0
1684271125.9959304,32,0.8896049467501621,31.4561481,0,0
1684271132.857738,32,0.20025055847961049,32.1207199,0,0
1684271139.7244115,32,0,32.8915138,0,0
1684271146.478288,32,0,33.1147766,0,0
1684271153.5097177,32,0,32.9291687,0,0
1684271160.3660536,32,0,32.5987892,0,0
1684271167.1709762,32,0,32.226799,0,0
1684271174.0995188,32,0.20836361809890078,31.827465,0,0
1684271180.9483669,32,0.6737880971642224,31.4709243,0,0
1684271187.8043177,32,0.9429164228357803,31.3377494,0,0
1684271194.7428458,32,0.659686765614551,31.6862773,0,0
1684271201.5911741,32,0,32.419384,0,0
1684271208.5695937,32,0,32.9868278,0,0
1684271215.6719096,32,0,32.9857597,0,0
1684271222.5803537,32,0,32.7041549,0,0
1684271229.4523582,32,0,32.3251686,0,0
1684271236.3209872,32,0.07249405687500128,31.9399013,0,0
1684271243.163177,32,0.5559377564333359,31.549036,0,0
1684271250.141866,32,0.9646945870062094,31.2889404,0,0
1684271257.0802722,32,0.8212318444773673,31.5301895,0,0
1684271263.9672937,32,0.059236714477368946,32.2422256,0,0
1684271270.8654623,32,0,32.9229011,0,0
1684271277.9297988,32,0,33.0145835,0,0
1684271284.9183393,32,0,32.7658004,0,0
1684271291.8553216,32,0,32.4211883,0,0
1684271298.7689967,32,0,32.0342826,0,0
1684271305.6406555,32,0.44720162687499937,31.6292629,0,0
1684271312.639562,32,0.887351592875,31.3298454,0,0
1684271319.6972778,32,0.9072590127853702,31.4303646,0,0
1684271326.586754,32,0.2596941961147985,32.064579,0,0
1684271333.7156358,32,0,32.8549804,0,0
1684271340.7175295,32,0,33.101448,0,0
1684271347.701646,32,0,32.9356155,0,0
1684271354.661538,32,0,32.6049423,0,0
1684271361.7154117,32,0,32.2034873,0,0
1684271368.5419996,32,0.22969009517855077,31.8093605,0,0
1684271376.8029466,32,0.7926768678109113,31.3961086,0,0
1684271383.8329177,32,1.0102315859974154,31.3216571,0,0
1684271390.8044233,32,0.5681723404286946,31.8045692,0,0
1684271397.826411,32,0,32.6733551,0,0
1684271404.9557037,32,0,33.2187728,0,0
1684271411.944314,32,0,33.172573,0,0
1684271418.9889505,32,0,32.8687515,0,0
1684271426.0737402,32,0,32.4772796,0,0
1684271433.1136496,32,0,32.0696868,0,0
1684271440.1650305,32,0.42759162997975325,31.6470298,0,0
1684271447.2268438,32,0.9076735049240617,31.3125839,0,0
1684271455.7687507,32,0.8210475387276934,31.52182,0,0
1684271462.7510612,32,0.07151430976356837,32.2243423,0,0
1684271469.802194,32,0,32.9237213,0,0
1684271476.9259932,32,0,33.024414,0,0
1684271484.017153,32,0,32.7880439,0,0
1684271491.1083744,32,0,32.425827,0,0
1684271498.290238,32,0,32.0077781,0,0
1684271505.44244,32,0.4878454905955054,31.5983753,0,0
1684271512.446032,32,0.937309017595504,31.2966213,0,0
1684271519.5661008,32,0.8899191044705043,31.4595355,0,0
1684271526.6598215,32,0.14380496424629835,32.1695632,0,0
1684271533.7639465,32,0,32.9497146,0,0
1684271540.8225756,32,0,33.1203002,0,0
1684271548.01061,32,0,32.8930931,0,0
1684271555.016307,32,0,32.5326614,0,0
1684271562.1183078,32,0,32.1417884,0,0
1684271569.3429916,32,0.3276744809636222,31.7307567,0,0
1684271576.4418392,32,0.8056453380943815,31.3839035,0,0
1684271583.6169708,32,0.9186291625349399,31.4000129,0,0
1684271590.74561,32,0.39091322840993875,31.9404563,0,0
1684271598.3409793,32,0,32.7650985,0,0
1684271605.7329195,32,0,33.1155052,0,0
1684271612.8890624,32,0,32.9787368,0,0
1684271620.2805748,32,0,32.6195793,0,0
1684271627.3951766,32,0,32.2286262,0,0
1684271634.577094,32,0.216288249132439,31.8220787,0,0
1684271641.8622613,32,0.6893995633187819,31.4656791,0,0
1684271649.0011497,32,0.9257815286035174,31.3652744,0,0
1684271656.196197,32,0.5623224364099384,31.7769355,0,0
1684271663.5895793,32,0,32.5789527,0,0
1684271670.8141508,32,0,33.0697212,0,0
1684271677.945349,32,0,33.0008583,0,0
1684271685.177318,32,0,32.6877403,0,0
1684271692.3034053,32,0,32.3114089,0,0
1684271699.541283,32,0.103783717749998,31.9147567,0,0
1684271706.9313657,32,0.6046211016249985,31.5200977,0,0
1684271714.068524,32,0.9476558987415159,31.322256,0,0
1684271721.1902778,32,0.729818644866516,31.6210861,0,0
1684271728.3955603,32,0,32.4326858,0,0
1684271735.6874776,32,0,33.0646247,0,0
1684271742.9401953,32,0,33.0581817,0,0
1684271750.2348409,32,0,32.7728576,0,0
1684271757.4766097,32,0,32.3954277,0,0
1684271764.6688778,32,0.0033121616119816217,31.9972743,0,0
1684271771.919637,32,0.4735953697735034,31.6116352,0,0
1684271779.20576,32,0.9086105196919956,31.3242454,0,0
1684271786.7380009,32,0.8342651809183926,31.5094261,0,0
1684271794.1364486,32,0.0074734738947296875,32.2750968,0,0
1684271801.4181156,32,0,32.9935607,0,0
1684271808.6301782,32,0,33.0550384,0,0
1684271815.8921025,32,0,32.8035507,0,0
1684271823.2778401,32,0,32.4333915,0,0
1684271830.8829892,32,0,32.0510559,0,0
1684271838.3075917,32,0.4351315717409544,31.644102,0,0
1684271845.6297839,32,0.8763514770217561,31.346796,0,0
1684271852.9955227,32,0.8366360218543754,31.4972724,0,0
1684271860.310148,32,0.08703533302287081,32.2024612,0,0
1684271867.6302264,32,0,32.9469566,0,0
1684271874.8527699,32,0,33.054512,0,0
1684271882.1395097,32,0,32.8305282,0,0
1684271889.441566,32,0,32.4757881,0,0
1684271896.718698,32,0,32.0935592,0,0
1684271904.08808,32,0.37499812725691223,31.6930522,0,0
1684271911.270233,32,0.801047598441496,31.3967895,0,0
1684271918.5237222,32,0.836175057326801,31.4759044,0,0
1684271925.827633,32,0.2192793290592237,32.0761337,0,0
1684271933.1293585,32,0,32.7892532,0,0
1684271940.587894,32,0,32.9789886,0,0
1684271947.830575,32,0,32.8073425,0,0
1684271955.1314402,32,0,32.4715805,0,0
1684271962.4337742,32,0,32.0996894,0,0
1684271969.8290935,32,0.363881005599098,31.7022762,0,0
1684271977.1209934,32,0.7961420124543621,31.4008808,0,0
1684271984.6266124,32,0.8333497485596937,31.4807529,0,0
1684271991.9487731,32,0.22112937137520733,32.0762176,0,0
1684271999.295049,32,0,32.8078269,0,0
1684272006.7038243,32,0,33.0048255,0,0
1684272014.0946398,32,0,32.8119735,0,0
1684272021.5689757,32,0,32.4753417,0,0
1684272028.9509,32,0,32.0979537,0,0
1684272036.286931,32,0.34905496339235376,31.7139644,0,0
1684272043.5780342,32,0.8235989694910942,31.3760166,0,0
1684272051.3466508,32,0.8778312805055607,31.4499244,0,0
1684272059.6289263,32,0.05084513012274272,32.2218017,0,0
1684272067.1311183,32,0,32.9963073,0,0
1684272074.5453203,32,0,33.0862274,0,0
1684272081.960603,32,0,32.8314704,0,0
1684272089.4730525,32,0,32.4621315,0,0
1684272096.8523922,32,0,32.064743,0,0
1684272104.3131754,32,0.4198028853624226,31.6570434,0,0
1684272111.6739304,32,0.8728562621152248,31.3477039,0,0
1684272119.44737,32,0.8320713209446156,31.504219,0,0
1684272127.6311858,32,0,32.3116073,0,0
1684272135.117271,32,0,33.0587806,0,0
1684272142.6225026,32,0,33.0904808,0,0
1684272150.0676084,32,0,32.8154678,0,0
1684272157.5604472,32,0,32.4288063,0,0
1684272164.9596236,32,0,32.0191116,0,0
1684272172.443221,32,0.4809744351685304,31.6072139,0,0
1684272179.948861,32,0.9371797301685304,31.3069458,0,0
1684272187.3706992,32,0.8471674848302777,31.5067787,0,0
1684272194.935087,32,0,32.3421745,0,0
1684272202.5309567,32,0,33.0924949,0,0
1684272210.1397626,32,0,33.1249771,0,0
1684272217.5811849,32,0,32.8447303,0,0
1684272225.0662193,32,0,32.4594421,0,0
1684272232.4519856,32,0,32.0620651,0,0
1684272239.9434092,32,0.4426550975000003,31.6386489,0,0
1684272247.508822,32,0.909274850670698,31.3248825,0,0
1684272254.9537694,32,0.8832490869000776,31.4695186,0,0
1684272262.4091566,32,0.0847480060187426,32.2190437,0,0
1684272270.037995,32,0,33.0198898,0,0
1684272277.5100446,32,0,33.1146087,0,0
1684272285.0046477,32,0,32.8641052,0,0
1684272292.6856005,32,0,32.4740676,0,0
1684272300.1685858,32,0,32.0835952,0,0
1684272307.6338966,32,0.3995093960534021,31.6736221,0,0
1684272315.1562986,32,0.8996681241099354,31.3255405,0,0
1684272322.6807032,32,0.8858300591502717,31.4611263,0,0
1684272330.2559044,32,0.07837296168973595,32.218914,0,0
1684272337.67795,32,0,32.9936485,0,0
1684272345.3069797,32,0,33.0861511,0,0
1684272353.0018425,32,0,32.8169822,0,0
1684272360.527371,32,0,32.4316711,0,0
1684272368.112386,32,0,32.0196418,0,0
1684272375.647202,32,0.4887698320825088,31.6013069,0,0
1684272383.2225003,32,0.948045199791199,31.3009529,0,0
1684272390.8114996,32,0.8373693085762501,31.5206127,0,0
1684272398.376748,32,0,32.3525161,0,0
1684272405.907866,32,0,33.0973625,0,0
1684272413.5132952,32,0,33.0993461,0,0
1684272421.3015137,32,0,32.7781524,0,0
1684272428.8771644,32,0,32.371025,0,0
1684272436.435996,32,0.051753358638111646,31.9577999,0,0
1684272444.1486423,32,0.5832604212612926,31.5343475,0,0
1684272451.6932316,32,0.9841379076244219,31.2931652,0,0
1684272459.341686,32,0.7198524589956007,31.6399784,0,0
1684272467.0008924,32,0,32.5361518,0,0
1684272474.54523,32,0,33.2047996,0,0
1684272482.188502,32,0,33.1796951,0,0
1684272489.9356678,32,0,32.845314,0,0
1684272497.500774,32,0,32.4463195,0,0
1684272505.0319858,32,0,32.0229797,0,0
1684272512.701168,32,0.5151844881551819,31.5812053,0,0
1684272520.346455,32,0.9786394837479617,31.282257,0,0
1684272527.9411883,32,0.8014869668845049,31.5597152,0,0
1684272535.6000774,32,0,32.4361648,0,0
1684272543.2632854,32,0,33.1847724,0,0
1684272550.860266,32,0,33.1953125,0,0
1684272558.5158143,32,0,32.8917274,0,0
1684272566.253892,32,0,32.4741249,0,0
1684272573.859303,32,0,32.0393905,0,0
1684272581.4307115,32,0.4733503042750686,31.6143283,0,0
1684272589.09917,32,0.9235917043542313,31.320219,0,0
1684272596.8198078,32,0.8127912412318012,31.5380039,0,0
1684272604.4433913,32,0,32.3313484,0,0
1684272612.11854,32,0,33.0667533,0,0
1684272619.923802,32,0,33.0578422,0,0
1684272627.581895,32,0,32.7409896,0,0
1684272635.3872626,32,0,32.3248252,0,0
1684272643.1059601,32,0.1370998016105714,31.8887195,0,0
1684272650.77523,32,0.6309227040074403,31.50811,0,0
1684272658.4694111,32,0.9434589563548331,31.3463191,0,0
1684272666.2208786,32,0.5881354938548317,31.757925,0,0
1684272673.9398396,32,0,32.6220817,0,0
1684272681.6319222,32,0,33.1378822,0,0
1684272689.3435903,32,0,33.0387382,0,0
1684272696.9730775,32,0,32.6892433,0,0
1684272704.677373,32,0,32.2705307,0,0
1684272712.4386566,32,0.20333701999715437,31.8350849,0,0
1684272720.0078194,32,0.6938508504204648,31.4657802,0,0
1684272727.718137,32,0.9233984142221787,31.3798274,0,0
1684272735.4211369,32,0.46542859652650437,31.8681964,0,0
1684272743.2431593,32,0,32.7274169,0,0
1684272750.9709275,32,0,33.1325149,0,0
1684272758.76019,32,0,32.9755783,0,0
1684272766.3847735,32,0,32.6130256,0,0
1684272774.0741637,32,0,32.20475,0,0
1684272781.8499649,32,0.29082578009762694,31.764122,0,0
1684272790.2502632,32,0.8281806931659055,31.3825054,0,0
1684272797.9787476,32,0.9127411107218039,31.4299373,0,0
1684272805.7039874,32,0.20657409363069518,32.1104698,0,0
1684272813.5092404,32,0,32.9447135,0,0
1684272821.217917,32,0,33.1281127,0,0
1684272828.922782,32,0,32.8741302,0,0
1684272836.6779628,32,0,32.5037612,0,0
1684272844.4092393,32,0,32.0745697,0,0
1684272852.135645,32,0.45862767753945644,31.6276073,0,0
1684272860.0300767,32,0.941719358132164,31.3082523,0,0
1684272867.7790065,32,0.8025983493478613,31.5517959,0,0
1684272875.5135415,32,0,32.3849639,0,0
1684272883.3724806,32,0,33.1238784,0,0
1684272891.1211905,32,0,33.1108093,0,0
1684272898.9607615,32,0,32.7827301,0,0
1684272908.0645463,32,0,32.2984352,0,0
1684272916.0330675,32,0.18127284332517898,31.8537025,0,0
1684272923.9078147,32,0.7244027928251776,31.4423236,0,0
1684272931.7913196,32,0.9615325825976923,31.3573169,0,0
1684272939.784543,32,0.4028751063574297,31.9322128,0,0
1684272947.5548584,32,0,32.8240547,0,0
1684272955.647887,32,0,33.2047958,0,0
1684272963.486625,32,0,33.0080795,0,0
1684272971.3056781,32,0,32.6355361,0,0
1684272979.2740889,32,0,32.182579,0,0
1684272987.222544,32,0.34591552080087573,31.7207183,0,0
1684272994.9383776,32,0.8292499214406406,31.3807773,0,0
1684273002.7832386,32,0.8713026646812964,31.464693,0,0
1684273010.6112845,32,0.13902917641228207,32.1595077,0,0
1684273018.7289188,32,0,32.9559402,0,0
1684273026.9439526,32,0,33.0237007,0,0
1684273035.3063974,32,0,32.6931571,0,0
1684273043.1894166,32,0,32.2964668,0,0
1684273051.0062923,32,0.1797496080849259,31.8544349,0,0
1684273059.3285942,32,0.7426332413093233,31.4329643,0,0
1684273067.2971864,32,0.9734271681869462,31.3560905,0,0
1684273075.1159246,32,0.42064058486512834,31.9261798,0,0
1684273083.004026,32,0,32.8389511,0,0
1684273090.8925054,32,0,33.2370071,0,0
1684273099.290041,32,0,33.0213432,0,0
1684273107.1487677,32,0,32.631195,0,0
1684273114.998619,32,0,32.1861953,0,0
1684273122.8766108,32,0.34309141048457337,31.7225818,0,0
1684273130.7312164,32,0.8542813582502174,31.3616008,0,0
1684273138.6299827,32,0.9044597967802706,31.4434432,0,0
1684273146.578401,32,0.11600761245207686,32.1872253,0,0
1684273154.484462,32,0,33.0206909,0,0
1684273162.3052213,32,0,33.1078834,0,0
1684273170.2701936,32,0,32.819168,0,0
1684273178.2051322,32,0,32.4129219,0,0
1684273186.1867685,32,0.05560127259160587,31.9551429,0,0
1684273194.2288873,32,0.6453324451069742,31.4886188,0,0
1684273202.187407,32,1.033587962557603,31.2736606,0,0
1684273210.1082292,32,0.6733406834323307,31.7043209,0,0
1684273218.294558,32,0,32.7572288,0,0
1684273226.1495802,32,0,33.3839988,0,0
1684273234.3674636,32,0,33.2851943,0,0
1684273242.2466884,32,0,32.909275,0,0
1684273250.2152874,32,0,32.4727554,0,0
1684273258.1231399,32,0,32.0133323,0,0
1684273266.2439165,32,0.5813947931250002,31.5325469,0,0
1684273276.4896986,32,1.0710772751027637,31.2676963,0,0
1684273284.3883333,32,0.6700684810164357,31.7322177,0,0
1684273292.4066005,32,0,32.8088645,0,0
1684273300.3151636,32,0,33.455307,0,0
1684273308.2465742,32,0,33.3668251,0,0
1684273316.2788427,32,0,32.9885368,0,0
1684273324.2773523,32,0,32.5238189,0,0
1684273332.165695,32,0,32.0418243,0,0
1684273340.1940193,32,0.5573593236514119,31.5510272,0,0
1684273348.1326883,32,1.05687659433953,31.233921,0,0
1684273356.031182,32,0.8367427773622604,31.5585575,0,0
1684273364.1398923,32,0,32.6161117,0,0
1684273372.2374325,32,0,33.4171867,0,0
1684273380.105814,32,0,33.3689994,0,0
1684273388.693081,32,0,32.9661979,0,0
1684273396.716206,32,0,32.5005989,0,0
1684273404.6583645,32,0,32.0366821,0,0
1684273412.6566954,32,0.5534458520000001,31.5536727,0,0
1684273420.7019815,32,1.023602271028611,31.2617397,0,0
1684273428.9097764,32,0.7630263358196966,31.6166534,0,0
1684273436.8656826,32,0,32.6101264,0,0
1684273445.0005915,32,0,33.3058547,0,0
1684273452.9685013,32,0,33.2010917,0,0
1684273461.0272527,32,0,32.8213386,0,0
1684273468.995979,32,0,32.341732,0,0
1684273477.0339806,32,0.1766332770030951,31.8577156,0,0
1684273485.0391223,32,0.729580793003096,31.4393291,0,0
1684273493.060656,32,0.9715281535633002,31.3532123,0,0
1684273501.1730785,32,0.38285760702153837,31.9532546,0,0
1684273509.2415185,32,0,32.8812408,0,0
1684273517.3897219,32,0,33.2278366,0,0
1684273525.5716026,32,0,33.0082435,0,0
1684273533.6099014,32,0,32.5897712,0,0
1684273541.6385033,32,0,32.1434211,0,0
1684273549.6868434,32,0.3987971357532123,31.6788711,0,0
1684273557.7548234,32,0.9126908548998629,31.3276195,0,0
1684273565.7484996,32,0.8576969308998654,31.5021076,0,0
1684273573.7520895,32,0,32.338684,0,0
1684273581.834273,32,0,33.1257858,0,0
1684273589.8288927,32,0,33.0964469,0,0
1684273597.8968937,32,0,32.7483749,0,0
1684273606.0273726,32,0,32.3080863,0,0
1684273613.9539945,32,0.18824036727237276,31.8479652,0,0
1684273621.9762704,32,0.7081933053169249,31.458271,0,0
1684273630.094744,32,0.9538759628169229,31.3669052,0,0
1684273638.1129463,32,0.42465697324966545,31.9162616,0,0
1684273646.5627763,32,0,32.8650283,0,0
1684273654.7127266,32,0,33.2039299,0,0
1684273662.6811798,32,0,33.0087814,0,0
1684273670.7532032,32,0,32.6128158,0,0
1684273678.8318107,32,0,32.1659317,0,0
1684273686.9544613,32,0.3734585737500018,31.6997318,0,0
1684273694.908226,32,0.8897288495009893,31.3407516,0,0
1684273703.0405886,32,0.8598445867829665,31.4941616,0,0
1684273711.1890168,32,0,32.3179779,0,0
1684273719.2575984,32,0,33.0875511,0,0
1684273727.2553895,32,0,33.0570869,0,0
1684273735.4073994,32,0,32.6943588,0,0
1684273743.476197,32,0,32.2589912,0,0
1684273751.6968272,32,0.25787745323832023,31.7930507,0,0
