t,i,temp_desired,temp_tc
1680125619.5260625,25,0.7106254428812395,23.5989246
1680125620.5026615,25,0.6830813459531554,23.7049846
1680125621.4862232,25,0.6938174719007187,23.7326354
1680125622.4727435,25,0.7059537203806376,23.7572765
1680125623.4579084,25,0.7187397183806375,23.7804851
1680125624.4491577,25,0.7336724261703009,23.7979793
1680125625.4346418,25,0.7267830141542273,23.8567562
1680125626.4753287,25,0.7216881568026725,23.9124908
1680125627.4650364,25,0.7119593751706051,23.9723949
1680125628.4615698,25,0.6901425234203403,24.0533275
1680125629.4498603,25,0.6620081214203415,24.1438426
1680125630.4401357,25,0.6322802515002914,24.233469
1680125631.4208517,25,0.5988299640442477,24.3268642
1680125632.3973157,25,0.5568752128047486,24.4331092
1680125633.387389,25,0.5176394494127177,24.5300769
1680125634.373669,25,0.4659238714127182,24.6476039
1680125635.3635473,25,0.42309060773462887,24.7432231
1680125636.3600872,25,0.36523256573463053,24.8643646
1680125637.3388803,25,0.3179052245186269,24.9605712
1680125638.3201783,25,0.25986518422864774,25.0737457
1680125639.2995374,25,0.21150381035665866,25.1640129
1680125640.2651434,25,0.15881113487644544,25.259346
1680125641.2458665,25,0.10248283439256961,25.3581218
1680125642.2421174,25,0.04289488165659838,25.4592227
1680125643.2152371,25,0,25.5371818
1680125644.2056465,25,0,25.6089878
1680125645.1818337,25,0,25.6785736
1680125646.1579053,25,0,25.7384605
1680125647.1482577,25,0,25.7838077
1680125648.1243625,25,0,25.8244934
1680125649.1040652,25,0,25.8607463
1680125650.0939915,25,0,25.8991279
1680125651.0741532,25,0,25.922039
1680125652.053674,25,0,25.949831
1680125653.0302196,25,0,25.9632835
1680125654.046531,25,0,25.9883308
1680125655.0264559,25,0,25.9859561
1680125656.0127113,25,0,25.9987888
1680125656.995894,25,0,26.0124988
1680125657.9958632,25,0,26.0128612
1680125658.9627209,25,0,26.0137367
1680125659.9463923,25,0,26.0235271
1680125660.928028,25,0,26.0258064
1680125661.9250274,25,0,26.0185794
1680125662.9112682,25,0,26.0279693
1680125663.8881955,25,0,26.0279922
1680125664.8744462,25,0,26.0280838
1680125665.854262,25,0,26.024847
1680125666.8306668,25,0,26.0143737
1680125667.8075182,25,0,26.0054054
1680125668.8268857,25,0,26.0002384
1680125669.8132112,25,0,25.9837684
1680125670.8067973,25,0,25.9787292
1680125671.7867439,25,0,25.9740161
1680125672.772508,25,0,25.9727725
1680125673.7430716,25,0,25.9609165
1680125674.7092252,25,0,25.9603195
1680125675.6857545,25,0,25.9487895
1680125676.675538,25,0,25.9404487
1680125677.6486325,25,0,25.9321002
1680125678.63511,25,0,25.914339
1680125679.6251347,25,0,25.8934307
1680125680.5969138,25,0,25.8824768
1680125681.5779927,25,0,25.8726825
1680125682.5576468,25,0,25.8519191
1680125683.5341215,25,0,25.8508548
1680125684.5175717,25,0,25.8334064
1680125685.503036,25,0,25.8198242
1680125686.4835114,25,0,25.8069477
1680125687.4700263,25,0,25.7996826
1680125688.4499223,25,0,25.7856807
1680125689.426372,25,0,25.779993
1680125690.4155164,25,0,25.7683219
1680125691.399266,25,0,25.7542133
1680125692.3757815,25,0,25.7392158
1680125693.354955,25,0,25.7342948
1680125694.3625982,25,0,25.7169857
1680125695.3487146,25,0,25.6940555
1680125696.3382826,25,0,25.6939029
1680125697.3243568,25,0,25.6853904
1680125698.297955,25,0,25.6768226
1680125699.2879655,25,0,25.6572742
1680125700.2639155,25,0,25.6473274
1680125701.2439516,25,0,25.6441421
1680125702.2306013,25,0,25.6261501
1680125703.207062,25,0,25.6264038
1680125704.196842,25,0,25.6110477
1680125705.1837854,25,0,25.5978031
1680125706.162693,25,0,25.5830535
1680125707.1464028,25,0,25.5711593
1680125708.13269,25,0,25.5571212
1680125709.1192033,25,0,25.5466632
1680125710.1090705,25,0,25.5363082
1680125711.1054316,25,0,25.5261821
1680125712.083699,25,0,25.5122604
1680125713.06836,25,0,25.4943103
1680125714.054893,25,0,25.4732971
1680125715.0213268,25,0,25.4537754
1680125716.011315,25,0,25.4483394
1680125716.9875305,25,0,25.4436454
1680125717.9774656,25,0,25.4242229
1680125718.9510674,25,0,25.4154739
1680125719.9427683,25,0,25.41156
1680125720.926928,25,0,25.393732
1680125721.9235315,25,0,25.3867359
1680125722.9166553,25,0,25.3733177
1680125723.909072,25,0,25.3748798
1680125724.8861513,25,0,25.3688812
1680125725.8714955,25,0,25.3596611
1680125726.84255,25,0,25.3537921
1680125727.8255277,25,0,25.336977
1680125728.8053198,25,0,25.3309688
1680125729.801835,25,0,25.3174877
1680125730.7784681,25,0,25.3169746
1680125731.7681518,25,0,25.2974357
1680125732.7412694,25,0,25.279108
1680125733.717576,25,0,25.2783565
1680125734.6886044,25,0,25.2689056
1680125735.6639762,25,0,25.2480239
1680125736.7009025,25,0,25.2339458
1680125737.6803799,25,0,25.2225055
1680125738.6668487,25,0,25.2080059
1680125739.6434557,25,0,25.2077693
1680125740.6159267,25,0,25.1960945
1680125741.5961783,25,0,25.1831111
1680125742.5781946,25,0,25.1837711
1680125743.5725045,25,0,25.1790294
1680125744.5691032,25,0,25.1624126
1680125745.5488935,25,0,25.1575012
1680125746.5220697,25,0,25.1604137
1680125747.5086784,25,0,25.147438
1680125748.4784093,25,0,25.1400547
1680125749.4548576,25,0,25.1396884
1680125750.440198,25,0,25.1313838
1680125751.4513717,25,0,25.1223506
1680125752.4401324,25,0,25.1089668
1680125753.4105759,25,0,25.098421
1680125754.390569,25,0,25.0905914
1680125755.366905,25,0,25.0782222
1680125756.346705,25,0,25.0817737
1680125757.3433063,25,0,25.0724372
1680125758.332966,25,0,25.0625858
1680125759.3195636,25,0,25.0464324
1680125760.302869,25,0,25.0499553
1680125761.29932,25,0,25.030096
1680125762.2788408,25,0,25.0265121
1680125763.2447941,25,0,25.0188007
1680125764.242138,25,0,25.0085716
1680125765.2316618,25,0,25.0097999
1680125766.2281878,25,0.0033246887040002714,24.9936103
1680125767.2170281,25,0.010444395375998325,24.9801521
1680125768.2014184,25,0.007802672355994056,24.985979
1680125769.177537,25,0.014485280355994187,24.9736671
1680125770.1506205,25,0.02402430612602935,24.9562835
1680125771.1426554,25,0.01904785612602922,24.967535
1680125772.124801,25,0.027621449438026115,24.9522666
1680125773.1049664,25,0.027885767494010623,24.9535388
1680125774.0992072,25,0.03372249149401095,24.9441013
1680125775.0859275,25,0.040766885622006255,24.9326629
1680125776.0716517,25,0.0437686274719863,24.9294395
1680125777.0587966,25,0.04672835468798212,24.9264163
1680125778.0517724,25,0.05318801598397631,24.9167728
1680125779.0323465,25,0.05617169598397706,24.914236
1680125780.0151958,25,0.06261957737605368,24.9050216
1680125781.0126886,25,0.06479984137605474,24.9044818
1680125782.0114486,25,0.057712385376054456,24.9217853
1680125783.0073404,25,0.06168972447603209,24.917097
1680125783.9942641,25,0.06323666047603041,24.9173107
1680125784.9869366,25,0.06603757924402544,24.9150524
1680125785.969885,25,0.07009519889202029,24.9104614
1680125786.9479427,25,0.07022059915199498,24.9136142
1680125787.9326386,25,0.07605202375998996,24.9056644
1680125788.913233,25,0.07280383566398342,24.9154872
1680125789.9096892,25,0.06932609844405058,24.9253826
1680125790.9000661,25,0.06957668644405068,24.9277706
1680125791.8896313,25,0.06598163802804594,24.9374237
1680125792.865509,25,0.06665041269802952,24.9385089
1680125793.8460789,25,0.06832326196201982,24.9375801
1680125794.8258963,25,0.0642170701520064,24.9478473
1680125795.902147,25,0.06158014811204076,24.955059
1680125796.898249,25,0.06642943358403686,24.9474296
1680125797.8780508,25,0.060758281584037524,24.9603576
1680125798.8749843,25,0.057761589534026825,24.9676265
1680125799.8483534,25,0.06269557015802467,24.9593582
1680125800.8279371,25,0.05951472953801288,24.966999
1680125801.7945137,25,0.05463126019401142,24.9776458
1680125802.7813027,25,0.053303111196026653,24.9810371
1680125803.7710536,25,0.05438202650802701,24.9796791
1680125804.7670925,25,0.048950612508026764,24.9909057
1680125805.7606251,25,0.04802859050802688,24.9930286
1680125806.7401297,25,0.04079995913802796,25.0072021
1680125807.7166178,25,0.03950946891402886,25.0094184
1680125808.7332563,25,0.03202116705802566,25.0234279
1680125809.7258146,25,0.0316076567060271,25.0233364
1680125810.7030413,25,0.03136447929802987,25.0229206
1680125811.688288,25,0.029081672870038495,25.0264606
1680125812.665677,25,0.02266027367004183,25.037815
1680125813.649102,25,0.025068442010012126,25.0317478
1680125814.6489644,25,0.02189825266601595,25.0366458
1680125815.634161,25,0.02239321266601621,25.0342845
1680125816.6250572,25,0.02076914763602565,25.0361099
1680125817.611765,25,0.016433684836027536,25.043085
1680125818.5973387,25,0.012005356836028838,25.0499439
1680125819.5874145,25,0.015457150164030854,25.0414104
1680125820.5614178,25,0.014927823924042426,25.0408592
1680125821.537613,25,0.012385404020047591,25.0442314
1680125822.537412,25,0.015205256020048102,25.0371074
1680125823.5236194,25,0.007808100310003764,25.0499343
1680125824.503537,25,0.006308372642020811,25.0509586
1680125825.4942243,25,0.006679333442025245,25.048315
1680125826.479021,25,0.013889617442023983,25.0325908
1680125827.4662275,25,0.009850354786026423,25.0391292
1680125828.4496474,25,0.007789298786027906,25.0415878
1680125829.425261,25,0.00981923169204113,25.0361499
1680125830.4112225,25,0.010509541692041297,25.033432
1680125831.398239,25,0.005647077992005454,25.041521
1680125832.3781781,25,0.01329157097601304,25.0252532
1680125833.3683968,25,0.018197834976013433,25.0148468
1680125834.3648877,25,0.013721758240014578,25.0228977
1680125835.348072,25,0.02022055230401656,25.0095252
1680125836.3350904,25,0.01685592779402079,25.0156383
1680125837.3044834,25,0.021397144226021,25.0063076
1680125838.3409948,25,0.02629965474402114,24.9966411
1680125839.3206966,25,0.022485069264023147,25.0041084
1680125840.3068671,25,0.02232195060802398,25.0042667
1680125841.2797873,25,0.021794902784023424,25.0051193
1680125842.2764654,25,0.025015767094024855,24.9987277
1680125843.2666082,25,0.033469028166023554,24.9825096
1680125844.2668386,25,0.0327586081660242,24.9845485
1680125845.2425683,25,0.03559362989601879,24.9796791
1680125846.2327085,25,0.03212088984801763,24.9871311
1680125847.2086558,25,0.03379854071201619,24.9843902
1680125848.195502,25,0.03569602395201175,24.9813308
1680125849.1853895,25,0.046272911184008295,24.9616851
1680125850.1686275,25,0.04309548533403351,24.9692325
1680125851.1443684,25,0.04908030135003019,24.9588813
1680125852.1249387,25,0.04649035840002133,24.9654235
1680125853.1112804,25,0.04454706353601896,24.9704723
1680125854.1076736,25,0.04908506416001726,24.9628582
1680125855.099028,25,0.048330300160016694,24.9657382
1680125856.0841775,25,0.04114840416001703,24.9808673
1680125857.0666673,25,0.046154442160009516,24.97196
1680125858.0470133,25,0.047389180848006744,24.9706459
1680125859.0234678,25,0.04603724025202779,24.9743442
1680125860.0100498,25,0.0561014001560246,24.9559497
1680125860.9895136,25,0.04845037260601819,24.9723415
1680125861.9761586,25,0.05241730462201379,24.9657344
1680125862.966107,25,0.05393586201200367,24.9641113
1680125863.9588432,25,0.05024924088201002,24.9725971
1680125864.9489837,25,0.04586258186200621,24.9820766
1680125865.934919,25,0.04696069139800479,24.9806423
1680125866.9121463,25,0.0460709293980035,24.9830875
1680125867.8941648,25,0.049224205728023815,24.9776611
1680125868.8748677,25,0.05082116806601551,24.9754199
1680125869.851683,25,0.04643503512201434,24.9847908
1680125870.833686,25,0.0437300301300137,24.9905719
1680125871.8143446,25,0.04078031399001188,24.996603
1680125872.7938368,25,0.040671722982012624,24.9969406
1680125873.779829,25,0.036125684182006096,25.005804
1680125874.7631612,25,0.040250854998006805,24.9976463
1680125875.736655,25,0.03638279051800888,25.0051784
1680125876.7250142,25,0.030108125334010458,25.0170669
1680125877.710293,25,0.02937798333400965,25.0178146
1680125878.6860974,25,0.022065498304018806,25.0312099
1680125879.6762323,25,0.01943617630402153,25.0350875
1680125880.702494,25,0.022664802598012193,25.0274963
1680125881.6820922,25,0.016662593214024503,25.0380268
1680125882.6680331,25,0.022150957438025712,25.0260257
1680125883.6556473,25,0.02169572996800423,25.0259151
1680125884.6482735,25,0.022430666208005698,25.0235195
1680125885.6234555,25,0.019815952208005222,25.0276432
1680125886.598224,25,0.021073282566013193,25.0241909
1680125887.5771868,25,0.018770426518015533,25.0277061
1680125888.5558724,25,0.017707454236024614,25.0287189
1680125889.54031,25,0.019807653036027453,25.02359
1680125890.528092,25,0.021538506626009406,25.0193653
1680125891.5028818,25,0.020454634258010414,25.0207176
1680125892.4963856,25,0.014595624088020433,25.0312061
1680125893.4907315,25,0.01294694608802047,25.0331764
1680125894.4789276,25,0.015342009704021047,25.0273113
1680125895.476295,25,0.01297978770402218,25.0308036
1680125896.4634957,25,0.013301305592022503,25.0290184
1680125897.4460146,25,0.02088072185202754,25.0133342
1680125898.4326127,25,0.018801399580028275,25.0168304
1680125899.4314353,25,0.01724903324402897,25.0191802
1680125900.4121277,25,0.013764981244030087,25.0251426
1680125901.4132798,25,0.02355884853402431,25.0053443
1680125902.3903887,25,0.013807164678025632,25.0239067
1680125903.3646922,25,0.01882672924802982,25.0133419
1680125904.3597593,25,0.01865635188803165,25.0131645
1680125905.3475833,25,0.0189108258880302,25.0121688
1680125906.3381457,25,0.023261639324031688,25.0033378
1680125907.3241622,25,0.026201107324032333,24.9975566
1680125908.3633378,25,0.027631757976033563,24.9949054
1680125909.3497365,25,0.02713159397603466,24.9960632
1680125910.3369079,25,0.028251063890031992,24.9940547
1680125911.3233054,25,0.03208029579003465,24.986927
1680125912.316317,25,0.03209593030403114,24.9873847
1680125913.3063874,25,0.03443598430403186,24.9833698
1680125914.2861366,25,0.039750063952028736,24.9737739
1680125915.2725177,25,0.04489747986805891,24.9648418
1680125916.2618122,25,0.043350187868057784,24.9691696
1680125917.24803,25,0.045038983868058324,24.9671077
1680125918.243366,25,0.042595266878050236,24.9730567
1680125919.2317317,25,0.047538927950045204,24.9645423
1680125920.2183003,25,0.045110921950045894,24.9705753
1680125921.204524,25,0.04696536067003779,24.9681224
1680125922.1946812,25,0.04726569267003755,24.9687709
1680125923.2210305,25,0.04451654792404614,24.9752883
1680125924.2075508,25,0.04455757139203748,24.9761314
1680125925.1973462,25,0.04606214422403593,24.9741401
1680125926.1910992,25,0.045675790224034896,24.9758777
1680125927.1667523,25,0.04720161622403499,24.9738712
1680125928.1667397,25,0.04767914160003469,24.9739418
1680125929.1526134,25,0.04697030965005468,24.9762935
1680125930.1330059,25,0.04988018105805315,24.9715919
1680125931.1193397,25,0.04990255476804638,24.9726257
1680125932.095909,25,0.0427594232000442,24.9874076
1680125933.0884793,25,0.04580894692003931,24.982006
1680125934.0790365,25,0.03993028292003765,24.9940032
1680125935.0653477,25,0.03996899677603732,24.9941558
1680125936.0555575,25,0.04223316877603732,24.9900264
1680125937.0413702,25,0.0407989012560375,24.993164
1680125938.0174093,25,0.040427018866042455,24.9941387
1680125938.9978943,25,0.03889220261604204,24.9973125
1680125939.9942238,25,0.034438063880041524,25.0059852
1680125940.9777098,25,0.03473789588004305,25.0051784
1680125941.9677877,25,0.037243891204042374,25.0001602
1680125942.933808,25,0.03487619520404242,25.0047073
1680125943.9037957,25,0.028934575348044875,25.0159721
1680125944.8896844,25,0.04122301345405107,24.9917163
1680125945.8729973,25,0.03298036666405296,25.0078907
1680125946.8665304,25,0.04227332780005271,24.9897098
1680125947.8501773,25,0.03562069580005244,25.0028991
1680125948.8457897,25,0.035419898024052945,25.0031757
1680125949.8259778,25,0.038471846864051626,24.9971828
1680125950.8110316,25,0.03280800308805298,25.0081882
1680125951.7951002,25,0.03835810308805294,24.9972
1680125952.7787292,25,0.034436928692048424,25.0048542
1680125953.7604978,25,0.038228968212049345,24.9973735
1680125954.7546253,25,0.03129805421204771,25.0108032
1680125955.7338731,25,0.03786243099204709,24.9977626
1680125956.7181878,25,0.03960062648004717,24.9944992
1680125957.6874657,25,0.036410144520046595,25.0008468
1680125958.6842806,25,0.03673839111204683,25.0001831
1680125959.6633976,25,0.037919294328047415,24.9979038
1680125960.6639864,25,0.037172568358048615,24.9994201
1680125961.6663218,25,0.031378832928057085,25.0105781
1680125962.6630998,25,0.03368324582805257,25.005743
1680125963.6424518,25,0.033178593828051314,25.0064926
1680125964.6287313,25,0.02086494422206147,25.0299587
1680125965.6108973,25,0.03186613822206144,25.0076503
1680125966.5791078,25,0.03384880668606222,25.0035476
1680125967.558884,25,0.029712477790066444,25.0113792
1680125968.545391,25,0.02768353059006763,25.0148525
1680125969.5256836,25,0.030823658780059923,25.0082473
1680125970.5037127,25,0.02313508631606153,25.0227298
1680125971.4875035,25,0.02641142188606787,25.0155735
1680125972.4647467,25,0.024811451886068744,25.0180625
1680125973.4512417,25,0.024933177886069025,25.0171337
1680125974.4375043,25,0.02317065038407496,25.0198879
1680125975.4230309,25,0.022011065536075777,25.0213661
1680125976.4039319,25,0.027291679536076613,25.0103893
1680125977.3931623,25,0.022426406378061384,25.0193691
1680125978.386328,25,0.025099796378060313,25.013483
1680125979.3735597,25,0.023725972998064296,25.0156154
1680125980.3501675,25,0.025161200934065986,25.0122623
1680125981.3391056,25,0.024605680342067317,25.0128669
1680125982.3153832,25,0.027564831902068723,25.0066852
1680125983.2960694,25,0.028535982206068306,25.0045661
1680125984.2892022,25,0.029947252206069915,25.0016765
1680125985.2756152,25,0.024189781626057248,25.0126914
1680125986.2555616,25,0.023093508122058133,25.0143203
1680125987.2318435,25,0.020177893874065593,25.0193996
1680125988.2237642,25,0.023450701874065564,25.0123596
1680125989.2068572,25,0.02187131569806611,25.0149307
1680125990.1942728,25,0.021724879648069878,25.0146465
1680125991.170426,25,0.026741028656071267,25.0044422
1680125992.141065,25,0.024211048168064367,25.0091476
1680125993.1239917,25,0.02939352080806422,24.9988288
1680125994.1040018,25,0.03309392964006197,24.9917526
1680125995.1100717,25,0.03148052964006337,24.9951725
1680125996.0900726,25,0.03164293733606238,24.9950428
1680125997.0666938,25,0.03283097674606109,24.9929447
1680125998.0396326,25,0.035621393082059326,24.9878349
1680125999.0221825,25,0.03784354514207322,24.9840202
1680126000.0127897,25,0.03728875887007213,24.9856929
1680126001.0145526,25,0.038589524870072445,24.9837417
1680126002.0058508,25,0.0339763532500698,24.9932346
1680126002.9947472,25,0.03359098525007048,24.9942359
1680126003.9815688,25,0.03818172577807018,24.9856204
1680126004.965696,25,0.03979488923406801,24.9830608
1680126005.9570212,25,0.04382994684406134,24.9759387
1680126006.9451776,25,0.03826300084406191,24.9875698
1680126007.9116082,25,0.04296630225205921,24.9789772
1680126008.8998232,25,0.040591041890071476,24.9843349
1680126009.8950553,25,0.03907933925007235,24.987852
1680126010.8739111,25,0.03375625885407145,24.9985542
1680126011.8499868,25,0.030584107014072826,25.004713
1680126012.8461742,25,0.037197877542071045,24.9918079
1680126013.8260653,25,0.03912020354207208,24.9884262
1680126014.7986465,25,0.04368449500406539,24.9800701
1680126015.7825432,25,0.04439368695008099,24.9794483
1680126016.7590454,25,0.04494485007008068,24.979166
1680126017.7374542,25,0.04827152445007298,24.9735546
1680126018.7222278,25,0.04144318477007209,24.987688
1680126019.7104855,25,0.0404357567700716,24.9900989
1680126020.6885104,25,0.040148148472069024,24.9910221
1680126021.659408,25,0.03484444416806835,25.0015678
1680126022.689308,25,0.03548052125606931,25.0002841
1680126023.6810634,25,0.03590326725606767,24.9994602
1680126024.6672678,25,0.03562744290406748,25.0000114
1680126025.6532836,25,0.042019788174079385,24.9877109
1680126026.6484132,25,0.03639003817408008,24.99901
1680126027.6309857,25,0.039370242270077925,24.9933128
1680126028.6131973,25,0.0359058344820787,25.0002326
1680126029.6148922,25,0.035373486482078643,25.0012474
1680126030.6040633,25,0.03657443848207795,24.9988899
1680126031.5820158,25,0.03228468271608189,25.0071907
1680126032.560942,25,0.03174769326008208,25.0079517
1680126033.5457242,25,0.0335617264280815,25.0041599
1680126034.5259755,25,0.029028078168071708,25.0127258
1680126035.5163395,25,0.02957653848807193,25.0111885
1680126036.4990299,25,0.03160923241807316,25.0068531
1680126037.4857705,25,0.030206604050074942,25.0092926
1680126038.4818335,25,0.029745048050074954,25.0098228
1680126039.4619346,25,0.02666927825807474,25.0153694
1680126040.4536169,25,0.026478548398079296,25.0151538
1680126041.4313645,25,0.026074254926079635,25.0153579
1680126042.4243886,25,0.024721322430081856,25.0173797
1680126043.4082165,25,0.025703732430082157,25.014822
1680126044.39431,25,0.02725513920807221,25.0112819
1680126045.3739426,25,0.02732428156807582,25.0107212
1680126046.3509686,25,0.025494641056076156,25.0138359
1680126047.346574,25,0.022254665936077195,25.0195465
1680126048.3265665,25,0.02700435193607681,25.0096607
1680126049.3065307,25,0.026904331472080573,25.0094928
1680126050.2864778,25,0.031023321808080387,25.0012073
1680126051.2662761,25,0.02729690074807347,25.008337
1680126052.2524898,25,0.02639718240807603,25.0097522
1680126053.2324622,25,0.031141410408076303,25.0002536
1680126054.208323,25,0.03157530797607652,24.9994087
1680126055.1889646,25,0.030854701260076195,25.0008182
1680126056.16635,25,0.036262499244075326,24.9903812
1680126057.1581948,25,0.03694664006408612,24.9894294
1680126058.1509533,25,0.03723740406408606,24.9892768
1680126059.1346252,25,0.03737604521608501,24.9894161
1680126060.1133652,25,0.03475353426608289,24.9948635
1680126061.0976677,25,0.03182649719408351,25.0006904
1680126062.087447,25,0.03416804791408322,24.9961585
1680126063.0811005,25,0.031225359834083435,25.0019664
1680126064.070461,25,0.03255867583408321,24.9993267
1680126065.0569208,25,0.036802573290082005,24.9911804
1680126066.0533967,25,0.030154876970081394,25.004301
1680126067.0232506,25,0.027518615076075448,25.0092163
1680126067.9992082,25,0.024544440332078858,25.0145988
1680126068.97169,25,0.02854215738807977,25.0063533
1680126069.963357,25,0.02635539798008077,25.0103206
1680126070.949177,25,0.028315957050082198,25.0061569
1680126071.925529,25,0.030605428874082803,25.0015182
1680126072.8954008,25,0.029235694130078566,25.0040988
1680126073.8815708,25,0.026041626866080195,25.0100898
1680126074.8611047,25,0.031147019946079626,24.9998836
1680126075.8405535,25,0.0281191605540809,25.0057144
1680126076.8356702,25,0.034212825086078494,24.9937686
1680126077.8304262,25,0.030851165086078366,25.000473
1680126078.8105674,25,0.036701924030076986,24.9891967
1680126079.8279028,25,0.03768657764607773,24.9877262
1680126080.8223953,25,0.040885936718077706,24.9820346
1680126081.8272915,25,0.04021488043007865,24.9840259
1680126082.8109555,25,0.0394131339820768,24.9861736
1680126083.795851,25,0.032810234910077264,24.9994029
1680126084.7718117,25,0.03293893028007819,24.9991779
1680126085.755236,25,0.03516650351207814,24.9949226
1680126086.7291474,25,0.034930059238075455,24.9955673
1680126087.71582,25,0.034227329206075,24.9970874
1680126088.7022223,25,0.033249828816076424,24.9990787
1680126089.688559,25,0.031157695424076592,25.0031394
1680126090.6806784,25,0.0324010954240757,25.0006275
1680126091.6620398,25,0.030723535600075867,25.0038318
1680126092.6437933,25,0.03392512143007734,24.9975261
1680126093.6347017,25,0.036258528934077355,24.9931297
1680126094.614392,25,0.03166366838407805,25.0022315
1680126095.600768,25,0.033894547728078726,24.9978542
1680126096.5905633,25,0.027950842992078784,25.0093727
1680126097.583889,25,0.03760922499207957,24.9904384
1680126098.5700738,25,0.03530754990207783,24.9952297
1680126099.5601623,25,0.036015015582076954,24.994049
1680126100.542513,25,0.03206916908607753,25.0018672
1680126101.5432591,25,0.03721903308607666,24.9918918
1680126102.5226047,25,0.03630728596208257,24.9939498
1680126103.5086408,25,0.03735862196208252,24.9921607
1680126104.489317,25,0.032377380772082555,25.0020427
1680126105.4869106,25,0.031231337620083184,25.0041732
1680126106.4787357,25,0.029730331220082847,25.006895
1680126107.4585817,25,0.08281371525207692,24.9044876
1680126108.445057,25,0.030156796222078973,25.0094299
1680126109.4815626,25,0.028524503368075667,25.0121917
1680126110.476463,25,0.031244201368074397,25.0064926
1680126111.4676392,25,0.03037302476007598,25.0079231
1680126112.4676423,25,0.02837376276007548,25.0114631
1680126113.4610693,25,0.033056610130076984,25.0020179
1680126114.4406116,25,0.030167744130075724,25.0074958
1680126115.422973,25,0.03435181155407567,24.9991607
1680126116.4095347,25,0.03157905051407614,25.004528
1680126117.3898525,25,0.028316327934067853,25.010641
1680126118.369334,25,0.030518314600069374,25.0060043
1680126119.3543339,25,0.030866043096069502,25.0051078
1680126120.3423648,25,0.028826522676072164,25.0088386
1680126121.319512,25,0.02636955067607257,25.0132236
1680126122.3051245,25,0.023416172564073093,25.0184059
1680126123.2913356,25,0.027484684164074853,25.00988
1680126124.3118436,25,0.027976624580074508,25.0085487
1680126125.2981777,25,0,25.1181793
1680126126.2884293,25,0.027584892916078303,25.0045032
1680126127.268095,25,0,25.1197738
1680126128.2526622,25,0.023076303210081053,25.0084037
1680126129.2375987,25,0.02497264485808102,25.0044364
1680126130.224117,25,0.024329440858080243,25.0055027
1680126131.2103455,25,0.029472618058080807,24.9953975
1680126132.2005038,25,0.027032608158080045,25.000267
1680126133.1831472,25,0.03119488755007967,24.9922428
1680126134.160208,25,0.02681472508007948,25.0009651
1680126135.139906,25,0.026883719080078645,25.0007953
1680126136.126102,25,0.018733153350084956,25.0164585
1680126137.1160927,25,0.01763037935008395,25.0179462
1680126138.1021569,25,0.01602133944608521,25.0203628
1680126139.0885627,25,0.0205488808860856,25.0108795
1680126140.0689733,25,0.026080768898085412,24.9998226
1680126141.0555727,25,0.025538128418085858,25.0008735
1680126142.0383215,25,0.024283838418086387,25.003252
1680126143.0183551,25,0.028470641508090536,24.9950695
1680126144.0047176,25,0.028021795508090506,24.9961223
1680126144.987613,25,0.08094848281605416,24.8943634
1680126145.9704046,25,0.029268126112053212,24.9978103
1680126146.957508,25,0.029862405052052926,24.9967498
1680126147.944251,25,0.03477542105205271,24.9874267
1680126148.9206054,25,0.03171915390005227,24.9937839
1680126149.9072478,25,0.03556741993006312,24.9866065
1680126150.8830233,25,0.03356405591406293,24.9909687
1680126151.8836884,25,0.036600157914062514,24.9854774
1680126152.8713226,25,0,25.0998477
1680126153.8493469,25,0.028349220400091066,24.9981193
1680126154.8327308,25,0.03026160179208935,24.9945106
1680126155.8108926,25,0.03312145053208708,24.9892158
1680126156.7988963,25,0.038935061892084157,24.978424
1680126157.7856338,25,0.03725101389208347,24.9824924
1680126158.7718475,25,0.03881080224210087,24.9801425
1680126159.761184,25,0.034522544242100314,24.9891529
1680126160.7315905,25,0.03369147920209864,24.9911632
1680126161.7146575,25,0.029898180898098092,24.9987964
1680126162.6981523,25,0.02895364203609889,25.0006599
1680126163.6732142,25,0.032116240036098934,24.9945526
1680126164.6643157,25,0.02882759590809863,25.0010871
1680126165.653905,25,0.03397948171810546,24.9911327
1680126166.6800282,25,0.032389063098101245,24.9945354
1680126167.6704497,25,0.03294368309810123,24.993679
1680126168.6565876,25,0.03952886709810115,24.9812583
1680126169.6332526,25,0.041347332066119555,24.9784564
1680126170.6215184,25,0.09521789686608381,24.875616
1680126171.5961587,25,0.03994922534608176,24.9866695
1680126172.5661361,25,0.0926697305560506,24.8857307
1680126173.5524545,25,0.039445030380050476,24.9924716
1680126174.538958,25,0.03265380638004972,25.0058212
1680126175.5156348,25,0.03377523519004613,25.0034427
1680126176.5020237,25,0.03346778303404818,25.0039062
1680126177.4940672,25,0.030690911034047516,25.0090961
1680126178.47824,25,0.032318879114048564,25.005619
1680126179.504391,25,0.02879602599204476,25.0121631
1680126180.4863927,25,0.02556659879404953,25.0179271
1680126181.4809558,25,0.01649192079405075,25.0346889
1680126182.451217,25,0.015351065276061837,25.0355911
1680126183.421437,25,0.015697371884064733,25.0335769
1680126184.4045417,25,0.016895110076066103,25.0300006
1680126185.3927343,25,0.02048624155404919,25.0219669
1680126186.3781517,25,0.01746632308405672,25.0269451
1680126187.364104,25,0.015535901084056215,25.0296211
1680126188.3525727,25,0.010696932908060442,25.0378341
1680126189.3452597,25,0.004747062908061619,25.047821
1680126190.3302984,25,0.0038168903380737494,25.0477981
1680126191.3351011,25,0.00407492033807428,25.0454635
1680126192.332885,25,0.010470402338074992,25.0314159
1680126193.307836,25,0.0063617763380745505,25.0381088
1680126194.2934985,25,0.006446188786079981,25.0365257
1680126195.2878704,25,0.012541458596057757,25.0234127
1680126196.266152,25,0.011792274260060055,25.0239677
1680126197.2496989,25,0.018304462810063277,25.0105285
1680126198.230545,25,0.016984056810062462,25.0126628
1680126199.2075348,25,0.020652315668065777,25.0051307
1680126200.202166,25,0.02304710566806531,25.000328
1680126201.1924312,25,0.022937377668066045,25.0005264
1680126202.1784654,25,0.021083401348065835,25.004074
1680126203.1569421,25,0.020002874836060613,25.0060024
1680126204.129006,25,0.015781146452061568,25.0138988
1680126205.115486,25,0.017999353562063624,25.0091037
1680126206.0958173,25,0.026667744746063243,24.9920787
1680126207.0872238,25,0.03245270575406296,24.9812469
1680126208.0781004,25,0.03303922051405756,24.9808292
1680126209.08721,25,0.029959963894060294,24.9874954
1680126210.055456,25,0.030229051112056704,24.9874439
1680126211.045301,25,0.029064704280056346,24.9901599
1680126212.0475793,25,0.03374354228005609,24.9815406
1680126213.03394,25,0.027085658280056338,24.9950542
1680126214.0199924,25,0.03203329473006801,24.9857215
1680126215.016039,25,0.031575920368063275,24.9871349
1680126215.997563,25,0.029494522368063582,24.9916324
1680126216.98315,25,0.03569564371206234,24.9800167
1680126217.9624908,25,0.030245737072062268,24.9912605
1680126218.9456596,25,0.03072224154206012,24.9906749
1680126219.925933,25,0.03907521669405652,24.9749393
1680126220.926521,25,0.03953082669405566,24.975027
1680126221.9297574,25,0.035535584870056716,24.9836807
1680126222.9159892,25,0.0302802185180564,24.9944114
1680126223.9088078,25,0.03144233851805665,24.9923915
1680126224.9021244,25,0.03346267823806598,24.9887924
1680126225.8881907,25,0.03442467126206496,24.9873657
1680126226.881521,25,0.02689950926206486,25.0023231
1680126227.8733573,25,0.023458700002068598,25.0088558
1680126228.8642895,25,0.030799770178067967,24.9943943
1680126229.8402283,25,0.02790176677006733,25.0001831
1680126230.8274093,25,0.024342580180070426,25.0070247
1680126231.8040054,25,0.027673561860069872,25.000349
1680126232.7808583,25,0.031053655972069417,24.9938316
1680126233.761014,25,0.029118636160071255,24.9977874
1680126234.7474885,25,0.0373300894300662,24.9820709
1680126235.737303,25,0.033355298918065546,24.9903984
1680126236.731096,25,0.03505985491806502,24.9874897
1680126237.719527,25,0.034553768854064915,24.9889373
1680126238.7092419,25,0.03802918285406439,24.9826793
1680126239.6992502,25,0.03128096506406472,24.9963207
1680126240.6944828,25,0.03330548706406468,24.9925689
1680126241.6756992,25,0.030037729256063912,24.9991378
1680126242.6661577,25,0.031340361256063785,24.9966659
1680126243.6621196,25,0.0370125666260771,24.9858779
1680126244.6517885,25,0.035471609554075134,24.9893779
1680126245.6450152,25,0.033010872514076,24.994522
1680126246.6318214,25,0.032172030466076,24.9963436
1680126247.61199,25,0.026639871996078264,25.0071315
1680126248.5911627,25,0.02527832804407957,25.0094814
1680126249.5605917,25,0.02402595158408195,25.0115318
1680126250.5527067,25,0.02344515564808327,25.0122127
1680126251.553632,25,0.026556253648082957,25.0057601
1680126252.5434566,25,0.02625851241608325,25.0061149
1680126253.520993,25,0.024085390312074413,25.0100708
1680126254.4962957,25,0.02430233979207669,25.0092716
1680126255.480062,25,0.02374222324807848,25.0099983
1680126256.4727,25,0.018697209248078245,25.0193157
1680126257.4381375,25,0.013552937000088056,25.0284996
1680126258.4043717,25,0.015828372840090827,25.023056
1680126259.3815374,25,0.014905304696078377,25.0239868
1680126260.3587306,25,0.014659253304079065,25.0235519
1680126261.3386314,25,0.008555679304079938,25.0343837
1680126262.3148499,25,0.007851668148090941,25.0344562
1680126263.3049004,25,0.012421038932092787,25.0243587
1680126264.3477373,25,0.016840079274088586,25.0149059
1680126265.3378448,25,0.015154393274088084,25.0175743
1680126266.3213742,25,0.012941542316094599,25.0211791
1680126267.3111506,25,0.012903748316095247,25.0204372
1680126268.290138,25,0.013829794332096846,25.0178813
1680126269.2738311,25,0.02083653669209254,25.0037212
1680126270.2438564,25,0.012191429680100282,25.0202274
1680126271.2403536,25,0.015633321936101667,25.0128383
1680126272.2167659,25,0.016164043936100554,25.0113239
1680126273.2033334,25,0.026321539464098386,24.9913444
1680126274.1899536,25,0.02705983994409763,24.9902515
1680126275.1694965,25,0.027608877944097113,24.9895706
1680126276.161831,25,0.021951406494096316,25.0008525
1680126277.1448905,25,0.02969733249409623,24.9859237
1680126278.133391,25,0.034135431838094366,24.9779167
1680126279.1349797,25,0.029044294868091302,24.9885501
1680126280.1325684,25,0.027010092918093816,24.9929065
1680126281.1177328,25,0.03574000813808702,24.9763774
1680126282.0929098,25,0.033593010954085664,24.9813919
1680126283.0825772,25,0.029727120954084803,24.989542
1680126284.0548375,25,0.035036548906078074,24.9797096
1680126285.0367918,25,0.03551911671407666,24.9795494
1680126286.0070405,25,0.040190102556100706,24.9713191
1680126286.993759,25,0.03168811826609783,24.9887657
1680126287.9833508,25,0.027237918250096374,24.9977531
1680126288.976681,25,0.028822837914096455,24.9947948
1680126289.9665267,25,0.03911193967409493,24.975193
1680126290.9494703,25,0.034541306104090536,24.9849281
1680126291.91886,25,0.03345120698409102,24.9875965
1680126292.9000757,25,0.02551093631008683,25.0033473
1680126293.9449666,25,0.03634906017007375,24.982397
1680126294.9218605,25,0.03241441533807263,24.9906349
1680126295.8981984,25,0.03471128042808427,24.9865703
1680126296.8814206,25,0.0338065267360798,24.9888134
1680126297.8726487,25,0.03234421073608094,24.9920558
1680126298.8610215,25,0.03167187086408019,24.9936504
1680126299.8452888,25,0.03548910542408017,24.9865455
1680126300.8304598,25,0.0385554460140735,24.9811553
1680126301.814346,25,0.03253596065407291,24.993452
1680126302.8069298,25,0.037238188654073426,24.9846611
1680126303.807836,25,0.03178352265407352,24.9957408
1680126304.8062477,25,0.03044541465407303,24.9984779
1680126305.808953,25,0.028005232654074244,25.0032291
1680126306.7962759,25,0.024620149246073343,25.0096206
1680126307.78895,25,0.0254734014760667,25.0076141
1680126308.7772753,25,0.018950651476067736,25.019865
1680126309.766348,25,0.0173435011720691,25.0222053
1680126310.7547002,25,0.01978263917206805,25.0166606
1680126311.738295,25,0.01574418311207599,25.0237998
1680126312.7155857,25,0.01909920884007841,25.0164527
1680126313.698212,25,0.01796222788008188,25.0180168
1680126314.6921337,25,0.013236420904083591,25.0264282
1680126315.6701963,25,0.021308968904084895,25.0098876
1680126316.6505842,25,0.01797400751807104,25.0159397
1680126317.6337986,25,0.016460944750073186,25.0182476
1680126318.6204524,25,0.009329256330081134,25.0312786
1680126319.6128519,25,0.01795178500208205,25.0135021
1680126320.5961993,25,0.011358907002081826,25.0256614
1680126321.5822418,25,0.008359010906084756,25.0304622
1680126322.5630639,25,0.016254439724088333,25.0141239
1680126323.5609725,25,0.01946220172408845,25.0074119
1680126324.5371933,25,0.0160919290040892,25.0136165
1680126325.5167367,25,0.023632748124090445,24.9985904
1680126326.5090733,25,0.025879782492090317,24.9943199
1680126327.4975274,25,0.020798526242091324,25.0043125
1680126328.490857,25,0.022168276242091604,25.0015125
1680126329.470337,25,0.02061106678609181,25.0044517
1680126330.4584606,25,0.0293293829620921,24.9875068
1680126331.447945,25,0.026525431672088748,24.9933757
1680126332.4348972,25,0.025025249928089147,24.9965133
1680126333.4151757,25,0.027671013272088936,24.9915542
1680126334.40371,25,0.018945900202081176,25.0086631
1680126335.3992586,25,0.02315953481008039,25.0002269
1680126336.4044828,25,0.025504012906081387,24.9957122
1680126337.3775742,25,0.020113931786081913,25.0062465
1680126338.3737288,25,0.024719106336080113,24.9971485
1680126339.356429,25,0.028561664304080324,24.9898624
1680126340.334626,25,0.025226516784080475,24.996664
1680126341.3363097,25,0.020427168374081185,25.0060253
1680126342.3182054,25,0.02452095037408146,24.9979209
1680126343.2967026,25,0.030510730230079833,24.9864654
1680126344.2848659,25,0.03297200298009475,24.9822425
1680126345.2786005,25,0.03306528098009562,24.9827461
1680126346.2575674,25,0.02889484682009461,24.9914245
1680126347.252249,25,0.027294413550093332,24.9948291
1680126348.2421985,25,0.02621753555009304,24.9970989
1680126349.2288911,25,0.03282654676609337,24.9844913
1680126350.2210627,25,0.026163524766091732,24.9979
1680126351.2077293,25,0.026515155666092315,24.997303
1680126352.1942165,25,0.02675359166609245,24.9969482
1680126353.1840012,25,0.028730646674091545,24.9932594
1680126354.175178,25,0.02430209467409101,25.0020351
1680126355.1736484,25,0.025243355650091504,25.0001468
1680126356.1718621,25,0.032521355650091024,24.986145
1680126357.164053,25,0.030416127650091385,24.9907264
1680126358.1386588,25,0.0290217359500972,24.993761
1680126359.1271436,25,0.02642560567809619,24.9989929
1680126360.1075616,25,0.02721564094809512,24.9975109
1680126361.0949254,25,0.028410940356094795,24.9953022
1680126362.0758948,25,0.027910796356094635,24.9964447
1680126363.0554285,25,0.027844970898094845,24.9967041
1680126364.0467362,25,0.020865311970094242,25.0102596
1680126365.030538,25,0.022328524530088666,25.0070552
1680126366.0658355,25,0.03200584415607843,24.9881877
1680126367.0528977,25,0.02867249815607835,24.9950523
1680126368.030717,25,0.02825445026807923,24.9960441
1680126369.0077512,25,0.024424027622075555,25.0035667
1680126369.9877357,25,0.024546052632076546,25.0031967
1680126370.9742117,25,0.024433616072077727,25.003292
1680126371.9600024,25,0.025500143806077406,25.0011157
1680126372.9334645,25,0.023660793806077496,25.00461
1680126373.9226246,25,0.01897219591807968,25.0134658
1680126374.9157357,25,0.020842211918079133,25.0093517
1680126375.9087977,25,0.01778534167806625,25.0148792
1680126376.9046054,25,0.021964853678065513,25.0062694
1680126377.8877578,25,0.025237372814066492,24.9997348
1680126378.8719623,25,0.021822844814065222,25.0063114
1680126379.862518,25,0.02300695892406733,25.0037937
1680126380.857429,25,0.02054748738806826,25.0083827
1680126381.8436892,25,0.021351874956068002,25.0065174
1680126382.8262098,25,0.022744072406069547,25.0035915
1680126383.814708,25,0.018560134406068084,25.0114994
1680126384.8050413,25,0.020808101542069687,25.0067424
1680126385.7982273,25,0.019739202854068726,25.0085334
1680126386.7906039,25,0.016406310406070098,25.0146236
1680126387.7720234,25,0.020708683616065794,25.0057907
1680126388.7552507,25,0.030549452880065005,24.9866352
1680126389.7334063,25,0.017400165930067817,25.0124435
1680126390.7207448,25,0.016665635354068287,25.0133857
1680126391.7157907,25,0.018901034090069723,25.0085773
1680126392.7124946,25,0.018453784090069727,25.0091075
1680126393.681526,25,0.0177918681920728,25.0100421
1680126394.6609643,25,0.011053235376074916,25.0226287
1680126395.639447,25,0.012926815116058522,25.018177
1680126396.6208017,25,0.014042701356063218,25.0153408
1680126397.5969586,25,0.019114181676063827,25.005001
1680126398.5810878,25,0.01769348820406357,25.0075454
1680126399.578077,25,0.019612574214065114,25.0035667
1680126400.5713282,25,0.02094368021406577,25.0008697
1680126401.554976,25,0.01600618231006676,25.0103378
1680126402.5432663,25,0.022302112326065136,24.9978313
1680126403.5323079,25,0.023104218326065996,24.9963722
1680126404.5222917,25,0.025293983186073492,24.9922962
1680126405.5043113,25,0.020167412082072667,25.0024528
1680126406.4759822,25,0.027084087424068565,24.9890441
1680126407.4566472,25,0.02665836244806906,24.9902782
1680126408.447024,25,0.029399374198064137,24.9853725
1680126409.429374,25,0.026877177734064506,24.9907798
1680126410.4188242,25,0.022878689126064125,24.9988231
1680126411.4087005,25,0.025250138506068998,24.9943046
1680126412.4020555,25,0.02697988388206856,24.9911918
1680126413.3864083,25,0.027898919882068864,24.9897632
1680126414.3778782,25,0.029649914482063704,24.986782
1680126415.3615067,25,0.029462966482064003,24.9876499
1680126416.351968,25,0.03173308025806369,24.9837493
1680126417.341064,25,0.0300149689140626,24.9876708
1680126418.3238225,25,0.0317605667040586,24.9847793
1680126419.2988331,25,0.03295021798405748,24.9830665
1680126420.2698438,25,0.03596898536607583,24.9778861
1680126421.2535691,25,0.030763164454074798,24.9887409
1680126422.243482,25,0.03233504538407103,24.9861431
1680126423.2326796,25,0.03506500408807045,24.9814147
1680126424.2163048,25,0.02822560746406936,24.9952793
1680126425.2067878,25,0.03249265746406878,24.987255
1680126426.182419,25,0.030878197644065578,24.990839
1680126427.1800542,25,0.04025692606006389,24.9731388
1680126428.1654472,25,0.034823729510078116,24.9846115
1680126429.149547,25,0.02730705951007857,24.9996585
1680126430.1324193,25,0.03234017715807769,24.9899864
1680126431.108767,25,0.03639479226607112,24.9825534
1680126432.0954812,25,0.03390526173807057,24.9880046
1680126433.0804455,25,0.03557636573807105,24.9852523
1680126434.0684817,25,0.024983961668071885,25.0061931
1680126435.0585017,25,0.02033141966807206,25.0149021
1680126436.0405202,25,0.014228108516075776,25.0260982
1680126437.0210662,25,0.01886253793606122,25.0161914
1680126438.0106142,25,0.014183516144062373,25.0245819
1680126438.9975374,25,0.013993662764069825,25.0240154
1680126439.9760032,25,0.012279611884072904,25.0264205
1680126440.9672449,25,0.015551638784078219,25.019123
1680126441.947052,25,0.010243790784077587,25.0285949
1680126442.9360042,25,0.009440171472080167,25.0290584
1680126443.9025426,25,0.009229115984081625,25.0283641
1680126444.8890457,25,0.010654817664060554,25.0245456
1680126445.8688269,25,0.012468499038067682,25.0201377
1680126446.8527777,25,0.01636905924606899,25.0118694
1680126447.8394516,25,0.011679992974070002,25.0204429
1680126448.8293128,25,0.01167078468407495,25.0196857
1680126449.8212352,25,0.016203446684074183,25.0102119
1680126450.7920475,25,0.011758094028077086,25.0183792
1680126451.7648048,25,0.01091254529606088,25.0193214
1680126452.757968,25,0.013023230320060891,25.0145282
1680126453.7470427,25,0.01260715175006499,25.0147781
1680126454.7311623,25,0.016374600598065885,25.0069732
1680126455.7031887,25,0.014723600598066856,25.00988
1680126456.6874864,25,0.018413452938066354,25.002407
1680126457.6644304,25,0.01936423255406791,25.0004863
1680126458.6503747,25,0.024479414144074795,24.9906253
1680126459.6403284,25,0.02023316852807542,24.9991512
1680126460.6289203,25,0.0179036002980757,25.0036659
1680126461.610486,25,0.02193609589807642,24.9957675
1680126462.589719,25,0.023407041034076363,24.9930973
1680126463.5761054,25,0.01884452046407643,25.0021381
1680126464.5559688,25,0.02118730614407651,24.997549
1680126465.5488443,25,0.02278081030407592,24.9945755
1680126466.5382953,25,0.02402566004408206,24.9923858
1680126467.5221357,25,0.018445204044083202,25.0034103
1680126468.5019746,25,0.020960742658082714,24.9984397
1680126469.488417,25,0.018780055058082647,25.002695
1680126470.4737897,25,0.014621015058083168,25.0105895
1680126471.4546156,25,0.015797301058082715,25.007925
1680126472.4405327,25,0.017286201870084762,25.0047626
1680126473.4408596,25,0.021469665870084236,24.9965343
1680126474.4255064,25,0.023346083870084463,24.9930591
1680126475.4003444,25,0.020568123224084956,24.9986667
1680126476.3804495,25,0.027663673544085075,24.9850635
1680126477.3668597,25,0.02695479765408129,24.9869937
1680126478.3530009,25,0.023645341094079925,24.9938545
1680126479.3429406,25,0.028092932342080365,24.9855289
1680126480.3295636,25,0.019054282342079978,25.0034675
1680126481.318115,25,0.01485811506808277,25.0114173
1680126482.302537,25,0.025454505068083878,24.9906005
1680126483.2847557,25,0.024871296252082804,24.9920787
1680126484.2779663,25,0.022540252940084934,24.9968624
1680126485.2551267,25,0.0115025649400856,25.0182094
1680126486.2512717,25,0.005684027470093878,25.0287151
1680126487.2414513,25,0.006046699006094659,25.0269298
1680126488.2271445,25,0.00833572470209612,25.0215053
1680126489.214606,25,0.01112504270209607,25.0153141
1680126490.1873746,25,0.0022998800301069523,25.0317344
1680126491.1739118,25,0.010789944030107097,25.0141868
1680126492.1572,25,0.014426039122102396,25.0066566
1680126493.1431735,25,0.006404995634102972,25.0218391
1680126494.1130552,25,0.010906250634106242,25.01235
1680126495.0912073,25,0.016577055946106534,25.0009708
1680126496.0732634,25,0.01970019329610576,24.9949245
1680126497.060142,25,0.01491836112010584,25.0043182
1680126498.036423,25,0.022682781568105576,24.9892139
1680126499.0157435,25,0.019898729508109978,24.9949798
1680126500.0053267,25,0.026786862546103466,24.9819049
1680126500.9922652,25,0.028290320546103646,24.9797096
1680126501.9933574,25,0.026431677986102853,24.9840545
1680126502.9753368,25,0.024312671986102073,24.9887428
1680126503.941426,25,0.030645081758093783,24.9769706
1680126504.9183006,25,0.02951389430209098,24.9800071
1680126505.9211996,25,0.01672774862209181,25.0053615
1680126506.9142792,25,0.020465163966091764,24.9979667
1680126507.9009287,25,0.020455640596093855,24.9980621
1680126508.890892,25,0.02257831888409205,24.9940509
1680126509.8799944,25,0.024144699604090204,24.9912624
1680126510.8702989,25,0.023571278548089897,24.9926967
1680126511.8503697,25,0.02480138854809045,24.990612
1680126512.8368888,25,0.026550277252088313,24.9876022
1680126513.8226197,25,0.032257904062080275,24.9770755
1680126514.8029828,25,0.033072438062080635,24.9763908
1680126515.7895854,25,0.03404162443008017,24.9754199
1680126516.7727356,25,0.03480525584609957,24.9748668
1680126517.7516983,25,0.0277936252060973,24.9893112
1680126518.7786865,25,0.03164278601008687,24.9823513
1680126519.7548075,25,0.027706269252094632,24.9905891
1680126520.7452257,25,0.033320762002089915,24.9801425
1680126521.7413669,25,0.03213651145808819,24.9831733
1680126522.7312236,25,0.03536419345808896,24.9776134
1680126523.703992,25,0.03422477864208662,24.9806537
1680126524.6811829,25,0.036431407382079686,24.977127
1680126525.6659627,25,0.031211787254078787,24.9880371
1680126526.6573095,25,0.034940619934095925,24.9813156
1680126527.6272762,25,0.03311777379009456,24.9855308
1680126528.6133862,25,0.028785780858092008,24.9944114
1680126529.6001222,25,0.02750005285809179,24.9970989
1680126530.5817327,25,0.024122758872092687,25.0037097
1680126531.5730906,25,0.025502536872093272,25.0009136
1680126532.5492394,25,0.029453227400093398,24.9932727
1680126533.525944,25,0.025300568860091556,25.0015182
1680126534.505919,25,0.021221436408095377,25.0093154
1680126535.4975953,25,0.021477440408095252,25.0084648
1680126536.4822688,25,0.017541212408094656,25.0157089
1680126537.4651654,25,0.013169826980105093,25.0235538
1680126538.4416633,25,0.011035101252105259,25.0267696
1680126539.4217093,25,0.011720533060106921,25.0244369
1680126540.3980956,25,0.019260331840100262,25.0090026
1680126541.3878207,25,0.014815964256100558,25.0172138
1680126542.3839526,25,0.010332452776107216,25.0251884
1680126543.3807628,25,0.018938564776107225,25.0076694
1680126544.3672874,25,0.01806901748010871,25.0090522
1680126545.3438692,25,0.014787393192108533,25.0150241
1680126546.3301425,25,0.012735923792115352,25.018402
1680126547.3067327,25,0.009199878800116357,25.0245094
1680126548.2963903,25,0.012635817072117465,25.0169696
1680126549.2927198,25,0.011510861072117084,25.0184803
1680126550.272553,25,0.017759461962111273,25.0057563
1680126551.2576873,25,0.019872876850112155,25.0014724
1680126552.24235,25,0.025063617906112504,24.9914283
1680126553.2224455,25,0.01900451581011243,25.0034122
1680126554.1985087,25,0.023610022110111158,24.994421
1680126555.1886024,25,0.02115956134211061,24.9993476
1680126556.1839995,25,0.021170581342110927,24.9993515
1680126557.171375,25,0.021864332494111467,24.9980411
1680126558.1663373,25,0.020789670494110072,25.0001831
1680126559.1442797,25,0.020983278664111385,24.9998035
1680126560.1310651,25,0.02089002066410997,24.9999904
1680126561.1405368,25,0.018245024664110748,25.0050773
1680126562.1271198,25,0.012957772214115693,25.0150585
1680126563.1232767,25,0.014863928710116239,25.0108203
1680126564.1126842,25,0.02417990271011554,24.9924888
1680126565.1098053,25,0.020871383414115298,24.9991397
1680126566.089908,25,0.023855085414115376,24.9934349
1680126567.0728753,25,0.026775778554112763,24.9880638
1680126568.0492282,25,0.029598313978110278,24.9830741
1680126569.0290387,25,0.02217523170811121,24.9979991
1680126570.0154316,25,0.023315811340111136,24.9958801
1680126570.9953043,25,0.026779129000109484,24.9893722
1680126571.9715736,25,0.03070430791210796,24.9822216
1680126572.9549923,25,0.0313123867161017,24.9817142
1680126573.9478676,25,0.028288630956105062,24.9882392
1680126574.9275775,25,0.029856867288099186,24.9856586
1680126575.9077492,25,0.024821272568099774,24.9958915
1680126576.8974402,25,0.023240593252100455,24.9990882
1680126577.880624,25,0.023180465252099172,24.9992389
1680126578.8699584,25,0.020864237930101205,25.0037269
1680126579.8663125,25,0.020244167930101475,25.004776
1680126580.8436606,25,0.02017496498610161,25.0047283
1680126581.804978,25,0.024667014846101024,24.995903
1680126582.780133,25,0.021381520542101084,25.0023803
1680126583.765225,25,0.02299174508610186,24.9991912
1680126584.759004,25,0.019518669086100362,25.0059013
1680126585.7425296,25,0.019601666456102125,25.0055179
1680126586.735802,25,0.014754112264103933,25.0146369
1680126587.7123828,25,0.01547605615210448,25.0126934
1680126588.701643,25,0.015923849332107526,25.0113506
1680126589.6685047,25,0.01537140814810865,25.0119838
1680126590.6380055,25,0.01057926539409202,25.0207633
1680126591.627922,25,0.012527704258091531,25.0162277
1680126592.6080427,25,0.011546856228096935,25.0174999
1680126593.5845504,25,0.011923268820098573,25.0161228
1680126594.5641074,25,0.015678385364102924,25.0082912
1680126595.556284,25,0.02043263458010304,24.9988288
1680126596.5405195,25,0.015588182580102083,25.0081901
1680126597.5267649,25,0.012690980900090004,25.0134544
1680126598.5062811,25,0.011139419514095472,25.0159397
1680126599.4898238,25,0.012233985514096268,25.0132217
1680126600.4810174,25,0.017595940538096017,25.0024032
1680126601.4625869,25,0.01681714399409612,25.0038108
1680126602.432528,25,0.014852753854098049,25.0074462
1680126603.4692795,25,0.02000589840409858,24.9972515
1680126604.4549518,25,0.01705168040409837,25.0030384
1680126605.441181,25,0.016839188034099128,25.0033321
1680126606.438113,25,0.017977918738100503,25.0010147
1680126607.4250526,25,0.01624513613010016,25.0043106
1680126608.4046662,25,0.017025816130099538,25.0026435
1680126609.3811202,25,0.013262628178092203,25.0097904
1680126610.3611403,25,0.017612011736092975,25.0010509
1680126611.357557,25,0.015127285736091914,25.0057888
1680126612.3541577,25,0.016593505736092206,25.0027465
1680126613.3430681,25,0.016844714648092632,25.0021591
1680126614.3168488,25,0.015961617598093343,25.0037765
1680126615.2936223,25,0.018760253742093284,24.9982471
1680126616.313209,25,0.01561713372609251,25.0043563
1680126617.2900069,25,0.014752297486094003,25.0058555
1680126618.2789829,25,0.015193023136089043,25.0047855
1680126619.2560098,25,0.013459410000089746,25.0079402
1680126620.2518592,25,0.016880394980091012,25.0010566
1680126621.2344472,25,0.015795036612090838,25.0031051
1680126622.2156188,25,0.020652342612089952,24.9936447
1680126623.2047772,25,0.018717984456089597,24.9976062
1680126624.1917205,25,0.01875714333608884,24.9976215
1680126625.1583047,25,0.02504957039208787,24.9856033
1680126626.1503534,25,0.016864554206087276,25.0018997
1680126627.1333854,25,0.02519554420608611,24.9858055
1680126628.1070213,25,0.018786221096086655,24.9986763
1680126629.086741,25,0.021583568376085,24.9933395
1680126630.0735056,25,0.020209053416085372,24.9962368
1680126631.0604858,25,0.020254573416085126,24.996294
1680126632.0501385,25,0.019135636840084687,24.9985866
1680126633.0403435,25,0.01823752484008476,25.0003681
1680126634.0226471,25,0.02574343051409573,24.9859027
1680126635.0079093,25,0.02436772177409258,24.9890842
1680126636.0062084,25,0.025234380454096202,24.9878444
1680126636.9949718,25,0.016873746234097937,25.0043926
1680126637.9717252,25,0.01730375785009808,25.0033988
1680126638.9389513,25,0.019769918544097365,24.9985237
1680126639.916279,25,0.02162716627209631,24.9950027
1680126640.9047585,25,0.018640829792096282,25.0009384
1680126641.8876846,25,0.019859408352096125,24.998558
1680126642.8746119,25,0.0169107803520953,25.0042839
1680126643.8545501,25,0.021476351302094125,24.9953365
1680126644.8308935,25,0.018339746866094176,25.0015506
1680126645.8506093,25,0.01421559617009108,25.0094108
1680126646.8344157,25,0.017912972874091215,25.0019397
1680126647.8258731,25,0.016015170244092863,25.0055179
1680126648.7943091,25,0.014441255572094414,25.0083427
1680126649.773186,25,0.011559912782082977,25.0135707
1680126650.7513793,25,0.010204240972088174,25.0156745
1680126651.73926,25,0.01068021497208797,25.0141563
1680126652.71925,25,0.008717543980088279,25.0173969
1680126653.6995995,25,0.008262492798094913,25.0176239
1680126654.6858666,25,0.00795135646209601,25.0175552
1680126655.6638439,25,0.0032058954700979053,25.0260219
1680126656.6552517,25,0.008521803480084161,25.0148067
1680126657.6452258,25,0.011001793480085655,25.009468
1680126658.631587,25,0.010513113416084977,25.0100498
1680126659.6116533,25,0.01627703921808568,24.9985771
1680126660.5928314,25,0.017403333602084924,24.9964637
1680126661.5671165,25,0.015962334752083897,24.9993705
1680126662.5466938,25,0.016671510256084394,24.9980297
1680126663.527264,25,0.016417491482086315,24.9985923
1680126664.5162976,25,0.00566973415408596,25.0193271
1680126665.4877157,25,0.0141725342040879,25.0022335
1680126666.4803107,25,0.010333251948087178,25.0095367
1680126667.4799473,25,0.010743253660087828,25.0083866
1680126668.465842,25,0.012692077660088938,25.0043163
1680126669.446493,25,0.016267761380087842,24.9972724
1680126670.4444106,25,0.010855862052088924,25.0077896
1680126671.422366,25,0.006008189348089487,25.0168228
1680126672.4023542,25,0.009281001348089502,25.0098819
1680126673.3825164,25,0.011994018900085985,25.0042896
1680126674.368053,25,0.01658920440008509,24.995285
1680126675.3549902,25,0.015601580880083928,24.997364
1680126676.3417506,25,0.019202975696083063,24.9905338
1680126677.3283875,25,0.014510568206082954,24.9999217
1680126678.3136225,25,0.011377867102084488,25.0059528
1680126679.294004,25,0.01032996911808461,25.0077438
1680126680.2812822,25,0.01826041711808465,24.9921951
1680126681.2701633,25,0.0126728918380811,25.0032424
1680126682.247019,25,0.014664617530080805,24.9992866
1680126683.2266324,25,0.011888391386082659,25.0046558
1680126684.2194335,25,0.01592910469808225,24.9967041
1680126685.1977994,25,0.01998481022807897,24.9890251
1680126686.1656113,25,0.02272334746007639,24.9841613
1680126687.1515903,25,0.019598697690084967,24.9907741
1680126688.1394627,25,0.015216745450084864,24.9995555
1680126689.1184669,25,0.013222162540086261,25.0034103
1680126690.0886629,25,0.013502973596085016,25.0027408
1680126691.05882,25,0.010406395142089747,25.0086059
1680126692.0453832,25,0.007507255926090176,25.0138587
1680126693.014411,25,0.00642335162607586,25.015419
1680126693.9886725,25,0.01390899884607725,25.000431
1680126694.9879258,25,0.008351737502077418,25.0111083
1680126695.9762926,25,0.012865124366078378,25.0020027
1680126696.960993,25,0.015799574366077866,24.9962825
1680126697.950925,25,0.01620385801607723,24.9956455
1680126698.960929,25,0.012999483786074972,25.0019741
1680126699.9396827,25,0.00886676120607926,25.0098514
1680126700.9331985,25,0.010451126678078739,25.0064296
1680126701.9103427,25,0.013041479190078234,25.0012016
1680126702.8962493,25,0.01273092310407799,25.0017547
1680126703.8824687,25,0.010083407854079594,25.0067825
1680126704.8621678,25,0.008479961406079782,25.0096111
1680126705.84624,25,0.010701454574080609,25.0049724
1680126706.835853,25,0.004943678574081227,25.0158538
1680126707.8222818,25,0.00952812802408155,25.0064315
1680126708.801505,25,0.012819231624082196,24.999855
1680126709.7846458,25,0.018380498422090878,24.9891529
1680126710.7672834,25,0.019510840774090765,24.9873886
1680126711.741677,25,0.019975376614086604,24.9869728
1680126712.7239487,25,0.0200850982140853,24.987255
1680126713.7143757,25,0.0290382462140856,24.9705276
1680126714.7042782,25,0.02426692283207865,24.9808139
1680126715.6832724,25,0.025940972832078954,24.9783325
1680126716.670613,25,0.018757460376084476,24.9929676
1680126717.644335,25,0.0214828203760845,24.987997
1680126718.6202097,25,0.02105395295208435,24.9892768
1680126719.5999913,25,0.023659070834078394,24.9846611
1680126720.5918064,25,0.021628668514077225,24.989149
1680126721.582595,25,0.02527510368407315,24.9825439
1680126722.5625615,25,0.024715733684073503,24.984291
1680126723.549113,25,0.01803514309207249,24.9977397
1680126724.5256748,25,0.01743830923207269,24.9989738
1680126725.4944174,25,0.01506380325007536,25.0035839
1680126726.4786534,25,0.01908699933007414,24.9957065
1680126727.4685647,25,0.018341826290074987,24.997303
1680126728.4846184,25,0.014711775122073237,25.0043849
1680126729.4712005,25,0.01729999712207314,24.9992389
1680126730.4609802,25,0.020028900434074456,24.9940166
1680126731.434281,25,0.020001049534072283,24.994297
1680126732.4242752,25,0.017407152094071093,24.999504
1680126733.3971543,25,0.01623039622406966,25.0017871
1680126734.3772147,25,0.015164481298072185,25.0037727
1680126735.373061,25,0.004914484418073753,25.0233535
1680126736.3529108,25,0.008027874418073365,25.016468
1680126737.3391156,25,0.006783950578074304,25.018238
1680126738.3332305,25,0.005032957348081004,25.0209159
1680126739.3127663,25,0.00544798741208111,25.0193252
1680126740.289514,25,0.0065901739720817774,25.0163955
1680126741.288991,25,0.011297735972083023,25.0067119
1680126742.275687,25,0.012268782672078885,25.004589
1680126743.261578,25,0.013106203888079334,25.0028038
1680126744.251825,25,0.011426258782080817,25.0059337
1680126745.2248363,25,0.010752172782080174,25.0070018
1680126746.2002933,25,0.01631360905607905,24.9960327
1680126747.1812265,25,0.018050971792079578,24.9928398
1680126748.1476693,25,0.015155414632080673,24.998682
1680126749.1372828,25,0.017128126120078913,24.9949359
1680126750.1239314,25,0.020047988970076498,24.9895095
1680126751.1139655,25,0.018551502618076293,24.9927864
1680126752.0969636,25,0.019422005658076343,24.9913845
1680126753.0835626,25,0.014175573518075846,25.0018062
1680126754.0702116,25,0.009908313518076322,25.009943
1680126755.039708,25,0.01575155927807631,24.9983215
1680126756.0555196,25,0.015434346334076454,24.9989967
1680126757.0560944,25,0.010756160334075449,25.0080318
1680126758.0525737,25,0.014375596462075313,25.0007629
1680126759.0257268,25,0.007915455812065243,25.0131645
1680126760.012168,25,0.008832985940064883,25.0109004
1680126760.9823194,25,0.007380166750068206,25.0132827
1680126761.968319,25,0.009706466126069603,25.0083084
1680126762.9484012,25,0.01275048298607109,25.0021362
1680126763.9338157,25,0.002442475978072506,25.0218906
1680126764.9208238,25,0.0011741007140732545,25.0235023
1680126765.9036338,25,0.00012529956405191688,25.0246295
1680126766.9043005,25,0.00599818556405164,25.0123882
1680126767.8798928,25,0.006557291388052411,25.0108432
1680126768.863431,25,0.006744371996055312,25.0100784
1680126769.846769,25,0.0036308039960565325,25.0156784
1680126770.8334966,25,0.005231349532056848,25.0120048
1680126771.8131766,25,0.006539195492058666,25.0090332
1680126772.7964208,25,0.011672343844060008,24.9988136
1680126773.7828279,25,0.016895213022069082,24.9888019
1680126774.762677,25,0.01268589127806886,24.9973258
1680126775.7457445,25,0.012859455238068262,24.9970932
1680126776.7353997,25,0.013500823238067054,24.9959716
1680126777.7145743,25,0.013461905126067594,24.9961967
1680126778.7118168,25,0.019700179126067696,24.9843463
1680126779.7000103,25,0.018043883136064344,24.9881267
1680126780.6809492,25,0.012832810352062825,24.9986038
1680126781.6707745,25,0.014465059408063417,24.9955158
1680126782.6609418,25,0.011982979408063222,25.0004615
1680126783.6475108,25,0.008674988168057621,25.0068092
1680126784.6236918,25,0.007855522566060244,25.0081329
1680126785.6135721,25,0.003059557718060898,25.0170536
1680126786.5931184,25,0.002066807510063235,25.0183181
1680126787.5867758,25,0.0029501095100631786,25.0159149
1680126788.5789464,25,0.004463487390066729,25.0123996
1680126789.5497751,25,0.005772682846065882,25.0094108
1680126790.5411117,25,0.0020458591020671366,25.0162258
1680126791.5259478,25,0,25.019989
1680126792.5022395,25,0,25.0211162
1680126793.4903388,25,0.005795804326053379,25.0068378
1680126794.4759474,25,0.013425779078051472,24.9918918
1680126795.4672244,25,0.005858714958054612,25.0067596
1680126796.452096,25,0.0037488229580541124,25.0105571
1680126797.4182665,25,0.002501283486054346,25.0125579
1680126798.3974156,25,0.003180174450045285,25.0107822
1680126799.3843756,25,0.006893175762046844,25.0032291
1680126800.3728464,25,0.007127922262046527,25.002655
1680126801.3568075,25,0.007194626614046544,25.0024261
1680126802.3341792,25,0.0020907063740485295,25.0121555
1680126803.3206444,25,0.007815580074047188,25.000679
1680126804.2898924,25,0.006472093994048215,25.0032405
1680126805.2862144,25,0.006705628484046147,25.0026683
1680126806.2664628,25,0.009357115316046197,24.9974651
1680126807.2563198,25,0.00782503407604618,25.0005092
1680126808.2461843,25,0.006066246076046042,25.0038719
1680126809.2256508,25,0.009836978284046493,24.9964694
1680126810.1989553,25,0.008264011852046546,24.9996299
1680126811.1987104,25,0.015970346502041696,24.9848155
1680126812.1780834,25,0.010511887062041581,24.9958915
1680126813.1748278,25,0.017814517062041943,24.982006
1680126814.159937,25,0.012345457062040311,24.9932155
1680126815.14795,25,0.01632416413205383,24.9858169
1680126816.131517,25,0.018556972532052587,24.9820575
1680126817.1008315,25,0.02281178617004459,24.9745349
1680126818.0808415,25,0.027345089386032886,24.9667568
1680126819.0765579,25,0.023965341386033193,24.9745349
1680126820.073607,25,0.024639911770030908,24.9742012
1680126821.0635483,25,0.02050724377003138,24.9831409
1680126822.0567067,25,0.0194618497700301,24.9857997
1680126823.0302784,25,0.021559152314029155,24.9823017
1680126824.0130093,25,0.02037931915404166,24.9852428
1680126824.9892054,25,0.02236327078603638,24.9819736
1680126825.985685,25,0.023523898114034714,24.9804229
1680126826.975818,25,0.022806592114034335,24.9825553
1680126827.9721398,25,0.022937770434033732,24.9829635
1680126828.9655015,25,0.020142380434033665,24.9889945
1680126829.9453928,25,0.02002808791403142,24.9896316
1680126830.914864,25,0.023153076618028706,24.9840011
1680126831.8914495,25,0.027925959888048885,24.9754085
1680126832.8778443,25,0.02565673001804364,24.9807071
1680126833.863708,25,0.014937156018043261,25.0020637
1680126834.8539422,25,0.017497488834042754,24.9970588
1680126835.8338623,25,0.016614698882042575,24.9988689
1680126836.8137221,25,0.015198659832043764,25.0016365
1680126837.793622,25,0.00789105520804629,25.0156459
1680126838.7700617,25,0.006016663058030228,25.0186595
1680126839.7499392,25,0.0017321128700379211,25.0262126
1680126840.746528,25,0.007790540870037544,25.0135536
1680126841.7303672,25,0,25.0294628
1680126842.715835,25,0.001381323398042587,25.0242576
1680126843.695901,25,0.0029573030780473426,25.0203056
1680126844.682586,25,0.005902037542048691,25.0138702
1680126845.662257,25,8.22675260506462e-05,25.0245437
1680126846.638638,25,0.005510818584039141,25.0131759
1680126847.6284835,25,0.0033758119640433532,25.0167846
1680126848.606332,25,0.0040099131800449776,25.0149288
1680126849.597917,25,0.002201559004045287,25.0178432
1680126850.5801122,25,0,25.0277805
1680126851.5644743,25,0,25.02318
1680126852.5306854,25,0.004208132882056811,25.0113754
1680126853.5036812,25,0.002461115934045034,25.0143146
1680126854.4872081,25,0.001126708748050426,25.0163497
1680126855.4911034,25,0,25.0194873
1680126856.4857533,25,0,25.0220069
1680126857.4664931,25,0,25.0202713
1680126858.4431255,25,0.005778806486052519,25.0044155
1680126859.4129508,25,0.0037587064060539306,25.0081405
1680126860.4045227,25,0,25.0171737
1680126861.3954751,25,0.003336520468039627,25.0079936
1680126862.3773737,25,0.005777168468039665,25.0029926
1680126863.3688755,25,0.005980922598039945,25.0024871
1680126864.3686821,25,0.00835446479004032,24.9978256
1680126865.3443036,25,0.006867592790039349,25.0007686
1680126866.3113313,25,0.006678341456039287,25.0011043
1680126867.2980502,25,0.007144329632040609,25.0001659
1680126868.2981026,25,0.010184726480041009,24.9943161
1680126869.2761,25,0.006612684014039632,25.0014057
1680126870.270059,25,0.008746888638038857,24.9972457
1680126871.2471218,25,0.012776021828036343,24.9895973
1680126872.2163677,25,0.013832190676036044,24.9879589
1680126873.193482,25,0.009011304600034176,24.9976902
1680126874.1797116,25,0.010485101944035234,24.9949417
1680126875.1662793,25,0.017254100456049318,24.9820976
1680126876.1560268,25,0.013882181416040104,24.9892768
1680126877.1473343,25,0.011624229816044796,24.994028
1680126878.1154873,25,0.01665647019403995,24.9845619
1680126879.1051555,25,0.01356652781003886,24.9910869
1680126880.102278,25,0.01287992581003918,24.9927501
1680126881.0912592,25,0.014040737200035099,24.9907913
1680126882.078562,25,0.011162170270037554,24.9966831
1680126883.068125,25,0.011997708600035888,24.9952011
1680126884.0447514,25,0.012280856872035022,24.9948348
1680126885.0280266,25,0.01534739587204474,24.98913
1680126886.0143702,25,0.01120395657604429,24.9975147
1680126886.9939966,25,0.003036459986048883,25.0133247
1680126887.9906316,25,0.010848653954047894,24.9977874
1680126888.9703388,25,0.014923633954047933,24.990036
1680126889.956766,25,0.017911364240042596,24.9846553
1680126890.9332652,25,0.015832914240042822,24.9892425
1680126891.9200318,25,0.022193777680040275,24.977396
1680126892.8961866,25,0.02037110568005515,24.98176
1680126893.8831444,25,0.020750358128049103,24.9817104
1680126894.8722765,25,0.017847118128049476,24.987997
1680126895.8589244,25,0.020241204432049055,24.9838447
1680126896.8489535,25,0.02111280643204834,24.9827899
1680126897.8322926,25,0.016930017442045732,24.9914855
1680126898.808918,25,0.016268901074044946,24.9930801
1680126899.7951007,25,0.02057115139404462,24.9850635
1680126900.7747533,25,0.01955398946405501,24.9875869
1680126901.7511642,25,0.01667001354405545,24.9936065
1680126902.737608,25,0.013755598512054677,24.9994564
1680126903.7225,25,0.014879451120054092,24.9973144
1680126904.7009006,25,0.018749657880051077,24.9899692
1680126905.6760569,25,0.012810474712051377,25.0017776
1680126906.6471055,25,0.010823467652046904,25.005537
1680126907.633306,25,0.01096233488404665,25.0050601
1680126908.613202,25,0.010715939604048886,25.0053424
1680126909.6096277,25,0.013251347220049801,25.0002613
1680126910.6202161,25,0.009496663716048086,25.0074672
1680126911.6127176,25,0.00910587536404977,25.0079364
1680126912.599041,25,0.012270727364049511,25.0015449
1680126913.5688689,25,0.007634302106053398,25.0104141
1680126914.5554893,25,0.00856828330605383,25.0082225
1680126915.535459,25,0.006417077498054756,25.0120506
1680126916.521681,25,0.008059797120047419,25.0084381
1680126917.5163567,25,0.002499519120047606,25.0188064
1680126918.4949517,25,0.006814727120047263,25.0097846
1680126919.461091,25,0.004932307906052112,25.0130519
1680126920.4431562,25,0.010256867416053137,25.0023117
1680126921.4269722,25,0.009201375080053711,25.0042552
1680126922.4040356,25,0.009282358190050783,25.0039405
1680126923.3903062,25,0.007734842302050808,25.0067691
1680126924.363979,25,0.012995704490049538,24.9963874
1680126925.3833394,25,0.0059195847260451635,25.0101222
1680126926.3590841,25,0,25.0254955
1680126927.3319466,25,0.002690758320055402,25.0150012
1680126928.3164554,25,0,25.0290527
1680126929.3124285,25,0.001139245666064357,25.0163173
1680126930.2920396,25,0.0029997898100651236,25.0121192
1680126931.2801492,25,0.0060618641500598935,25.0057678
1680126932.2750463,25,0.007222016150060672,25.0033149
1680126933.2718716,25,0.006992248230060168,25.0036315
1680126934.257285,25,0.006818426230059954,25.0038261
1680126935.2271552,25,0.006210301834062019,25.0048542
1680126936.2046185,25,0.010063767530062561,24.9972553
1680126937.1910925,25,0.014121502980058641,24.9895515
1680126938.190801,25,0.01806399243605874,24.9823608
1680126939.183903,25,0.008717073140058658,25.0010147
1680126940.1767678,25,0.013954447140057254,24.9909038
1680126941.1652462,25,0.017723937760071574,24.9839954
1680126942.1358368,25,0.020009837760071612,24.980215
1680126943.132549,25,0.01563342915207227,24.9893856
1680126944.1161897,25,0.015143744212068135,24.9907302
1680126945.1030047,25,0.010173858484068382,25.0006446
1680126946.0876236,25,0.014315338772067934,24.9926509
1680126947.072698,25,0.01618345631806456,24.9893283
1680126948.0516362,25,0.009760598318064669,25.0020904
1680126949.025317,25,0.014151228774070622,24.9935588
1680126950.0151029,25,0.013097780774069439,24.9958324
