t,i,temp_desired,temp_tc,therm_res,therm_temp
1687455812.2371736,32,1.5,21.4055137,0,0
1687455813.2222736,32,1.5,21.409048,0,0
1687455814.2040594,32,1.5,21.4114303,0,0
1687455815.2005792,32,1.5,21.4145107,0,0
1687455816.1976664,32,1.5,21.4192657,0,0
1687455817.1926284,32,1.5,21.4263668,0,0
1687455818.176532,32,1.5,21.4198398,0,0
1687455819.162269,32,1.5,21.4214954,0,0
1687455820.1457198,32,1.5,21.4152679,0,0
1687455821.12662,32,1.5,21.4217472,0,0
1687455822.1426961,32,1.5,21.4287223,0,0
1687455823.1258273,32,1.5,21.425457,0,0
1687455824.1131864,32,1.5,21.4158878,0,0
1687455825.0958564,32,1.5,21.4184722,0,0
1687455826.0777924,32,1.5,21.4109573,0,0
1687455827.0589392,32,1.5,21.412218,0,0
1687455828.0407758,32,1.5,21.4156436,0,0
1687455829.023008,32,1.5,21.4190254,0,0
1687455830.008933,32,1.5,21.4187278,0,0
1687455830.994632,32,1.5,21.424057,0,0
1687455831.967479,32,1.5,21.4097309,0,0
1687455832.9654896,32,1.5,21.4196109,0,0
1687455833.9643693,32,1.5,21.4132328,0,0
1687455834.9466453,32,1.5,21.4101543,0,0
1687455835.9438915,32,1.5,21.4057903,0,0
1687455836.9253576,32,1.5,21.4151992,0,0
1687455837.9078474,32,1.5,21.4059371,0,0
1687455838.8931046,32,1.5,21.4174957,0,0
1687455839.8785439,32,1.5,21.4080123,0,0
1687455840.862248,32,1.5,21.4149818,0,0
1687455841.8483188,32,1.5,21.4280548,0,0
1687455842.8309379,32,1.5,21.4317245,0,0
1687455843.8126242,32,1.5,21.4398193,0,0
1687455844.797281,32,1.5,21.4315929,0,0
1687455845.7786715,32,1.5,21.4282493,0,0
1687455846.7609663,32,1.5,21.4331703,0,0
1687455847.7429993,32,1.5,21.4310398,0,0
1687455848.7274024,32,1.5,21.4291648,0,0
1687455849.708875,32,1.5,21.4220523,0,0
1687455850.690765,32,1.5,21.433197,0,0
1687455851.6875637,32,1.5,21.4403648,0,0
1687455852.671932,32,1.5,21.4283561,0,0
1687455853.6702976,32,1.5,21.4290828,0,0
1687455854.6568902,32,1.5,21.4309902,0,0
1687455855.64325,32,1.5,21.4214553,0,0
1687455856.618564,32,1.5,21.4263553,0,0
1687455857.5996249,32,1.5,21.4302177,0,0
1687455858.5804534,32,1.5,21.4264907,0,0
1687455859.5769744,32,1.5,21.4172019,0,0
1687455860.5602427,32,1.5,21.4108734,0,0
1687455861.5595438,32,1.5,21.410305,0,0
1687455862.5461535,32,1.5,21.4165496,0,0
1687455863.5337265,32,1.5,21.4130687,0,0
1687455864.5164835,32,1.5,21.4131717,0,0
1687455865.5118456,32,1.5,21.4243793,0,0
1687455866.5728657,32,1.5,21.4180278,0,0
1687455867.5582528,32,1.5,21.4199237,0,0
1687455868.538216,32,1.5,21.4175548,0,0
1687455869.5248182,32,1.5,21.412714,0,0
1687455870.5228648,32,1.5,21.4184913,0,0
1687455871.5108278,32,1.5,21.4198703,0,0
1687455872.5048485,32,1.5,21.4275894,0,0
1687455873.5018358,32,1.5,21.419876,0,0
1687455874.4828439,32,1.5,21.4244441,0,0
1687455875.4663546,32,1.5,21.4110698,0,0
1687455876.4648776,32,1.5,21.4172725,0,0
1687455877.4468856,32,1.5,21.4163341,0,0
1687455878.440833,32,1.5,21.4096279,0,0
1687455879.4342396,32,1.5,21.4172248,0,0
1687455880.4338288,32,1.5,21.4132175,0,0
1687455881.4115827,32,1.5,21.4129924,0,0
1687455882.409076,32,1.5,21.4259586,0,0
1687455883.3968496,32,1.5,21.4261398,0,0
1687455884.3896408,32,1.5,21.4218502,0,0
1687455885.380805,32,1.5,21.4168567,0,0
1687455886.3608234,32,1.5,21.4202995,0,0
1687455887.3491647,32,1.5,21.4270591,0,0
1687455888.3296382,32,1.5,21.4308624,0,0
1687455889.3154733,32,1.5,21.4375934,0,0
1687455890.3029754,32,1.5,21.4341011,0,0
1687455891.2844737,32,1.5,21.4226779,0,0
1687455892.2661586,32,1.5,21.4355354,0,0
1687455893.2649698,32,1.5,21.4320697,0,0
1687455894.2558281,32,1.5,21.4272861,0,0
1687455895.2439647,32,1.5,21.4313735,0,0
1687455896.2830005,32,1.5,21.4257621,0,0
1687455897.2668664,32,1.5,21.4412441,0,0
1687455898.2563424,32,1.5,21.4301948,0,0
1687455899.2458732,32,1.5,21.4365386,0,0
1687455900.238852,32,1.5,21.4216747,0,0
1687455901.2388754,32,1.5,21.422882,0,0
1687455902.2296274,32,1.5,21.4269943,0,0
1687455903.2138703,32,1.5,21.4356689,0,0
1687455904.2050738,32,1.5,21.442068,0,0
1687455905.1896343,32,1.5,21.4347343,0,0
1687455906.176941,32,1.5,21.4347362,0,0
1687455907.165736,32,1.5,21.4392623,0,0
1687455908.1588776,32,1.5,21.4374885,0,0
1687455909.1550062,32,1.5,21.4390563,0,0
1687455910.1408298,32,1.5,21.4429435,0,0
1687455911.158802,32,1.5,21.4355201,0,0
1687455912.1507387,32,1.5,21.4461212,0,0
1687455913.1460185,32,1.5,21.4317436,0,0
1687455914.1328292,32,1.5,21.430273,0,0
1687455915.1276333,32,1.5,21.4323921,0,0
1687455916.1138587,32,1.5,21.4256534,0,0
1687455917.0970004,32,1.5,21.4362926,0,0
1687455918.0882914,32,1.5,21.415842,0,0
1687455919.0748265,32,1.5,21.4216022,0,0
1687455920.0538595,32,1.5,21.416006,0,0
1687455921.0558481,32,1.5,21.4272327,0,0
1687455922.0531309,32,1.5,21.4280128,0,0
1687455923.0409572,32,1.5,21.432846,0,0
1687455924.035403,32,1.5,21.4311981,0,0
1687455925.013846,32,1.5,21.4379482,0,0
1687455926.009305,32,1.5,21.4379386,0,0
1687455926.9978747,32,1.5,21.4431324,0,0
1687455928.0078762,32,1.5,21.4424877,0,0
1687455929.0062985,32,1.5,21.4348354,0,0
1687455929.985022,32,1.5,21.4375762,0,0
1687455930.9838135,32,1.5,21.4433403,0,0
1687455931.9696355,32,1.5,21.4566593,0,0
1687455932.9696114,32,1.5,21.4505805,0,0
1687455933.9548304,32,1.5,21.4482955,0,0
1687455934.9368718,32,1.5,21.4477958,0,0
1687455935.9173295,32,1.5,21.4266109,0,0
1687455936.9078684,32,1.5,21.4437484,0,0
1687455937.8910625,32,1.5,21.4310035,0,0
1687455938.8808203,32,1.5,21.4367713,0,0
1687455939.8573709,32,1.5,21.4479274,0,0
1687455940.840829,32,1.5,21.4522609,0,0
1687455941.8209336,32,1.5,21.464672,0,0
1687455942.8080647,32,1.5,21.466917,0,0
1687455943.799312,32,1.5,21.4661426,0,0
1687455944.7772417,32,1.5,21.4560375,0,0
1687455945.766394,32,1.5,21.4626045,0,0
1687455946.7528596,32,1.5,21.4612865,0,0
1687455947.7528389,32,1.5,21.4584217,0,0
1687455948.7468727,32,1.5,21.4590854,0,0
1687455949.7414196,32,1.5,21.4603347,0,0
1687455950.7268574,32,1.5,21.4644699,0,0
1687455951.7118285,32,1.5,21.4527587,0,0
1687455952.700808,32,1.5,21.449747,0,0
1687455953.6893852,32,1.5,21.4400787,0,0
1687455954.6828187,32,1.5,21.4478836,0,0
1687455955.683864,32,1.5,21.4406471,0,0
1687455956.6808372,32,1.5,21.4462509,0,0
1687455957.6792028,32,1.5,21.4394016,0,0
1687455958.6628242,32,1.5,21.439764,0,0
1687455959.6555753,32,1.5,21.4376716,0,0
1687455960.6408272,32,1.5,21.4386482,0,0
1687455961.6408105,32,1.5,21.4406108,0,0
1687455962.6396341,32,1.5,21.4490127,0,0
1687455963.62529,32,1.5,21.4486103,0,0
1687455964.6148715,32,1.5,21.4456901,0,0
1687455965.5968697,32,1.5,21.4425468,0,0
1687455966.5778663,32,1.5,21.4532566,0,0
1687455967.5658581,32,1.5,21.4564743,0,0
1687455968.5648513,32,1.5,21.4562339,0,0
1687455969.562827,32,1.5,21.4568099,0,0
1687455970.5588574,32,1.5,21.4496707,0,0
1687455971.5418262,32,1.5,21.4496898,0,0
1687455972.5588996,32,1.5,21.4431552,0,0
1687455973.539642,32,1.5,21.4503154,0,0
1687455974.5155222,32,1.5,21.4546871,0,0
1687455975.5028374,32,1.5,21.4516143,0,0
1687455976.494849,32,1.5,21.4462966,0,0
1687455977.4829662,32,1.5,21.4486484,0,0
1687455978.4750502,32,1.5,21.449625,0,0
1687455979.466874,32,1.5,21.4580421,0,0
1687455980.4557545,32,1.5,21.4598083,0,0
1687455981.4338286,32,1.5,21.4539184,0,0
1687455982.429638,32,1.5,21.453165,0,0
1687455983.4292846,32,1.5,21.4558715,0,0
1687455984.4168687,32,1.5,21.4613571,0,0
1687455985.4081686,32,1.5,21.466711,0,0
1687455986.3850818,32,1.5,21.4614028,0,0
1687455987.3748684,32,1.5,21.4643001,0,0
1687455988.3578763,32,1.5,21.4707221,0,0
1687455989.3902347,32,1.5,21.4738273,0,0
1687455990.3836167,32,1.5,21.4649543,0,0
1687455991.370608,32,1.5,21.4559841,0,0
1687455992.3638508,32,1.5,21.4589061,0,0
1687455993.347876,32,1.5,21.4649772,0,0
1687455994.3278744,32,1.5,21.4608192,0,0
1687455995.3162613,32,1.5,21.465393,0,0
1687455996.3118126,32,1.5,21.4630622,0,0
1687455997.2983024,32,1.5,21.4658622,0,0
1687455998.2887971,32,1.5,21.4590187,0,0
1687455999.2718198,32,1.5,21.4703655,0,0
1687456000.253858,32,1.5,21.4683589,0,0
1687456001.248873,32,1.5,21.4752006,0,0
1687456002.2368698,32,1.5,21.4786128,0,0
1687456003.22185,32,1.5,21.47859,0,0
1687456004.2758586,32,1.5,21.4750118,0,0
1687456005.27588,32,1.5,21.4743289,0,0
1687456006.2638626,32,1.5,21.480709,0,0
1687456007.2385576,32,1.5,21.4804935,0,0
1687456008.2268736,32,1.5,21.4777584,0,0
1687456009.221809,32,1.5,21.4855461,0,0
1687456010.2068648,32,1.5,21.4755306,0,0
1687456011.197874,32,1.5,21.4654312,0,0
1687456012.192826,32,1.5,21.4743957,0,0
1687456013.179617,32,1.5,21.4746322,0,0
1687456014.1638255,32,1.5,21.473999,0,0
1687456015.1593034,32,1.5,21.4727993,0,0
1687456016.143861,32,1.5,21.4793071,0,0
1687456017.1408005,32,1.5,21.4744319,0,0
1687456018.1196423,32,1.5,21.4793834,0,0
1687456019.1049645,32,1.5,21.4800891,0,0
1687456020.1057248,32,1.5,21.476921,0,0
1687456021.1253302,32,1.5,21.4717769,0,0
1687456022.1077554,32,1.5,21.4702167,0,0
1687456023.094872,32,1.5,21.4774112,0,0
1687456024.078097,32,1.5,21.4886875,0,0
1687456025.0658324,32,1.5,21.4799919,0,0
1687456026.0508235,32,1.5,21.4842891,0,0
1687456027.036923,32,1.5,21.4826793,0,0
1687456028.030842,32,1.5,21.4773025,0,0
1687456029.0129726,32,1.5,21.4725475,0,0
1687456030.004859,32,1.5,21.4753837,0,0
1687456030.9857535,32,1.5,21.4898929,0,0
1687456031.9696941,32,1.5,21.4875659,0,0
1687456032.9518604,32,1.5,21.4941387,0,0
1687456033.9428668,32,1.5,21.4933433,0,0
1687456034.9308343,32,1.5,21.4993457,0,0
1687456035.9475489,32,1.5,21.4894523,0,0
1687456036.927762,32,1.5,21.4949569,0,0
1687456037.9128287,32,1.5,21.4872169,0,0
1687456038.908187,32,1.5,21.4987621,0,0
1687456039.8988793,32,1.5,21.5107269,0,0
1687456040.884849,32,1.5,21.5055408,0,0
1687456041.8828542,32,1.5,21.5122756,0,0
1687456042.8858378,32,1.5,21.5001792,0,0
1687456043.874731,32,1.5,21.5082702,0,0
1687456044.8688533,32,1.5,21.4966087,0,0
1687456045.859627,32,1.5,21.4919738,0,0
1687456046.8486,32,1.5,21.5005645,0,0
1687456047.8384354,32,1.5,21.5004978,0,0
1687456048.841853,32,1.5,21.5070075,0,0
1687456049.8464537,32,1.5,21.5135974,0,0
1687456050.8342407,32,1.5,21.5095252,0,0
1687456051.821849,32,1.5,21.5075035,0,0
1687456052.8138614,32,1.5,21.5168533,0,0
1687456053.8078644,32,1.5,21.5082092,0,0
1687456054.7950628,32,1.5,21.4978828,0,0
1687456055.786871,32,1.5,21.5015907,0,0
1687456056.7728224,32,1.5,21.5147628,0,0
1687456057.7478695,32,1.5,21.5144138,0,0
1687456058.7383676,32,1.5,21.5125637,0,0
1687456059.7177742,32,1.5,21.5230464,0,0
1687456060.7018368,32,1.5,21.5225315,0,0
1687456061.682846,32,1.5,21.510374,0,0
1687456062.67586,32,1.5,21.5075645,0,0
1687456063.6608243,32,1.5,21.5067768,0,0
1687456064.6450317,32,1.5,21.5078792,0,0
1687456065.6477566,32,1.5,21.5130596,0,0
1687456066.6488445,32,1.5,21.5156555,0,0
1687456067.7071373,32,1.5,21.5155162,0,0
1687456068.70082,32,1.5,21.5126914,0,0
1687456069.691833,32,1.5,21.5121707,0,0
1687456070.6828368,32,1.5,21.5157623,0,0
1687456071.6607747,32,1.5,21.5049858,0,0
1687456072.659626,32,1.5,21.5065231,0,0
1687456073.6427186,32,1.5,21.4906578,0,0
1687456074.6184304,32,1.5,21.5074596,0,0
1687456075.6028554,32,1.5,21.5086822,0,0
1687456076.5868702,32,1.5,21.5030822,0,0
1687456077.5718136,32,1.5,21.5076675,0,0
1687456078.5564713,32,1.5,21.4964389,0,0
1687456079.5418432,32,1.5,21.5055618,0,0
1687456080.5508156,32,1.5,21.505783,0,0
1687456081.5488286,32,1.5,21.5019397,0,0
1687456082.540826,32,1.5,21.5074729,0,0
1687456083.5308473,32,1.5,21.508049,0,0
1687456084.5268016,32,1.5,21.5042648,0,0
1687456085.5148737,32,1.5,21.5093517,0,0
1687456086.5043764,32,1.5,21.5088615,0,0
1687456087.4950938,32,1.5,21.5159244,0,0
1687456088.4812975,32,1.5,21.5210704,0,0
1687456089.471833,32,1.5,21.5081806,0,0
1687456090.4568803,32,1.5,21.5004177,0,0
1687456091.4568734,32,1.5,21.5055789,0,0
1687456092.4520235,32,1.5,21.508934,0,0
1687456093.4468746,32,1.5,21.5090293,0,0
1687456094.4408226,32,1.5,21.5022964,0,0
1687456095.4418325,32,1.5,21.5121421,0,0
1687456096.4350586,32,1.5,21.516798,0,0
1687456097.4292886,32,1.5,21.5169582,0,0
1687456098.428542,32,1.5,21.5119247,0,0
1687456099.4190617,32,1.5,21.5180778,0,0
1687456100.398705,32,1.5,21.5163974,0,0
1687456101.3875797,32,1.5,21.5076389,0,0
1687456102.3707998,32,1.5,21.5000953,0,0
1687456103.3696325,32,1.5,21.5050697,0,0
1687456104.3708365,32,1.5,21.5046062,0,0
1687456105.3608305,32,1.5,21.5163249,0,0
1687456106.3528612,32,1.5,21.5104694,0,0
1687456107.3349752,32,1.5,21.513277,0,0
1687456108.3328648,32,1.5,21.5059928,0,0
1687456109.3223977,32,1.5,21.5090122,0,0
1687456110.318948,32,1.5,21.5204753,0,0
1687456111.3060827,32,1.5,21.5229625,0,0
1687456112.3218539,32,1.5,21.5329322,0,0
1687456113.3096313,32,1.5,21.5195713,0,0
1687456114.2866135,32,1.5,21.5165576,0,0
1687456115.2688763,32,1.5,21.5246181,0,0
1687456116.2577817,32,1.5,21.5193748,0,0
1687456117.2457485,32,1.5,21.5192527,0,0
1687456118.2382197,32,1.5,21.526102,0,0
1687456119.224924,32,1.5,21.5239543,0,0
1687456120.214706,32,1.5,21.5370559,0,0
1687456121.205548,32,1.5,21.5271339,0,0
1687456122.1868885,32,1.5,21.5324554,0,0
1687456123.165102,32,1.5,21.516323,0,0
1687456124.1508317,32,1.5,21.5383911,0,0
1687456125.1548507,32,1.5,21.5289707,0,0
1687456126.1488802,32,1.5,21.5302543,0,0
1687456127.1408305,32,1.5,21.53092,0,0
1687456128.1288748,32,1.5,21.520729,0,0
1687456129.1526535,32,1.5,21.5252304,0,0
1687456130.1518364,32,1.5,21.5340805,0,0
1687456131.1368923,32,1.5,21.5316276,0,0
1687456132.1399527,32,1.5,21.5406589,0,0
1687456133.122841,32,1.5,21.5408,0,0
1687456134.1123037,32,1.5,21.5415172,0,0
1687456135.103584,32,1.5,21.5427417,0,0
1687456136.0842042,32,1.5,21.5289077,0,0
1687456137.0808225,32,1.5,21.5297489,0,0
1687456138.077859,32,1.5,21.5384349,0,0
1687456139.0628624,32,1.5,21.5363197,0,0
1687456140.048594,32,1.5,21.5365238,0,0
1687456141.0278518,32,1.5,21.5550861,0,0
1687456142.0238776,32,1.5,21.5489845,0,0
1687456143.017553,32,1.5,21.5447101,0,0
1687456144.0488522,32,1.5,21.5377426,0,0
1687456145.0464423,32,1.5,21.5466041,0,0
1687456146.0446434,32,1.5,21.544939,0,0
1687456147.035851,32,1.5,21.5433731,0,0
1687456148.0163524,32,1.5,21.5497436,0,0
1687456149.0031734,32,1.5,21.5348224,0,0
1687456149.985517,32,1.5,21.5462036,0,0
1687456150.984888,32,1.5,21.545145,0,0
1687456151.9708364,32,1.5,21.5388927,0,0
1687456152.9650164,32,1.5,21.5424041,0,0
1687456153.9668765,32,1.5,21.5369777,0,0
1687456154.9638646,32,1.5,21.5400753,0,0
1687456155.9564052,32,1.5,21.5447578,0,0
1687456156.938394,32,1.5,21.5571651,0,0
1687456157.936427,32,1.5,21.5447883,0,0
1687456158.9310338,32,1.5,21.5494899,0,0
1687456159.9255614,32,1.5,21.549591,0,0
1687456160.9209056,32,1.5,21.5460739,0,0
1687456161.9078436,32,1.5,21.5569858,0,0
1687456162.904768,32,1.5,21.5564899,0,0
1687456163.8957276,32,1.5,21.5584144,0,0
1687456164.8908436,32,1.5,21.5537643,0,0
1687456165.8850677,32,1.5,21.553009,0,0
1687456166.8750923,32,1.5,21.5566616,0,0
1687456167.8688476,32,1.5,21.5589733,0,0
1687456168.8609226,32,1.5,21.5646324,0,0
1687456169.8483226,32,1.5,21.5543441,0,0
1687456170.8348567,32,1.5,21.554861,0,0
1687456171.827769,32,1.5,21.5609607,0,0
1687456172.8295405,32,1.5,21.5621223,0,0
1687456173.8208125,32,1.5,21.5658435,0,0
1687456174.8149416,32,1.5,21.5674133,0,0
1687456175.8130257,32,1.5,21.5665187,0,0
1687456176.7996335,32,1.5,21.5718059,0,0
1687456177.7819273,32,1.5,21.5599117,0,0
1687456178.767835,32,1.5,21.5655574,0,0
1687456179.7537034,32,1.5,21.5692901,0,0
1687456180.7496228,32,1.5,21.5638484,0,0
1687456181.7388499,32,1.5,21.5699062,0,0
1687456182.7200572,32,1.5,21.5601787,0,0
1687456183.7108357,32,1.5,21.5607833,0,0
1687456184.694923,32,1.5,21.5529499,0,0
1687456185.6852868,32,1.5,21.5542259,0,0
1687456186.6726456,32,1.5,21.5486125,0,0
1687456187.6608226,32,1.5,21.5590629,0,0
1687456188.6448214,32,1.5,21.5626678,0,0
1687456189.6273136,32,1.5,21.5454216,0,0
1687456190.6158679,32,1.5,21.5429534,0,0
1687456191.6052842,32,1.5,21.5521488,0,0
1687456192.6578562,32,1.5,21.5704975,0,0
1687456193.6476274,32,1.5,21.5694293,0,0
1687456194.637872,32,1.5,21.5613784,0,0
1687456195.630797,32,1.5,21.5662937,0,0
1687456196.6208303,32,1.5,21.5691986,0,0
1687456197.6138642,32,1.5,21.564125,0,0
1687456198.6018243,32,1.5,21.5613269,0,0
1687456199.5968587,32,1.5,21.5735702,0,0
1687456200.5838625,32,1.5,21.5754604,0,0
1687456201.577845,32,1.5,21.5788135,0,0
1687456202.5708156,32,1.5,21.5807132,0,0
1687456203.562826,32,1.5,21.5825271,0,0
1687456204.5507972,32,1.5,21.5846328,0,0
1687456205.530849,32,1.5,21.577444,0,0
1687456206.5277994,32,1.5,21.5796012,0,0
1687456207.547271,32,1.5,21.5734138,0,0
1687456208.5420465,32,1.5,21.5724716,0,0
1687456209.534823,32,1.5,21.5750961,0,0
1687456210.5138648,32,1.5,21.5791664,0,0
1687456211.5008123,32,1.5,21.5848026,0,0
1687456212.4859412,32,1.5,21.5804309,0,0
1687456213.4751496,32,1.5,21.5871181,0,0
1687456214.4668672,32,1.5,21.5825252,0,0
1687456215.4592137,32,1.5,21.5849113,0,0
1687456216.448454,32,1.5,21.5902614,0,0
1687456217.446854,32,1.5,21.5880813,0,0
1687456218.4295738,32,1.5,21.5842304,0,0
1687456219.4248533,32,1.5,21.5861129,0,0
1687456220.4095492,32,1.5,21.5860271,0,0
1687456221.3937669,32,1.5,21.5960063,0,0
1687456222.3776443,32,1.5,21.6124,0,0
1687456223.364567,32,1.5,21.6065101,0,0
1687456224.3896325,32,1.5,21.6016845,0,0
1687456225.383463,32,1.5,21.6032238,0,0
1687456226.3783965,32,1.5,21.6039714,0,0
1687456227.3608239,32,1.5,21.6021537,0,0
1687456228.33839,32,1.5,21.6202888,0,0
1687456229.33082,32,1.5,21.614521,0,0
1687456230.3170943,32,1.5,21.6174812,0,0
1687456231.300842,32,1.5,21.6177921,0,0
1687456232.2947986,32,1.5,21.6245784,0,0
1687456233.2788568,32,1.5,21.6259021,0,0
1687456234.2596219,32,1.5,21.6331253,0,0
1687456235.2558105,32,1.5,21.6400833,0,0
1687456236.2508202,32,1.5,21.6231346,0,0
1687456237.232826,32,1.5,21.6188907,0,0
1687456238.22492,32,1.5,21.6136436,0,0
1687456239.2168734,32,1.5,21.6134986,0,0
1687456240.2068295,32,1.5,21.6064453,0,0
1687456241.2010102,32,1.5,21.6202354,0,0
1687456242.1949313,32,1.5,21.6131019,0,0
1687456243.180816,32,1.5,21.6216106,0,0
1687456244.176866,32,1.5,21.6194496,0,0
1687456245.176873,32,1.5,21.6177845,0,0
1687456246.1689622,32,1.5,21.6226978,0,0
1687456247.1708071,32,1.5,21.621809,0,0
1687456248.1648333,32,1.5,21.6206245,0,0
1687456249.1723807,32,1.5,21.6216182,0,0
1687456250.1623607,32,1.5,21.632883,0,0
1687456251.1608243,32,1.5,21.6325092,0,0
1687456252.1454132,32,1.5,21.638935,0,0
1687456253.1369383,32,1.5,21.6324787,0,0
1687456254.124957,32,1.5,21.6294097,0,0
1687456255.1193557,32,1.5,21.6293468,0,0
1687456256.1528385,32,1.5,21.6262893,0,0
1687456257.1431644,32,1.5,21.6318111,0,0
1687456258.1440623,32,1.5,21.6336193,0,0
1687456259.1308203,32,1.5,21.6381034,0,0
1687456260.129657,32,1.5,21.6432991,0,0
1687456261.130819,32,1.5,21.6279582,0,0
1687456262.1152594,32,1.5,21.629404,0,0
1687456263.0978453,32,1.5,21.6267585,0,0
1687456264.0839372,32,1.5,21.6249351,0,0
1687456265.0807135,32,1.5,21.6325054,0,0
1687456266.0569386,32,1.5,21.6390495,0,0
1687456267.0538254,32,1.5,21.6278285,0,0
1687456268.0478694,32,1.5,21.6306495,0,0
1687456269.0287097,32,1.5,21.6296119,0,0
1687456270.0058663,32,1.5,21.6251811,0,0
1687456271.0425956,32,1.5,21.6267757,0,0
1687456272.037914,32,1.5,21.6274223,0,0
1687456273.0318577,32,1.5,21.6288089,0,0
1687456274.01683,32,1.5,21.6205463,0,0
1687456274.9988503,32,1.5,21.6323738,0,0
1687456275.996927,32,1.5,21.6229858,0,0
1687456276.97784,32,1.5,21.6169204,0,0
1687456277.960826,32,1.5,21.6208686,0,0
1687456278.9450264,32,1.5,21.6236972,0,0
1687456279.932853,32,1.5,21.6361408,0,0
1687456280.9276037,32,1.5,21.6295928,0,0
1687456281.9261923,32,1.5,21.6269493,0,0
1687456282.9261825,32,1.5,21.6373062,0,0
1687456283.9068577,32,1.5,21.6293125,0,0
1687456284.9082234,32,1.5,21.6317501,0,0
1687456285.9061043,32,1.5,21.6311855,0,0
1687456286.8849933,32,1.5,21.62751,0,0
1687456287.886202,32,1.5,21.636343,0,0
1687456288.8708203,32,1.5,21.6309776,0,0
1687456289.8580914,32,1.5,21.6340503,0,0
1687456290.8478582,32,1.5,21.6353302,0,0
1687456291.8421156,32,1.5,21.6359767,0,0
1687456292.834862,32,1.5,21.6347141,0,0
1687456293.8291724,32,1.5,21.6322689,0,0
1687456294.8258812,32,1.5,21.6343536,0,0
1687456295.8319726,32,1.5,21.6354217,0,0
1687456296.8190951,32,1.5,21.6376171,0,0
1687456297.8073974,32,1.5,21.6375484,0,0
1687456298.806836,32,1.5,21.6311321,0,0
1687456299.8050303,32,1.5,21.6387233,0,0
1687456300.7954876,32,1.5,21.6284599,0,0
1687456301.7938187,32,1.5,21.6337394,0,0
1687456302.7731977,32,1.5,21.6349086,0,0
1687456303.7568266,32,1.5,21.6412811,0,0
1687456304.755276,32,1.5,21.640913,0,0
1687456305.7496262,32,1.5,21.6527404,0,0
1687456306.7508237,32,1.5,21.6437816,0,0
1687456307.7538407,32,1.5,21.6411952,0,0
1687456308.7469606,32,1.5,21.6486263,0,0
1687456309.7348402,32,1.5,21.6544208,0,0
1687456310.7218566,32,1.5,21.6481113,0,0
1687456311.708863,32,1.5,21.648981,0,0
1687456312.7049723,32,1.5,21.6413135,0,0
1687456313.6952317,32,1.5,21.6356697,0,0
1687456314.686975,32,1.5,21.6493759,0,0
1687456315.6838765,32,1.5,21.6458911,0,0
1687456316.6766808,32,1.5,21.6563396,0,0
1687456317.6742988,32,1.5,21.6596107,0,0
1687456318.6568704,32,1.5,21.6478824,0,0
1687456319.6422672,32,1.5,21.6500606,0,0
1687456320.636815,32,1.5,21.6511974,0,0
1687456321.6208284,32,1.5,21.6528072,0,0
1687456322.6196315,32,1.5,21.6535015,0,0
1687456323.615025,32,1.5,21.6469764,0,0
1687456324.6038477,32,1.5,21.6535472,0,0
1687456325.6092572,32,1.5,21.6463642,0,0
1687456326.6008234,32,1.5,21.6539726,0,0
1687456327.5928533,32,1.5,21.653162,0,0
1687456328.580822,32,1.5,21.6410083,0,0
1687456329.5718098,32,1.5,21.6474399,0,0
1687456330.5596266,32,1.5,21.6402511,0,0
1687456331.5442832,32,1.5,21.642992,0,0
1687456332.5308232,32,1.5,21.6477794,0,0
1687456333.524988,32,1.5,21.654375,0,0
1687456334.5278692,32,1.5,21.6628475,0,0
1687456335.517074,32,1.5,21.6688423,0,0
1687456336.514883,32,1.5,21.652502,0,0
1687456337.5147176,32,1.5,21.6475467,0,0
1687456338.5108392,32,1.5,21.6599979,0,0
1687456339.5128582,32,1.5,21.6411552,0,0
1687456340.5096333,32,1.5,21.6533393,0,0
1687456341.5047383,32,1.5,21.6496219,0,0
1687456342.4907448,32,1.5,21.6511001,0,0
1687456343.4668994,32,1.5,21.6547851,0,0
1687456344.4554293,32,1.5,21.6420402,0,0
1687456345.4418585,32,1.5,21.6521091,0,0
1687456346.4308336,32,1.5,21.6620845,0,0
1687456347.4149046,32,1.5,21.6517219,0,0
1687456348.4048595,32,1.5,21.6473217,0,0
1687456349.395034,32,1.5,21.641468,0,0
1687456350.3908162,32,1.5,21.6397991,0,0
1687456351.3791335,32,1.5,21.6443386,0,0
1687456352.372222,32,1.5,21.6443271,0,0
1687456353.360836,32,1.5,21.6571693,0,0
1687456354.3588402,32,1.5,21.6533126,0,0
1687456355.347865,32,1.5,21.6506786,0,0
1687456356.3488648,32,1.5,21.6487998,0,0
1687456357.3478708,32,1.5,21.6412792,0,0
1687456358.343833,32,1.5,21.6388549,0,0
1687456359.3261898,32,1.5,21.6403465,0,0
1687456360.315202,32,1.5,21.6514568,0,0
1687456361.300832,32,1.5,21.6428318,0,0
1687456362.2922945,32,1.5,21.6447658,0,0
1687456363.2768724,32,1.5,21.6458492,0,0
1687456364.2663672,32,1.5,21.6399021,0,0
1687456365.2548385,32,1.5,21.6412506,0,0
1687456366.2759163,32,1.5,21.6311759,0,0
1687456367.2688897,32,1.5,21.6461067,0,0
1687456368.254371,32,1.5,21.6389579,0,0
1687456369.23082,32,1.5,21.6376914,0,0
1687456370.22286,32,1.5,21.6367816,0,0
1687456371.2156084,32,1.5,21.6532802,0,0
1687456372.2157109,32,1.5,21.645956,0,0
1687456373.2127647,32,1.5,21.6471672,0,0
1687456374.2048156,32,1.5,21.6529464,0,0
1687456375.1908278,32,1.5,21.6382694,0,0
1687456376.172853,32,1.5,21.6338939,0,0
1687456377.1502512,32,1.5,21.6470394,0,0
1687456378.1388693,32,1.5,21.6449165,0,0
1687456379.1328547,32,1.5,21.6412124,0,0
1687456380.117935,32,1.5,21.6354579,0,0
1687456381.1121597,32,1.5,21.6432266,0,0
1687456382.110818,32,1.5,21.6466007,0,0
1687456383.1204543,32,1.5,21.6293258,0,0
1687456384.1040754,32,1.5,21.6375389,0,0
1687456385.082835,32,1.5,21.6478366,0,0
1687456386.05857,32,1.5,21.6430549,0,0
1687456387.050833,32,1.5,21.6334323,0,0
1687456388.0321105,32,1.5,21.6286468,0,0
1687456389.0150568,32,1.5,21.6353588,0,0
1687456389.994952,32,1.5,21.6349983,0,0
1687456390.9758632,32,1.5,21.6399364,0,0
1687456391.9578588,32,1.5,21.6459484,0,0
1687456392.9480078,32,1.5,21.6430969,0,0
1687456393.9428437,32,1.5,21.6352729,0,0
1687456394.9359653,32,1.5,21.6385097,0,0
1687456395.9274747,32,1.5,21.6380081,0,0
1687456396.9096334,32,1.5,21.6422805,0,0
1687456397.8988736,32,1.5,21.6478328,0,0
1687456398.8887737,32,1.5,21.6375541,0,0
1687456399.8778594,32,1.5,21.6448783,0,0
1687456400.8652089,32,1.5,21.6422367,0,0
1687456401.861821,32,1.5,21.6318454,0,0
1687456402.8418858,32,1.5,21.631834,0,0
1687456403.82663,32,1.5,21.6383361,0,0
1687456404.8128414,32,1.5,21.6344451,0,0
1687456405.79483,32,1.5,21.6329116,0,0
1687456406.7723749,32,1.5,21.6310958,0,0
1687456407.7591755,32,1.5,21.6410808,0,0
1687456408.7486353,32,1.5,21.6250419,0,0
1687456409.7408285,32,1.5,21.640026,0,0
1687456410.7218516,32,1.5,21.6312942,0,0
1687456411.7169876,32,1.5,21.640541,0,0
1687456412.69635,32,1.5,21.6375045,0,0
1687456413.678859,32,1.5,21.6347942,0,0
1687456414.669277,32,1.5,21.6451206,0,0
1687456415.6608129,32,1.5,21.645277,0,0
1687456416.6596298,32,1.5,21.6437377,0,0
1687456417.6518354,32,1.5,21.6438045,0,0
1687456418.6308188,32,1.5,21.6463012,0,0
1687456419.6308353,32,1.5,21.6444034,0,0
1687456420.6148436,32,1.5,21.6371059,0,0
1687456421.6114295,32,1.5,21.6431064,0,0
1687456422.6088693,32,1.5,21.6345958,0,0
1687456423.5868714,32,1.5,21.6371002,0,0
1687456424.5758822,32,1.5,21.6467189,0,0
1687456425.5608282,32,1.5,21.6592407,0,0
1687456426.552982,32,1.5,21.6496982,0,0
1687456427.59082,32,1.5,21.6473445,0,0
1687456428.5872953,32,1.5,21.6385269,0,0
1687456429.566421,32,1.5,21.6398296,0,0
1687456430.5488656,32,1.5,21.6320724,0,0
1687456431.532984,32,1.5,21.6374969,0,0
1687456432.5348153,32,1.5,21.6358814,0,0
1687456433.522709,32,1.5,21.6336803,0,0
1687456434.5065548,32,1.5,21.6260051,0,0
1687456435.498867,32,1.5,21.6243991,0,0
1687456436.4945612,32,1.5,21.6317195,0,0
1687456437.488872,32,1.5,21.6261425,0,0
1687456438.4708204,32,1.5,21.6293754,0,0
1687456439.4568655,32,1.5,21.6366233,0,0
1687456440.4477582,32,1.5,21.6176185,0,0
1687456441.43385,32,1.5,21.6158981,0,0
1687456442.4283268,32,1.5,21.6257724,0,0
1687456443.4250352,32,1.5,21.6233501,0,0
1687456444.4218402,32,1.5,21.621622,0,0
1687456445.4049659,32,1.5,21.6317291,0,0
1687456446.4018245,32,1.5,21.6366081,0,0
1687456447.3818474,32,1.5,21.6351566,0,0
1687456448.370826,32,1.5,21.635353,0,0
1687456449.3650312,32,1.5,21.6234645,0,0
1687456450.3548784,32,1.5,21.6138992,0,0
1687456451.3507977,32,1.5,21.6181144,0,0
1687456452.3450196,32,1.5,21.6218109,0,0
1687456453.3408983,32,1.5,21.6219711,0,0
1687456454.3288546,32,1.5,21.6289672,0,0
1687456455.333861,32,1.5,21.6231403,0,0
1687456456.3288522,32,1.5,21.6229534,0,0
1687456457.3118482,32,1.5,21.6169433,0,0
1687456458.2950785,32,1.5,21.6198596,0,0
1687456459.286857,32,1.5,21.606182,0,0
1687456460.2708242,32,1.5,21.6122074,0,0
1687456461.2648613,32,1.5,21.6148071,0,0
1687456462.2418323,32,1.5,21.6147289,0,0
1687456463.226858,32,1.5,21.6254024,0,0
1687456464.2218542,32,1.5,21.6221446,0,0
1687456465.204652,32,1.5,21.6175479,0,0
1687456466.205226,32,1.5,21.6159992,0,0
1687456467.2003222,32,1.5,21.616249,0,0
1687456468.1949704,32,1.5,21.6124897,0,0
1687456469.190838,32,1.5,21.6153049,0,0
1687456470.1808288,32,1.5,21.6174259,0,0
1687456471.1651034,32,1.5,21.621809,0,0
1687456472.1927266,32,1.5,21.6258621,0,0
1687456473.1896403,32,1.5,21.618124,0,0
1687456474.1768544,32,1.5,21.6201992,0,0
1687456475.1646235,32,1.5,21.6154232,0,0
1687456476.1468692,32,1.5,21.6139163,0,0
1687456477.1435554,32,1.5,21.6197891,0,0
1687456478.1308327,32,1.5,21.6129283,0,0
1687456479.113825,32,1.5,21.6223506,0,0
1687456480.1018076,32,1.5,21.6290016,0,0
1687456481.0848413,32,1.5,21.6196823,0,0
1687456482.082848,32,1.5,21.613039,0,0
1687456483.0838661,32,1.5,21.6153278,0,0
1687456484.0818577,32,1.5,21.6047992,0,0
1687456485.0850909,32,1.5,21.613512,0,0
1687456486.08094,32,1.5,21.6150989,0,0
1687456487.0796342,32,1.5,21.6208877,0,0
1687456488.0584357,32,1.5,21.6190185,0,0
1687456489.0535314,32,1.5,21.6107959,0,0
1687456490.0418532,32,1.5,21.6135177,0,0
1687456491.028352,32,1.5,21.6214027,0,0
1687456492.0308256,32,1.5,21.6194133,0,0
1687456493.0247753,32,1.5,21.6187419,0,0
1687456494.0082026,32,1.5,21.623619,0,0
1687456494.9977674,32,1.5,21.6132984,0,0
1687456495.9849527,32,1.5,21.6132125,0,0
1687456496.9878669,32,1.5,21.6205749,0,0
1687456497.9708202,32,1.5,21.6138343,0,0
1687456498.945271,32,1.5,21.6200084,0,0
1687456499.939216,32,1.5,21.6192836,0,0
1687456500.9247065,32,1.5,21.6081962,0,0
1687456501.9096446,32,1.5,21.6120948,0,0
1687456502.8908188,32,1.5,21.6156101,0,0
1687456503.9250386,32,1.5,21.6081008,0,0
1687456504.9183419,32,1.5,21.6135711,0,0
1687456505.9038684,32,1.5,21.6241569,0,0
1687456506.9051027,32,1.5,21.6175994,0,0
1687456507.8996031,32,1.5,21.6202411,0,0
1687456508.8888795,32,1.5,21.6072921,0,0
1687456509.8888657,32,1.5,21.6179847,0,0
1687456510.8836293,32,1.5,21.6181831,0,0
1687456511.8756976,32,1.5,21.6165008,0,0
1687456512.8593442,32,1.5,21.6301536,0,0
1687456513.8418593,32,1.5,21.6267452,0,0
1687456514.8350544,32,1.5,21.6147422,0,0
1687456515.8338337,32,1.5,21.6268596,0,0
1687456516.829633,32,1.5,21.6301364,0,0
1687456517.8138428,32,1.5,21.6361465,0,0
1687456518.7974348,32,1.5,21.6287441,0,0
1687456519.7829218,32,1.5,21.6260814,0,0
1687456520.7688828,32,1.5,21.6224136,0,0
1687456521.749436,32,1.5,21.6259098,0,0
1687456522.7329445,32,1.5,21.6251735,0,0
1687456523.709634,32,1.5,21.6323471,0,0
1687456524.693827,32,1.5,21.6382675,0,0
1687456525.6908376,32,1.5,21.6214447,0,0
1687456526.6782205,32,1.5,21.6262073,0,0
1687456527.6546235,32,1.5,21.6232185,0,0
1687456528.651836,32,1.5,21.6281299,0,0
1687456529.6518514,32,1.5,21.6192226,0,0
1687456530.640812,32,1.5,21.6112365,0,0
1687456531.6396253,32,1.5,21.6108207,0,0
1687456532.624847,32,1.5,21.6169471,0,0
1687456533.620836,32,1.5,21.615942,0,0
1687456534.6109073,32,1.5,21.6228542,0,0
1687456535.6380334,32,1.5,21.6178989,0,0
1687456536.6196363,32,1.5,21.6127109,0,0
1687456537.6058648,32,1.5,21.6105327,0,0
1687456538.5958385,32,1.5,21.6102676,0,0
1687456539.5853722,32,1.5,21.6120891,0,0
1687456540.5748398,32,1.5,21.6193809,0,0
1687456541.5648625,32,1.5,21.6075401,0,0
1687456542.5550728,32,1.5,21.6096611,0,0
1687456543.5549517,32,1.5,21.6253566,0,0
1687456544.5438468,32,1.5,21.6196689,0,0
1687456545.5396218,32,1.5,21.6213264,0,0
1687456546.5178268,32,1.5,21.623764,0,0
1687456547.5008261,32,1.5,21.617773,0,0
1687456548.4876862,32,1.5,21.6159152,0,0
1687456549.4653685,32,1.5,21.6222953,0,0
1687456550.4496355,32,1.5,21.6122379,0,0
1687456551.4463549,32,1.5,21.6203975,0,0
1687456552.461848,32,1.5,21.6134395,0,0
1687456553.46283,32,1.5,21.6133117,0,0
1687456554.4568825,32,1.5,21.6130485,0,0
1687456555.4358556,32,1.5,21.6182918,0,0
1687456556.4368932,32,1.5,21.6215686,0,0
1687456557.4408214,32,1.5,21.6278095,0,0
1687456558.429615,32,1.5,21.6207122,0,0
1687456559.416871,32,1.5,21.6205501,0,0
1687456560.4060361,32,1.5,21.6224174,0,0
1687456561.3978326,32,1.5,21.6236534,0,0
1687456562.3957148,32,1.5,21.625986,0,0
1687456563.3934643,32,1.5,21.62961,0,0
1687456564.3748362,32,1.5,21.6351451,0,0
1687456565.3708074,32,1.5,21.6319885,0,0
1687456566.3572695,32,1.5,21.6312541,0,0
1687456567.3547819,32,1.5,21.6298484,0,0
1687456568.3368454,32,1.5,21.6278133,0,0
1687456569.3150249,32,1.5,21.6195869,0,0
1687456570.2928586,32,1.5,21.6199073,0,0
1687456571.2869544,32,1.5,21.6249485,0,0
1687456572.2778583,32,1.5,21.6212463,0,0
1687456573.261247,32,1.5,21.6198844,0,0
1687456574.245991,32,1.5,21.6288242,0,0
1687456575.2348819,32,1.5,21.6253948,0,0
1687456576.2248745,32,1.5,21.6343383,0,0
1687456577.2119102,32,1.5,21.6426963,0,0
1687456578.1913717,32,1.5,21.6457424,0,0
1687456579.18372,32,1.5,21.642683,0,0
1687456580.175028,32,1.5,21.6387958,0,0
1687456581.1568666,32,1.5,21.6411037,0,0
1687456582.150828,32,1.5,21.6305541,0,0
1687456583.1354396,32,1.5,21.6324501,0,0
1687456584.119867,32,1.5,21.6330242,0,0
1687456585.09892,32,1.5,21.6290283,0,0
1687456586.0858908,32,1.5,21.6283378,0,0
1687456587.0788496,32,1.5,21.6263027,0,0
1687456588.0607972,32,1.5,21.6248931,0,0
1687456589.0547404,32,1.5,21.6277618,0,0
1687456590.050806,32,1.5,21.6333961,0,0
1687456591.0303886,32,1.5,21.626501,0,0
1687456592.025487,32,1.5,21.6187896,0,0
1687456593.0148265,32,1.5,21.6118221,0,0
1687456594.0018384,32,1.5,21.6182937,0,0
1687456594.9796329,32,1.5,21.627079,0,0
1687456595.9708269,32,1.5,21.6211757,0,0
1687456596.9758377,32,1.5,21.6177501,0,0
1687456597.9753816,32,1.5,21.6195163,0,0
1687456598.9766922,32,1.5,21.6224174,0,0
1687456599.9628546,32,1.5,21.6178989,0,0
1687456600.9638464,32,1.5,21.6177463,0,0
1687456601.9563038,32,1.5,21.6137523,0,0
1687456602.935798,32,1.5,21.6192989,0,0
1687456603.927381,32,1.5,21.6288757,0,0
1687456604.9108253,32,1.5,21.6284847,0,0
1687456605.904864,32,1.5,21.6227035,0,0
1687456606.8848836,32,1.5,21.630064,0,0
1687456607.8747363,32,1.5,21.6313076,0,0
1687456608.8622758,32,1.5,21.6326446,0,0
1687456609.848861,32,1.5,21.6281204,0,0
1687456610.8366106,32,1.5,21.6226997,0,0
1687456611.843291,32,1.5,21.6266193,0,0
1687456612.8308213,32,1.5,21.6306343,0,0
1687456613.8150964,32,1.5,21.6293048,0,0
1687456614.804268,32,1.5,21.6327457,0,0
1687456615.7938635,32,1.5,21.6194419,0,0
1687456616.7748759,32,1.5,21.6235351,0,0
1687456617.7716527,32,1.5,21.6119194,0,0
1687456618.7708228,32,1.5,21.619585,0,0
1687456619.761834,32,1.5,21.6223335,0,0
1687456620.7408128,32,1.5,21.6257839,0,0
1687456621.7308238,32,1.5,21.6360168,0,0
1687456622.7271168,32,1.5,21.6310405,0,0
1687456623.7158797,32,1.5,21.6319103,0,0
1687456624.705334,32,1.5,21.6263618,0,0
1687456625.6850631,32,1.5,21.6227073,0,0
1687456626.6788793,32,1.5,21.6199417,0,0
1687456627.6673195,32,1.5,21.6192474,0,0
1687456628.711827,32,1.5,21.6162853,0,0
1687456629.6964016,32,1.5,21.6150131,0,0
1687456630.6770568,32,1.5,21.6172504,0,0
1687456631.661833,32,1.5,21.6230697,0,0
1687456632.6388648,32,1.5,21.6266193,0,0
1687456633.62083,32,1.5,21.6204166,0,0
1687456634.6089587,32,1.5,21.6233253,0,0
1687456635.6008103,32,1.5,21.6286067,0,0
1687456636.578868,32,1.5,21.6382656,0,0
1687456637.5765383,32,1.5,21.6294403,0,0
1687456638.5756834,32,1.5,21.6221408,0,0
1687456639.5648615,32,1.5,21.6259651,0,0
1687456640.5571723,32,1.5,21.628313,0,0
1687456641.5580304,32,1.5,21.6266441,0,0
1687456642.5548694,32,1.5,21.6143512,0,0
1687456643.533825,32,1.5,21.6194782,0,0
1687456644.5278678,32,1.5,21.6241054,0,0
1687456645.52083,32,1.5,21.6281318,0,0
1687456646.504962,32,1.5,21.635498,0,0
1687456647.4895751,32,1.5,21.6298007,0,0
1687456648.473242,32,1.5,21.6327381,0,0
1687456649.46525,32,1.5,21.6224021,0,0
1687456650.4555936,32,1.5,21.6231765,0,0
1687456651.4506905,32,1.5,21.6219367,0,0
1687456652.4319367,32,1.5,21.6174087,0,0
1687456653.4149814,32,1.5,21.6288661,0,0
1687456654.4048662,32,1.5,21.6261596,0,0
1687456655.3908193,32,1.5,21.6215896,0,0
1687456656.375015,32,1.5,21.6136512,0,0
1687456657.3648205,32,1.5,21.6195068,0,0
1687456658.410424,32,1.5,21.6230392,0,0
1687456659.4028504,32,1.5,21.6290397,0,0
1687456660.3861394,32,1.5,21.6296863,0,0
1687456661.3828506,32,1.5,21.6241645,0,0
1687456662.3694062,32,1.5,21.6260337,0,0
1687456663.349626,32,1.5,21.6228504,0,0
1687456664.3388824,32,1.5,21.6194725,0,0
1687456665.3318436,32,1.5,21.6174087,0,0
1687456666.320785,32,1.5,21.6240921,0,0
1687456667.3069396,32,1.5,21.6202316,0,0
1687456668.3009048,32,1.5,21.6254482,0,0
1687456669.2888763,32,1.5,21.6282749,0,0
1687456670.283488,32,1.5,21.6307315,0,0
1687456671.2768512,32,1.5,21.625988,0,0
1687456672.2624943,32,1.5,21.6288375,0,0
1687456673.3008063,32,1.5,21.6210403,0,0
1687456674.2951195,32,1.5,21.615633,0,0
1687456675.2779121,32,1.5,21.6247196,0,0
1687456676.2728257,32,1.5,21.6205749,0,0
1687456677.2582526,32,1.5,21.6246833,0,0
1687456678.2368019,32,1.5,21.6283988,0,0
1687456679.2278814,32,1.5,21.6177005,0,0
1687456680.2268317,32,1.5,21.6260604,0,0
1687456681.2188504,32,1.5,21.6280632,0,0
1687456682.204732,32,1.5,21.6349506,0,0
1687456683.1865532,32,1.5,21.6290245,0,0
1687456684.1870596,32,1.5,21.6206722,0,0
1687456685.1829991,32,1.5,21.6313915,0,0
1687456686.1750538,32,1.5,21.6386718,0,0
1687456687.170805,32,1.5,21.6321277,0,0
1687456688.1647944,32,1.5,21.6396331,0,0
1687456689.1587589,32,1.5,21.6373081,0,0
1687456690.1518419,32,1.5,21.6271076,0,0
1687456691.137859,32,1.5,21.6403694,0,0
1687456692.1340997,32,1.5,21.640583,0,0
1687456693.1308165,32,1.5,21.6283473,0,0
1687456694.1248577,32,1.5,21.6275196,0,0
1687456695.1047432,32,1.5,21.6294479,0,0
1687456696.096576,32,1.5,21.6318111,0,0
1687456697.0818484,32,1.5,21.6285324,0,0
1687456698.081818,32,1.5,21.6286029,0,0
1687456699.0658462,32,1.5,21.6285457,0,0
1687456700.0628293,32,1.5,21.628498,0,0
1687456701.048294,32,1.5,21.638462,0,0
1687456702.04083,32,1.5,21.6382541,0,0
1687456703.029236,32,1.5,21.6472873,0,0
1687456704.0070755,32,1.5,21.6423282,0,0
1687456705.0309772,32,1.5,21.6420726,0,0
1687456706.0150745,32,1.5,21.6488742,0,0
1687456707.0052657,32,1.5,21.6470794,0,0
1687456708.0018432,32,1.5,21.6565876,0,0
1687456708.9921284,32,1.5,21.6443977,0,0
1687456709.9859114,32,1.5,21.6493625,0,0
1687456710.9694977,32,1.5,21.6476669,0,0
1687456711.9683816,32,1.5,21.649723,0,0
1687456712.9518385,32,1.5,21.6435298,0,0
1687456713.94685,32,1.5,21.6381683,0,0
1687456714.9308403,32,1.5,21.6454658,0,0
1687456715.9272373,32,1.5,21.647293,0,0
1687456716.9128406,32,1.5,21.6511726,0,0
1687456717.9062545,32,1.5,21.6459312,0,0
1687456718.8886037,32,1.5,21.6509742,0,0
1687456719.8839312,32,1.5,21.6497821,0,0
1687456720.8719902,32,1.5,21.6519527,0,0
1687456721.8711505,32,1.5,21.6494884,0,0
1687456722.8651252,32,1.5,21.6473178,0,0
1687456723.8615198,32,1.5,21.657917,0,0
1687456724.8378825,32,1.5,21.6552581,0,0
1687456725.8238118,32,1.5,21.660057,0,0
1687456726.8157628,32,1.5,21.6591281,0,0
1687456727.8108056,32,1.5,21.6699943,0,0
1687456728.7985547,32,1.5,21.6741981,0,0
1687456729.7768438,32,1.5,21.6585884,0,0
1687456730.75686,32,1.5,21.6682777,0,0
1687456731.7568302,32,1.5,21.6721515,0,0
1687456732.7428572,32,1.5,21.6619873,0,0
1687456733.7292929,32,1.5,21.6740283,0,0
1687456734.7137895,32,1.5,21.6753025,0,0
1687456735.7033932,32,1.5,21.6734447,0,0
1687456736.6878574,32,1.5,21.6752815,0,0
1687456737.6768866,32,1.5,21.686079,0,0
1687456738.6627748,32,1.5,21.6715221,0,0
1687456739.6438472,32,1.5,21.6697368,0,0
1687456740.635521,32,1.5,21.6798858,0,0
1687456741.617869,32,1.5,21.6895885,0,0
1687456742.6050513,32,1.5,21.6837844,0,0
1687456743.59691,32,1.5,21.677845,0,0
1687456744.5964012,32,1.5,21.6930294,0,0
1687456745.5893207,32,1.5,21.6827259,0,0
1687456746.5738513,32,1.5,21.685337,0,0
1687456747.5518267,32,1.5,21.6827621,0,0
1687456748.543741,32,1.5,21.6823215,0,0
1687456749.5258012,32,1.5,21.6920452,0,0
1687456750.515552,32,1.5,21.6920585,0,0
1687456751.5578508,32,1.5,21.6815223,0,0
1687456752.5567853,32,1.5,21.6810207,0,0
1687456753.5508332,32,1.5,21.6953449,0,0
1687456754.5308557,32,1.5,21.6866416,0,0
1687456755.5178366,32,1.5,21.6844329,0,0
1687456756.5195127,32,1.5,21.692934,0,0
1687456757.5108116,32,1.5,21.7001762,0,0
1687456758.496932,32,1.5,21.6970729,0,0
1687456759.4796333,32,1.5,21.7031459,0,0
1687456760.46487,32,1.5,21.6960487,0,0
1687456761.452848,32,1.5,21.709259,0,0
1687456762.4495757,32,1.5,21.7135715,0,0
1687456763.435455,32,1.5,21.6982116,0,0
1687456764.4293687,32,1.5,21.7028656,0,0
1687456765.411844,32,1.5,21.6954593,0,0
1687456766.451798,32,1.5,21.694643,0,0
1687456767.4518633,32,1.5,21.6978416,0,0
1687456768.4308248,32,1.5,21.7098388,0,0
1687456769.412858,32,1.5,21.7001724,0,0
1687456770.396244,32,1.5,21.6997585,0,0
1687456771.381813,32,1.5,21.69705,0,0
1687456772.3710515,32,1.5,21.6938114,0,0
1687456773.3578482,32,1.5,21.7012462,0,0
1687456774.337089,32,1.5,21.6967773,0,0
1687456775.3166578,32,1.5,21.6981143,0,0
1687456776.3005195,32,1.5,21.6968021,0,0
1687456777.3008292,32,1.5,21.6981811,0,0
1687456778.30084,32,1.5,21.6994895,0,0
1687456779.2809548,32,1.5,21.7070865,0,0
1687456780.270831,32,1.5,21.7019767,0,0
1687456781.26587,32,1.5,21.701519,0,0
1687456782.2628193,32,1.5,21.6976222,0,0
1687456783.3018363,32,1.5,21.7098045,0,0
1687456784.2928312,32,1.5,21.7091827,0,0
1687456785.2828648,32,1.5,21.6975936,0,0
1687456786.280834,32,1.5,21.705698,0,0
1687456787.2628512,32,1.5,21.696928,0,0
1687456788.2550135,32,1.5,21.7077617,0,0
1687456789.250824,32,1.5,21.7137565,0,0
1687456790.2362623,32,1.5,21.7175445,0,0
1687456791.2238371,32,1.5,21.7231559,0,0
1687456792.21274,32,1.5,21.720129,0,0
1687456793.2058709,32,1.5,21.7186775,0,0
1687456794.2039778,32,1.5,21.7162761,0,0
1687456795.1868696,32,1.5,21.7136268,0,0
1687456796.1728501,32,1.5,21.7124938,0,0
1687456797.1578662,32,1.5,21.7084598,0,0
1687456798.1829548,32,1.5,21.7146854,0,0
1687456799.1647623,32,1.5,21.7128162,0,0
1687456800.1478884,32,1.5,21.7283439,0,0
1687456801.1350574,32,1.5,21.7212772,0,0
1687456802.1249073,32,1.5,21.7117691,0,0
1687456803.1238542,32,1.5,21.7158241,0,0
1687456804.131962,32,1.5,21.7264537,0,0
1687456805.126355,32,1.5,21.7185516,0,0
1687456806.1309302,32,1.5,21.7021121,0,0
1687456807.126712,32,1.5,21.6998653,0,0
1687456808.11284,32,1.5,21.7063198,0,0
1687456809.0978768,32,1.5,21.7153739,0,0
1687456810.091838,32,1.5,21.7337818,0,0
1687456811.082812,32,1.5,21.7239265,0,0
1687456812.0787492,32,1.5,21.7211151,0,0
1687456813.0668771,32,1.5,21.7227954,0,0
1687456814.044821,32,1.5,21.7103595,0,0
1687456815.0448284,32,1.5,21.7054691,0,0
1687456816.040811,32,1.5,21.7060089,0,0
1687456817.023499,32,1.5,21.7137126,0,0
1687456818.0249932,32,1.5,21.7123851,0,0
1687456819.0150397,32,1.5,21.7156028,0,0
1687456820.0069869,32,1.5,21.7133331,0,0
1687456820.996077,32,1.5,21.7007331,0,0
1687456821.976012,32,1.5,21.7120552,0,0
1687456822.9756718,32,1.5,21.7234401,0,0
1687456823.9785988,32,1.5,21.72369,0,0
1687456824.9728475,32,1.5,21.7205219,0,0
1687456825.9608116,32,1.5,21.7203998,0,0
1687456826.9342453,32,1.5,21.7089176,0,0
1687456827.9118495,32,1.5,21.7054176,0,0
1687456828.9068828,32,1.5,21.7036781,0,0
1687456829.9278355,32,1.5,21.7220973,0,0
1687456830.909639,32,1.5,21.7224121,0,0
1687456831.9108005,32,1.5,21.7225875,0,0
1687456832.9083288,32,1.5,21.7102394,0,0
1687456833.899182,32,1.5,21.71496,0,0
1687456834.8984065,32,1.5,21.7168617,0,0
1687456835.8796384,32,1.5,21.7214641,0,0
1687456836.8676894,32,1.5,21.7285785,0,0
1687456837.85825,32,1.5,21.7235298,0,0
1687456838.8450139,32,1.5,21.7192096,0,0
1687456839.8348758,32,1.5,21.7211818,0,0
1687456840.8248587,32,1.5,21.7225608,0,0
1687456841.8195992,32,1.5,21.7208938,0,0
1687456842.8138714,32,1.5,21.7164478,0,0
1687456843.8050587,32,1.5,21.7100448,0,0
1687456844.790827,32,1.5,21.713623,0,0
1687456845.7851195,32,1.5,21.7234344,0,0
1687456846.7738595,32,1.5,21.7108497,0,0
1687456847.7608016,32,1.5,21.7177696,0,0
1687456848.755261,32,1.5,21.6995944,0,0
1687456849.7448366,32,1.5,21.6985988,0,0
1687456850.7366278,32,1.5,21.7098312,0,0
1687456851.7378466,32,1.5,21.7111911,0,0
1687456852.7318373,32,1.5,21.7095699,0,0
1687456853.7208138,32,1.5,21.7125949,0,0
1687456854.7168963,32,1.5,21.7138252,0,0
1687456855.7108152,32,1.5,21.7066993,0,0
1687456856.6908126,32,1.5,21.707138,0,0
1687456857.6750367,32,1.5,21.6979236,0,0
1687456858.6696417,32,1.5,21.7058086,0,0
1687456859.6583107,32,1.5,21.702692,0,0
1687456860.6608167,32,1.5,21.7127323,0,0
1687456861.6686895,32,1.5,21.7201099,0,0
1687456862.6828687,32,1.5,21.7165565,0,0
1687456863.674978,32,1.5,21.7262592,0,0
1687456864.6788695,32,1.5,21.7179775,0,0
1687456865.6708279,32,1.5,21.7103042,0,0
1687456866.6662903,32,1.5,21.7210063,0,0
1687456867.6487744,32,1.5,21.7283515,0,0
1687456868.6310668,32,1.5,21.7250289,0,0
1687456869.6221135,32,1.5,21.722866,0,0
1687456870.6068609,32,1.5,21.7302494,0,0
1687456871.5938575,32,1.5,21.7185974,0,0
1687456872.5849853,32,1.5,21.7170372,0,0
1687456873.5673902,32,1.5,21.7112274,0,0
1687456874.5648732,32,1.5,21.7199382,0,0
1687456875.5428424,32,1.5,21.7124271,0,0
1687456876.524966,32,1.5,21.7188663,0,0
1687456877.5228653,32,1.5,21.71772,0,0
1687456878.536872,32,1.5,21.7120685,0,0
1687456879.5308352,32,1.5,21.7030372,0,0
1687456880.5149522,32,1.5,21.7030639,0,0
1687456881.512852,32,1.5,21.7169151,0,0
1687456882.4967365,32,1.5,21.7189254,0,0
1687456883.487884,32,1.5,21.7211399,0,0
1687456884.4767272,32,1.5,21.7264995,0,0
1687456885.4563978,32,1.5,21.7201118,0,0
1687456886.44888,32,1.5,21.7181396,0,0
1687456887.4295447,32,1.5,21.7272186,0,0
1687456888.412844,32,1.5,21.7295284,0,0
1687456889.4005532,32,1.5,21.7157974,0,0
1687456890.3937964,32,1.5,21.7063617,0,0
1687456891.3850148,32,1.5,21.7008037,0,0
1687456892.384992,32,1.5,21.7160053,0,0
1687456893.4225695,32,1.5,21.7200889,0,0
1687456894.4150696,32,1.5,21.7118301,0,0
1687456895.4054482,32,1.5,21.7163772,0,0
1687456896.40125,32,1.5,21.7148056,0,0
1687456897.3887663,32,1.5,21.7165145,0,0
1687456898.3708184,32,1.5,21.7181034,0,0
1687456899.3508286,32,1.5,21.726406,0,0
1687456900.3476617,32,1.5,21.7203941,0,0
1687456901.3413227,32,1.5,21.7146854,0,0
1687456902.322838,32,1.5,21.7213058,0,0
1687456903.3008347,32,1.5,21.713623,0,0
1687456904.2838588,32,1.5,21.7248439,0,0
1687456905.275234,32,1.5,21.7297439,0,0
1687456906.27083,32,1.5,21.7176513,0,0
1687456907.2518337,32,1.5,21.7305812,0,0
1687456908.2488654,32,1.5,21.7132453,0,0
1687456909.2448575,32,1.5,21.7233409,0,0
1687456910.2648396,32,1.5,21.7212409,0,0
1687456911.2658668,32,1.5,21.7221908,0,0
1687456912.2588644,32,1.5,21.7144336,0,0
1687456913.2496293,32,1.5,21.7184505,0,0
1687456914.2258441,32,1.5,21.7211551,0,0
1687456915.223545,32,1.5,21.7250919,0,0
1687456916.2150078,32,1.5,21.7247066,0,0
1687456917.2028205,32,1.5,21.7373027,0,0
1687456918.1908176,32,1.5,21.7232494,0,0
1687456919.1754575,32,1.5,21.7221317,0,0
1687456920.1688697,32,1.5,21.7189083,0,0
1687456921.1708145,32,1.5,21.7194156,0,0
1687456922.163864,32,1.5,21.7092266,0,0
1687456923.1593199,32,1.5,21.7120037,0,0
1687456924.157831,32,1.5,21.7234268,0,0
1687456925.1638558,32,1.5,21.7133731,0,0
1687456926.1607938,32,1.5,21.7229785,0,0
1687456927.1491108,32,1.5,21.720293,0,0
1687456928.1455727,32,1.5,21.7235889,0,0
1687456929.1276844,32,1.5,21.7377395,0,0
1687456930.1108391,32,1.5,21.7239856,0,0
1687456931.0949452,32,1.5,21.7258358,0,0
1687456932.0879464,32,1.5,21.7175483,0,0
1687456933.0795484,32,1.5,21.7267112,0,0
1687456934.0650778,32,1.5,21.7331752,0,0
1687456935.0553122,32,1.5,21.7303314,0,0
1687456936.0473342,32,1.5,21.7331199,0,0
1687456937.0396278,32,1.5,21.7335319,0,0
1687456938.0369203,32,1.5,21.7171249,0,0
1687456939.0328507,32,1.5,21.7246799,0,0
1687456940.0148194,32,1.5,21.7302837,0,0
1687456941.0038402,32,1.5,21.7357521,0,0
1687456942.0202563,32,1.5,21.7311172,0,0
1687456943.0174954,32,1.5,21.7284774,0,0
1687456943.99685,32,1.5,21.7307033,0,0
1687456945.0008385,32,1.5,21.7331333,0,0
1687456946.0008323,32,1.5,21.735876,0,0
1687456946.9972632,32,1.5,21.7300662,0,0
1687456947.9875014,32,1.5,21.729166,0,0
1687456948.9708362,32,1.5,21.7326183,0,0
1687456949.9629934,32,1.5,21.7300968,0,0
1687456950.949637,32,1.5,21.7394714,0,0
1687456951.9428337,32,1.5,21.7262687,0,0
1687456952.9388688,32,1.5,21.7276687,0,0
1687456953.9268372,32,1.5,21.7344284,0,0
1687456954.9228468,32,1.5,21.740076,0,0
1687456955.9028301,32,1.5,21.7367763,0,0
1687456956.906445,32,1.5,21.7402,0,0
1687456957.8878942,32,1.5,21.7338047,0,0
1687456958.890819,32,1.5,21.7402629,0,0
1687456959.866834,32,1.5,21.7377433,0,0
1687456960.8518066,32,1.5,21.7408599,0,0
1687456961.8408186,32,1.5,21.735424,0,0
1687456962.8348134,32,1.5,21.7308387,0,0
1687456963.808851,32,1.5,21.7259616,0,0
1687456964.8028662,32,1.5,21.7199516,0,0
1687456965.7966988,32,1.5,21.7247009,0,0
1687456966.7828567,32,1.5,21.7224521,0,0
1687456967.772859,32,1.5,21.7252025,0,0
1687456968.769635,32,1.5,21.7277545,0,0
1687456969.7538483,32,1.5,21.7314243,0,0
1687456970.7528355,32,1.5,21.7394313,0,0
1687456971.7508163,32,1.5,21.7400722,0,0
1687456972.740805,32,1.5,21.735691,0,0
1687456973.7476177,32,1.5,21.7313823,0,0
1687456974.7394192,32,1.5,21.7385578,0,0
1687456975.7230275,32,1.5,21.7334251,0,0
1687456976.7148595,32,1.5,21.7422866,0,0
1687456977.6955974,32,1.5,21.7356662,0,0
1687456978.6857781,32,1.5,21.7278423,0,0
1687456979.671841,32,1.5,21.7400779,0,0
1687456980.6648114,32,1.5,21.7252025,0,0
1687456981.6568599,32,1.5,21.7415027,0,0
1687456982.6486146,32,1.5,21.736761,0,0
1687456983.6428573,32,1.5,21.7339076,0,0
1687456984.6308098,32,1.5,21.732975,0,0
1687456985.614047,32,1.5,21.7280292,0,0
1687456986.5983016,32,1.5,21.7274589,0,0
1687456987.6002688,32,1.5,21.7327365,0,0
1687456988.6383028,32,1.5,21.7582931,0,0
1687456989.6396327,32,1.5,21.7585487,0,0
1687456990.6323318,32,1.5,21.7576599,0,0
1687456991.627243,32,1.5,21.7517242,0,0
1687456992.6108296,32,1.5,21.7481899,0,0
1687456993.5852444,32,1.5,21.7458915,0,0
1687456994.5763955,32,1.5,21.7457866,0,0
1687456995.5650063,32,1.5,21.749895,0,0
1687456996.5563335,32,1.5,21.748928,0,0
1687456997.546856,32,1.5,21.7546939,0,0
1687456998.5450437,32,1.5,21.7607879,0,0
1687456999.5294807,32,1.5,21.7590351,0,0
1687457000.5236526,32,1.5,21.7535438,0,0
1687457001.5708234,32,1.5,21.7440834,0,0
1687457002.562866,32,1.5,21.7453079,0,0
1687457003.5668557,32,1.5,21.7568531,0,0
1687457004.5508084,32,1.5,21.7538986,0,0
1687457005.5388193,32,1.5,21.7546291,0,0
1687457006.52183,32,1.5,21.7516021,0,0
1687457007.5053027,32,1.5,21.7519664,0,0
1687457008.505881,32,1.5,21.7552871,0,0
1687457009.4918342,32,1.5,21.7520523,0,0
1687457010.481015,32,1.5,21.7533416,0,0
1687457011.4661884,32,1.5,21.7480373,0,0
1687457012.4548047,32,1.5,21.737112,0,0
1687457013.447842,32,1.5,21.7391967,0,0
1687457014.438485,32,1.5,21.7493362,0,0
1687457015.4238656,32,1.5,21.7564163,0,0
1687457016.4149852,32,1.5,21.7410907,0,0
1687457017.4088528,32,1.5,21.7476367,0,0
1687457018.4254668,32,1.5,21.7538776,0,0
1687457019.4218438,32,1.5,21.7519016,0,0
1687457020.4107933,32,1.5,21.7471199,0,0
1687457021.415094,32,1.5,21.7490863,0,0
1687457022.4018264,32,1.5,21.750576,0,0
1687457023.3860655,32,1.5,21.7378959,0,0
1687457024.374668,32,1.5,21.745552,0,0
1687457025.356865,32,1.5,21.7432899,0,0
1687457026.3618438,32,1.5,21.7430839,0,0
1687457027.3548548,32,1.5,21.7459526,0,0
1687457028.3468606,32,1.5,21.7507534,0,0
1687457029.3381205,32,1.5,21.7613487,0,0
1687457030.3268316,32,1.5,21.7610988,0,0
1687457031.324697,32,1.5,21.7617645,0,0
1687457032.3118248,32,1.5,21.7628211,0,0
1687457033.3178759,32,1.5,21.7613811,0,0
1687457034.3038602,32,1.5,21.7622585,0,0
1687457035.293853,32,1.5,21.7570438,0,0
1687457036.2928367,32,1.5,21.7509078,0,0
1687457037.2808182,32,1.5,21.7512092,0,0
1687457038.2665677,32,1.5,21.7622547,0,0
1687457039.2649667,32,1.5,21.7524909,0,0
1687457040.2489803,32,1.5,21.7447166,0,0
1687457041.2428539,32,1.5,21.7603759,0,0
1687457042.2468557,32,1.5,21.7585964,0,0
1687457043.2328124,32,1.5,21.76095,0,0
1687457044.2288642,32,1.5,21.7576732,0,0
1687457045.214863,32,1.5,21.7571392,0,0
1687457046.213869,32,1.5,21.7604694,0,0
1687457047.1939719,32,1.5,21.7529888,0,0
1687457048.1818445,32,1.5,21.7529449,0,0
1687457049.1654634,32,1.5,21.7693271,0,0
1687457050.1549983,32,1.5,21.7588596,0,0
1687457051.154439,32,1.5,21.7482299,0,0
1687457052.1382108,32,1.5,21.7455863,0,0
1687457053.1218507,32,1.5,21.743246,0,0
1687457054.0996273,32,1.5,21.7462444,0,0
1687457055.078885,32,1.5,21.7593097,0,0
1687457056.057419,32,1.5,21.7630653,0,0
1687457057.0538325,32,1.5,21.7623844,0,0
1687457058.0308113,32,1.5,21.7681827,0,0
1687457059.0078652,32,1.5,21.7767906,0,0
1687457060.0008233,32,1.5,21.7665977,0,0
1687457060.988818,32,1.5,21.7716484,0,0
1687457061.9896343,32,1.5,21.7672176,0,0
1687457062.9888506,32,1.5,21.7760963,0,0
1687457063.9728174,32,1.5,21.7821979,0,0
1687457064.9888525,32,1.5,21.7791156,0,0
1687457065.9872413,32,1.5,21.7843608,0,0
1687457066.9750361,32,1.5,21.7850589,0,0
1687457067.9668689,32,1.5,21.7879695,0,0
1687457068.9547052,32,1.5,21.7764015,0,0
1687457069.954303,32,1.5,21.7821063,0,0
1687457070.9478867,32,1.5,21.7804508,0,0
1687457071.9268677,32,1.5,21.7773189,0,0
1687457072.905077,32,1.5,21.7749977,0,0
1687457073.8918567,32,1.5,21.7804431,0,0
1687457074.8845122,32,1.5,21.7791595,0,0
1687457075.8748631,32,1.5,21.782526,0,0
1687457076.8550377,32,1.5,21.786993,0,0
1687457077.8508258,32,1.5,21.7928638,0,0
1687457078.8475432,32,1.5,21.7903785,0,0
1687457079.858875,32,1.5,21.7905368,0,0
1687457080.8595104,32,1.5,21.7906684,0,0
1687457081.8430195,32,1.5,21.7905635,0,0
1687457082.8268385,32,1.5,21.7906665,0,0
1687457083.8218334,32,1.5,21.7928962,0,0
1687457084.8172905,32,1.5,21.7945404,0,0
1687457085.8018289,32,1.5,21.8025913,0,0
1687457086.7948558,32,1.5,21.7902717,0,0
1687457087.7808268,32,1.5,21.7964363,0,0
1687457088.7618406,32,1.5,21.7888507,0,0
1687457089.7496145,32,1.5,21.7922897,0,0
1687457090.7342963,32,1.5,21.7883358,0,0
1687457091.7169447,32,1.5,21.7939052,0,0
1687457092.705863,32,1.5,21.7868423,0,0
1687457093.694982,32,1.5,21.7831592,0,0
1687457094.693852,32,1.5,21.787836,0,0
1687457095.6758666,32,1.5,21.7967357,0,0
1687457096.7370536,32,1.5,21.787939,0,0
1687457097.7368383,32,1.5,21.7825126,0,0
1687457098.732364,32,1.5,21.794197,0,0
1687457099.7080548,32,1.5,21.7924118,0,0
1687457100.695719,32,1.5,21.7933578,0,0
1687457101.6875055,32,1.5,21.7974739,0,0
1687457102.6796327,32,1.5,21.795473,0,0
1687457103.6750185,32,1.5,21.7991504,0,0
1687457104.6646655,32,1.5,21.8001327,0,0
1687457105.6708143,32,1.5,21.8029994,0,0
1687457106.6648557,32,1.5,21.7975444,0,0
1687457107.668118,32,1.5,21.802597,0,0
1687457108.6671937,32,1.5,21.7954635,0,0
1687457109.6608212,32,1.5,21.7988739,0,0
1687457110.6477327,32,1.5,21.8004207,0,0
1687457111.6618176,32,1.5,21.8128128,0,0
1687457112.6428485,32,1.5,21.8102874,0,0
1687457113.6408055,32,1.5,21.8055191,0,0
1687457114.6359417,32,1.5,21.8095626,0,0
1687457115.617856,32,1.5,21.8087997,0,0
1687457116.6010094,32,1.5,21.8093967,0,0
1687457117.5753577,32,1.5,21.811222,0,0
1687457118.5718992,32,1.5,21.8093185,0,0
1687457119.5578506,32,1.5,21.8029384,0,0
1687457120.562826,32,1.5,21.7994709,0,0
1687457121.5528646,32,1.5,21.7981967,0,0
1687457122.5508275,32,1.5,21.8069229,0,0
1687457123.527306,32,1.5,21.8053398,0,0
1687457124.5228574,32,1.5,21.8097991,0,0
1687457125.5177972,32,1.5,21.8080101,0,0
1687457126.4996355,32,1.5,21.8031196,0,0
1687457127.4994166,32,1.5,21.7965297,0,0
1687457128.528876,32,1.5,21.8027172,0,0
1687457129.5218556,32,1.5,21.8162593,0,0
1687457130.5051064,32,1.5,21.8201293,0,0
1687457131.4835725,32,1.5,21.8212223,0,0
1687457132.4608066,32,1.5,21.8164539,0,0
1687457133.437223,32,1.5,21.8102111,0,0
1687457134.4289856,32,1.5,21.8124771,0,0
1687457135.4158168,32,1.5,21.8185863,0,0
1687457136.397961,32,1.5,21.8276691,0,0
1687457137.3908226,32,1.5,21.8335838,0,0
1687457138.3818228,32,1.5,21.8343925,0,0
1687457139.3680558,32,1.5,21.8344402,0,0
1687457140.3538594,32,1.5,21.8291492,0,0
1687457141.3702152,32,1.5,21.8323326,0,0
1687457142.363988,32,1.5,21.839365,0,0
1687457143.3606477,32,1.5,21.8391189,0,0
1687457144.3428512,32,1.5,21.8337154,0,0
1687457145.3349142,32,1.5,21.8390865,0,0
1687457146.314945,32,1.5,21.8382606,0,0
1687457147.3019772,32,1.5,21.8491916,0,0
1687457148.3023417,32,1.5,21.8426418,0,0
1687457149.2866716,32,1.5,21.8402271,0,0
1687457150.2738314,32,1.5,21.8559322,0,0
1687457151.2708263,32,1.5,21.8480243,0,0
1687457152.2682893,32,1.5,21.843069,0,0
1687457153.2559185,32,1.5,21.8511428,0,0
1687457154.2418587,32,1.5,21.854906,0,0
1687457155.22902,32,1.5,21.8653888,0,0
1687457156.223889,32,1.5,21.8635044,0,0
1687457157.2318597,32,1.5,21.8636837,0,0
1687457158.2308192,32,1.5,21.8698787,0,0
1687457159.2275372,32,1.5,21.8709964,0,0
1687457160.216575,32,1.5,21.871788,0,0
1687457161.2014413,32,1.5,21.8572731,0,0
1687457162.1853335,32,1.5,21.8623523,0,0
1687457163.1734312,32,1.5,21.8615036,0,0
1687457164.1608262,32,1.5,21.862997,0,0
1687457165.1508417,32,1.5,21.8687381,0,0
1687457166.1408315,32,1.5,21.8650722,0,0
1687457167.1303167,32,1.5,21.8599472,0,0
1687457168.1352358,32,1.5,21.8627471,0,0
1687457169.1196384,32,1.5,21.8689041,0,0
1687457170.1108344,32,1.5,21.8688335,0,0
1687457171.095944,32,1.5,21.8633136,0,0
1687457172.0718331,32,1.5,21.8634643,0,0
1687457173.1157918,32,1.5,21.8731899,0,0
1687457174.1121392,32,1.5,21.8729496,0,0
1687457175.1106007,32,1.5,21.8638477,0,0
1687457176.0993629,32,1.5,21.8779373,0,0
1687457177.0943255,32,1.5,21.8862361,0,0
1687457178.0838637,32,1.5,21.8933506,0,0
1687457179.0770857,32,1.5,21.8754844,0,0
1687457180.0628672,32,1.5,21.8860778,0,0
1687457181.0458739,32,1.5,21.8856563,0,0
1687457182.0307992,32,1.5,21.8782978,0,0
1687457183.021821,32,1.5,21.8822422,0,0
1687457184.0108244,32,1.5,21.8919563,0,0
1687457185.0062249,32,1.5,21.890768,0,0
1687457186.006895,32,1.5,21.888916,0,0
1687457187.0043843,32,1.5,21.8852748,0,0
1687457187.9856327,32,1.5,21.8822002,0,0
1687457188.9708433,32,1.5,21.8826446,0,0
1687457189.9763439,32,1.5,21.8893947,0,0
1687457190.9538436,32,1.5,21.8844852,0,0
1687457191.9408,32,1.5,21.8937206,0,0
1687457192.939637,32,1.5,21.8938198,0,0
1687457193.92287,32,1.5,21.8897533,0,0
1687457194.9128504,32,1.5,21.8901786,0,0
1687457195.908447,32,1.5,21.8858165,0,0
1687457196.8938673,32,1.5,21.882328,0,0
1687457197.8778617,32,1.5,21.8927574,0,0
1687457198.8606405,32,1.5,21.8897304,0,0
1687457199.846874,32,1.5,21.8860607,0,0
1687457200.8449738,32,1.5,21.8919239,0,0
1687457201.8237066,32,1.5,21.9072818,0,0
1687457202.8078766,32,1.5,21.8881473,0,0
1687457203.8029222,32,1.5,21.8976764,0,0
1687457204.8558364,32,1.5,21.8970203,0,0
1687457205.8408241,32,1.5,21.8979701,0,0
1687457206.82938,32,1.5,21.9072189,0,0
1687457207.8148668,32,1.5,21.9020881,0,0
1687457208.8038416,32,1.5,21.9079246,0,0
1687457209.7956975,32,1.5,21.8980426,0,0
1687457210.7767773,32,1.5,21.9029617,0,0
1687457211.7696383,32,1.5,21.9052391,0,0
1687457212.7528176,32,1.5,21.9192523,0,0
1687457213.7417848,32,1.5,21.9081001,0,0
1687457214.7319138,32,1.5,21.9079132,0,0
1687457215.716225,32,1.5,21.9057903,0,0
1687457216.6993928,32,1.5,21.9042301,0,0
1687457217.687055,32,1.5,21.9030151,0,0
1687457218.677397,32,1.5,21.905632,0,0
1687457219.664867,32,1.5,21.898323,0,0
1687457220.649631,32,1.5,21.89682,0,0
1687457221.6808298,32,1.5,21.9030876,0,0
1687457222.6708326,32,1.5,21.907463,0,0
1687457223.662866,32,1.5,21.912033,0,0
1687457224.660827,32,1.5,21.9062099,0,0
1687457225.6528442,32,1.5,21.9099254,0,0
1687457226.6383793,32,1.5,21.9112586,0,0
1687457227.6249845,32,1.5,21.9070186,0,0
1687457228.6148736,32,1.5,21.8981189,0,0
1687457229.597265,32,1.5,21.8989009,0,0
1687457230.5840077,32,1.5,21.9026546,0,0
1687457231.5708416,32,1.5,21.9163646,0,0
1687457232.5678442,32,1.5,21.9119281,0,0
1687457233.5627327,32,1.5,21.9097175,0,0
1687457234.5584984,32,1.5,21.9221401,0,0
1687457235.5468843,32,1.5,21.9188938,0,0
1687457236.5708234,32,1.5,21.9062519,0,0
1687457237.5591598,32,1.5,21.9133605,0,0
1687457238.5462496,32,1.5,21.9149284,0,0
1687457239.5441298,32,1.5,21.924467,0,0
1687457240.5328553,32,1.5,21.921318,0,0
1687457241.5218513,32,1.5,21.917284,0,0
