t,i,temp_desired,temp_tc,therm_res,therm_temp
1684263423.4438934,32,1.5,23.3927612,0,0
1684263424.7155163,32,1.5,23.395708,0,0
1684263425.7459757,32,1.5,23.3916149,0,0
1684263426.738005,32,1.5,23.4032135,0,0
1684263427.740538,32,1.5,23.4283332,0,0
1684263428.7254627,32,1.5,23.4802188,0,0
1684263429.7101743,32,1.5,23.5628147,0,0
1684263430.6905935,32,1.5,23.6737384,0,0
1684263431.6865876,32,1.5,23.7992134,0,0
1684263432.680188,32,1.5,23.9829673,0,0
1684263433.6658325,32,1.5,24.1710014,0,0
1684263434.6622117,32,1.5,24.3807048,0,0
1684263435.6526883,32,1.5,24.619297,0,0
1684263436.650593,32,1.5,24.8539886,0,0
1684263437.6479785,32,1.5,25.1165599,0,0
1684263438.6505663,32,1.5,25.3850269,0,0
1684263439.6426969,32,1.5,25.6616554,0,0
1684263440.63562,32,1.5,25.9494838,0,0
1684263441.6170473,32,1.5,26.2525806,0,0
1684263442.6128097,32,1.5,26.5510063,0,0
1684263443.610472,32,1.5,26.8533248,0,0
1684263444.6170988,32,1.5,27.1621208,0,0
1684263445.6132917,32,1.5,27.4807624,0,0
1684263446.6110878,32,1.5,27.8107128,0,0
1684263447.61002,32,1.5,28.1317329,0,0
1684263448.6097636,32,1.5,28.4583911,0,0
1684263449.6105287,32,1.5,28.8006782,0,0
1684263450.6098015,32,1.5,29.1232738,0,0
1684263451.6098518,32,1.5,29.4660663,0,0
1684263452.6116116,32,1.5,29.8173999,0,0
1684263453.608906,32,1.5,30.1613159,0,0
1684263454.6079516,32,1.4047981000000016,30.5084247,0,0
1684263455.5981271,32,1.0341217182649625,30.8732013,0,0
1684263456.5919259,32,0.6707563250000019,31.2380352,0,0
1684263457.5879087,32,0.300376925000001,31.6073055,0,0
1684263458.5821211,32,0,31.9625377,0,0
1684263459.6115625,32,0,32.3286705,0,0
1684263460.6229887,32,0,32.6552734,0,0
1684263461.6339989,32,0,32.9579887,0,0
1684263462.6304638,32,0,33.2196502,0,0
1684263463.6407063,32,0,33.4404525,0,0
1684263464.6387408,32,0,33.6316184,0,0
1684263465.6375115,32,0,33.7859725,0,0
1684263466.6414294,32,0,33.9280738,0,0
1684263467.6466866,32,0,34.0354919,0,0
1684263468.636721,32,0,34.1317901,0,0
1684263469.6447675,32,0,34.2005424,0,0
1684263470.6385455,32,0,34.2499542,0,0
1684263471.6369567,32,0,34.284832,0,0
1684263472.6461434,32,0,34.3184432,0,0
1684263473.6424694,32,0,34.3325805,0,0
1684263474.6400197,32,0,34.3362617,0,0
1684263475.6388497,32,0,34.3524322,0,0
1684263476.6311166,32,0,34.3355941,0,0
1684263477.6277966,32,0,34.3169631,0,0
1684263478.6340935,32,0,34.2980461,0,0
1684263479.6422918,32,0,34.2766456,0,0
1684263480.6397028,32,0,34.2522811,0,0
1684263481.646323,32,0,34.2158775,0,0
1684263482.6420693,32,0,34.1887245,0,0
1684263483.643251,32,0,34.1444473,0,0
1684263484.633478,32,0,34.0933341,0,0
1684263485.6363175,32,0,34.0529212,0,0
1684263486.6325796,32,0,34.0064468,0,0
1684263487.6258204,32,0,33.9487533,0,0
1684263488.616061,32,0,33.9016265,0,0
1684263489.609117,32,0,33.8524589,0,0
1684263490.608742,32,0,33.7981376,0,0
1684263491.5995288,32,0,33.7396125,0,0
1684263492.6020067,32,0,33.6822814,0,0
1684263493.6019502,32,0,33.6282997,0,0
1684263494.6114008,32,0,33.5667076,0,0
1684263495.624029,32,0,33.5011558,0,0
1684263496.628167,32,0,33.4395866,0,0
1684263497.6143732,32,0,33.388607,0,0
1684263498.590606,32,0,33.3251457,0,0
1684263499.5837376,32,0,33.2617225,0,0
1684263500.5832863,32,0,33.2023849,0,0
1684263501.592557,32,0,33.1310119,0,0
1684263502.5995557,32,0,33.066082,0,0
1684263503.5736258,32,0,33.0105133,0,0
1684263504.5697162,32,0,32.9366111,0,0
1684263505.5660338,32,0,32.8652763,0,0
1684263506.5650866,32,0,32.8096046,0,0
1684263507.578768,32,0,32.7461166,0,0
1684263508.572152,32,0,32.6751327,0,0
1684263509.562186,32,0,32.6161575,0,0
1684263510.5551212,32,0,32.5495796,0,0
1684263511.5543814,32,0,32.4992408,0,0
1684263512.5971656,32,0,32.4399375,0,0
1684263513.5772703,32,0,32.3891983,0,0
1684263514.5755703,32,0,32.3127403,0,0
1684263515.580565,32,0,32.2604064,0,0
1684263516.5791888,32,0,32.1939735,0,0
1684263517.5901117,32,0,32.1303215,0,0
1684263518.5738707,32,0,32.0737113,0,0
1684263519.5796998,32,0.025637699999998098,31.9942321,0,0
1684263520.5792289,32,0.07239152500000046,31.9409332,0,0
1684263521.5696175,32,0.12530200081702292,31.8881168,0,0
1684263522.5678585,32,0.1873070190901751,31.8275871,0,0
1684263523.5658221,32,0.2613116896395326,31.7566986,0,0
1684263524.561678,32,0.3022051499999989,31.7095756,0,0
1684263525.5524216,32,0.3676744000000012,31.6477756,0,0
1684263526.5616066,32,0.40781309024194234,31.6034488,0,0
1684263527.558018,32,0.4569711999999999,31.5551128,0,0
1684263528.5483992,32,0.48663195000000137,31.521717,0,0
1684263529.5445185,32,0.5240959832499582,31.4851779,0,0
1684263530.544761,32,0.5536532250000006,31.454113,0,0
1684263531.5445325,32,0.5624904999999991,31.4408302,0,0
1684263532.544128,32,0.582002239900898,31.4225101,0,0
1684263533.6244762,32,0.5717295040777616,31.4271869,0,0
1684263534.6227486,32,0.5607228500000003,31.4368591,0,0
1684263535.637336,32,0.5494032749999995,31.4478492,0,0
1684263536.6483893,32,0.5190391749999979,31.4743385,0,0
1684263537.6491506,32,0.5070318512319992,31.4892864,0,0
1684263538.6427953,32,0.45554057055689795,31.5332908,0,0
1684263539.633302,32,0.43109657500000154,31.5617809,0,0
1684263540.6276278,32,0.3764234749999984,31.6112174,0,0
1684263541.6307538,32,0.3433471000000017,31.6475658,0,0
1684263542.6391346,32,0.30470045000000034,31.6857528,0,0
1684263543.6415966,32,0.26075203251367157,31.7286758,0,0
1684263544.6318643,32,0.21283422385630135,31.7753257,0,0
1684263545.6148477,32,0.18796492500000106,31.8046932,0,0
1684263546.604744,32,0.14964704431055476,31.8411026,0,0
1684263547.6248837,32,0.11896240000000091,31.8730506,0,0
1684263548.6308331,32,0.09596125208511505,31.8979911,0,0
1684263549.6266508,32,0.07637970355261042,31.9184322,0,0
1684263550.6303947,32,0.0621868000000001,31.933937,0,0
1684263551.62069,32,0.04900412499999973,31.9475841,0,0
1684263552.6338189,32,0.054356649999999895,31.9460315,0,0
1684263553.66048,32,0.05464863520853872,31.9454841,0,0
1684263554.6700904,32,0.04722264999999837,31.9513187,0,0
1684263555.6687424,32,0.07364604384173289,31.9312877,0,0
1684263556.6720734,32,0.07653705939107017,31.9250469,0,0
1684263557.673189,32,0.0944813349748738,31.909378,0,0
1684263558.6431127,32,0.11297033333314015,31.891613,0,0
1684263559.6519523,32,0.13430236889850192,31.8708152,0,0
1684263560.6488285,32,0.15750773353558475,31.8482303,0,0
1684263561.654892,32,0.19818380197005098,31.8109817,0,0
1684263562.6774602,32,0.22758970788079314,31.7800331,0,0
1684263563.658515,32,0.2447710913712242,31.76025,0,0
1684263564.651046,32,0.27817112500000185,31.7295131,0,0
1684263565.6513157,32,0.3043615794703487,31.7025012,0,0
1684263566.6534195,32,0.3233624250000018,31.6818103,0,0
1684263567.6437657,32,0.33204182499999924,31.6707286,0,0
1684263568.6407738,32,0.33912040000000143,31.6628494,0,0
1684263569.6267607,32,0.35248546904011474,31.6506595,0,0
1684263570.6369846,32,0.3728291612212556,31.6318092,0,0
1684263571.633465,32,0.3721652999999998,31.6286296,0,0
1684263572.6189528,32,0.3758931499999978,31.6250114,0,0
1684263573.618243,32,0.3824248499999996,31.6190624,0,0
1684263574.6030376,32,0.38169117458679575,31.6184635,0,0
1684263575.5753148,32,0.3601983390094729,31.6354255,0,0
1684263576.5730422,32,0.3479853750000004,31.6486968,0,0
1684263577.5698693,32,0.34747657500000173,31.6517581,0,0
1684263578.5677547,32,0.3309111499999995,31.6656227,0,0
1684263579.5745308,32,0.31489336063103784,31.6812591,0,0
1684263580.5527053,32,0.31744683028447485,31.682291,0,0
1684263581.5637805,32,0.29217034166756617,31.7026557,0,0
1684263582.5638978,32,0.2697225724400258,31.7248229,0,0
1684263583.557566,32,0.2598395999999994,31.7370929,0,0
1684263584.5607834,32,0.26043145020334124,31.739067,0,0
1684263585.5442843,32,0.22859387499999873,31.7649383,0,0
1684263586.59449,32,0.23459864498565647,31.7653121,0,0
1684263587.5839677,32,0.20600957005273754,31.7881851,0,0
1684263588.5936031,32,0.1840999339883368,31.8104228,0,0
1684263589.597881,32,0.20179607500000163,31.8006477,0,0
1684263590.5723832,32,0.18905634169255542,31.8088321,0,0
1684263591.5623777,32,0.17232565000000033,31.8239059,0,0
1684263592.5513902,32,0.1731209626017295,31.8262767,0,0
1684263593.5499513,32,0.1668662999999988,31.8317623,0,0
1684263594.5613165,32,0.1661754499999999,31.8334121,0,0
1684263595.5616934,32,0.1825259179139164,31.8206214,0,0
1684263596.56159,32,0.1761884750000009,31.8231735,0,0
1684263597.5503914,32,0.1760300432927114,31.8238086,0,0
1684263598.5499754,32,0.19187214999999824,31.811264,0,0
1684263599.5309627,32,0.17992349137032324,31.8182926,0,0
1684263600.5459003,32,0.20552790000000076,31.7992362,0,0
1684263601.5336862,32,0.22062167499999852,31.7833499,0,0
1684263602.519928,32,0.232336447153919,31.7708415,0,0
1684263603.580945,32,0.24466276961406985,31.7582893,0,0
1684263604.587375,32,0.26254630936096446,31.7415714,0,0
1684263605.6458364,32,0.2744842555030591,31.7285728,0,0
1684263606.640061,32,0.27916277479647655,31.7224044,0,0
1684263607.6394324,32,0.28251002233515815,31.7184848,0,0
1684263608.6295166,32,0.29572802073120463,31.7071514,0,0
1684263609.6288168,32,0.30003813425220655,31.7013816,0,0
1684263610.6265337,32,0.30361802500000046,31.6973819,0,0
1684263611.618715,32,0.3094446030485377,31.6919384,0,0
1684263612.618443,32,0.30827622500000196,31.6917667,0,0
1684263613.5950196,32,0.3064274463413523,31.6932067,0,0
1684263614.5808809,32,0.2938674263968294,31.703516,0,0
1684263615.5881326,32,0.2965674999999983,31.7034492,0,0
1684263616.5936217,32,0.29377191280770226,31.7056789,0,0
1684263617.6005278,32,0.30247259999999887,31.6991577,0,0
1684263618.6038604,32,0.2884183000000018,31.7090969,0,0
1684263619.590635,32,0.2670149401031691,31.7281494,0,0
1684263620.6102839,32,0.2751644014780495,31.7254905,0,0
1684263621.6135042,32,0.2643277946856199,31.7336616,0,0
1684263622.6342504,32,0.26183702500000194,31.7372627,0,0
1684263623.6369565,32,0.24863673288058682,31.7486114,0,0
1684263624.6240597,32,0.2353324715731723,31.7614173,0,0
1684263625.6324027,32,0.23973182500000245,31.760498,0,0
1684263626.642965,32,0.23292875000000013,31.7657566,0,0
1684263627.654062,32,0.2238492839960386,31.7741222,0,0
1684263628.6863253,32,0.21304596403973494,31.7844181,0,0
1684263629.684932,32,0.2135903175196172,31.7860164,0,0
1684263630.6966972,32,0.22258334999999896,31.7791366,0,0
1684263631.696743,32,0.23109606910533223,31.770977,0,0
1684263632.696528,32,0.2359724179136188,31.7653999,0,0
1684263633.6878197,32,0.22588834999999818,31.7723693,0,0
1684263634.693963,32,0.22623119999999997,31.7734889,0,0
1684263635.6872556,32,0.23032097499999793,31.770441,0,0
1684263636.6734877,32,0.2229261245937297,31.7757301,0,0
1684263637.6695716,32,0.21841085939070495,31.7804031,0,0
1684263638.6734145,32,0.22398277339890488,31.776884,0,0
1684263639.6749084,32,0.2340283749999994,31.7681541,0,0
1684263640.6533072,32,0.22827066903543886,31.7710056,0,0
1684263641.6822894,32,0.22624304558678918,31.77322,0,0
1684263642.67765,32,0.23700790365817384,31.7650642,0,0
1684263643.6844246,32,0.24244117499999973,31.7590599,0,0
1684263644.681294,32,0.2376714749999982,31.7616748,0,0
1684263645.6686451,32,0.25598719999999897,31.7475452,0,0
1684263646.6506593,32,0.24526371472061967,31.7532806,0,0
1684263647.6595123,32,0.24457858556918008,31.7549877,0,0
1684263648.658367,32,0.26759071220547664,31.7368679,0,0
1684263649.654137,32,0.256277599999998,31.7423515,0,0
1684263650.6563597,32,0.2589526250000018,31.7413082,0,0
1684263651.6379511,32,0.2671497162598638,31.7345638,0,0
1684263652.6232052,32,0.2792085187820969,31.7235794,0,0
1684263653.6137679,32,0.28466210640517453,31.7170295,0,0
1684263654.6102173,32,0.27224451437069186,31.7256374,0,0
1684263655.6036658,32,0.27515172499999796,31.7250061,0,0
1684263656.6232514,32,0.2851672749999983,31.7168674,0,0
1684263657.6097848,32,0.2823338499999988,31.7175064,0,0
1684263658.603115,32,0.27264605426769656,31.7253589,0,0
1684263659.6028888,32,0.2711649749999987,31.7281398,0,0
1684263660.6463003,32,0.26475766943681783,31.7338733,0,0
1684263661.675391,32,0.24829595033933866,31.7482242,0,0
1684263662.6727211,32,0.2532230499999981,31.7470664,0,0
1684263663.687415,32,0.24326290511778856,31.7548274,0,0
1684263664.6817243,32,0.23359735000000015,31.7640876,0,0
1684263665.6761656,32,0.24868292052800653,31.7539043,0,0
1684263666.6735716,32,0.2443552000000011,31.7552967,0,0
1684263667.6655924,32,0.2556849250000006,31.7465114,0,0
1684263668.6511593,32,0.2298612601653222,31.7652931,0,0
1684263669.650794,32,0.23718890000000048,31.7633075,0,0
1684263670.6548939,32,0.23336649999999892,31.7659683,0,0
1684263671.6637683,32,0.23481360452758457,31.7653408,0,0
1684263672.6691353,32,0.23803955418710432,31.7626285,0,0
1684263673.646687,32,0.2459136878174874,31.7558155,0,0
1684263674.6500828,32,0.23671453617912333,31.7617721,0,0
1684263675.641973,32,0.24805790000000005,31.7539081,0,0
1684263676.6396751,32,0.24195527500000225,31.7572174,0,0
1684263677.6400394,32,0.23928747500000025,31.7600135,0,0
1684263678.6394637,32,0.23343147106581466,31.7652416,0,0
1684263679.6328764,32,0.2334876500000007,31.7662582,0,0
1684263680.624804,32,0.24319992499999987,31.7586917,0,0
1684263681.6364567,32,0.24473904999999974,31.7559471,0,0
1684263682.648075,32,0.25024465000000173,31.7509937,0,0
1684263683.6369889,32,0.2374486866997989,31.7602672,0,0
1684263684.6280432,32,0.22670662182706094,31.7706565,0,0
1684263685.6280627,32,0.240184375000001,31.7619838,0,0
1684263686.631316,32,0.2348714499999991,31.7644996,0,0
1684263687.6334555,32,0.24236202500000026,31.7590103,0,0
1684263688.6298833,32,0.24052719999999983,31.7593803,0,0
1684263689.6371214,32,0.24240069999999836,31.7579555,0,0
1684263690.6308439,32,0.23961500000000235,31.7598991,0,0
1684263691.6251428,32,0.253233025000001,31.7493934,0,0
1684263692.6359825,32,0.2490614305419117,31.7506332,0,0
1684263693.6457057,32,0.24409542499999848,31.7548503,0,0
1684263694.6415281,32,0.24051957499999865,31.7585544,0,0
1684263695.6326966,32,0.24598450710672268,31.7549343,0,0
1684263696.6245522,32,0.24318945000000003,31.7564353,0,0
1684263697.6255043,32,0.23197982499999892,31.7657032,0,0
1684263698.6287131,32,0.2367859249999995,31.7637119,0,0
1684263699.62634,32,0.24398184999999906,31.7575569,0,0
1684263700.6320076,32,0.23282286847315223,31.7652759,0,0
1684263701.6252673,32,0.23818409752319095,31.7625255,0,0
1684263702.638134,32,0.24178575334660055,31.7590656,0,0
1684263703.646356,32,0.25516396748732284,31.7476482,0,0
1684263704.648533,32,0.23586755000000004,31.7608356,0,0
1684263705.6593702,32,0.27132316752075775,31.7350273,0,0
1684263706.6436841,32,0.25868908170753746,31.7400379,0,0
1684263707.6188643,32,0.2753558421323925,31.7277603,0,0
1684263708.623067,32,0.26373638658566717,31.7345409,0,0
1684263709.6247258,32,0.27734728858307117,31.7250003,0,0
1684263710.6400738,32,0.26588098177362995,31.7323169,0,0
1684263711.636508,32,0.26548009999999866,31.7340793,0,0
1684263712.6324568,32,0.2699685599586846,31.7308616,0,0
1684263713.6820037,32,0.2722981951036245,31.7283039,0,0
1684263714.6817653,32,0.2770582250000011,31.7240142,0,0
1684263715.6981943,32,0.27816989921267005,31.7222614,0,0
1684263716.6920538,32,0.2710557250000001,31.7276077,0,0
1684263717.6930382,32,0.2606382999999983,31.7370109,0,0
1684263718.6969748,32,0.2685108500000002,31.7325935,0,0
1684263719.6891112,32,0.2587376250000002,31.7395286,0,0
1684263720.6888115,32,0.26898052499999814,31.7327213,0,0
1684263721.69603,32,0.2508755750000011,31.7458438,0,0
1684263722.7115598,32,0.25555365964558996,31.7447223,0,0
1684263723.6937566,32,0.25621469999999924,31.7439727,0,0
1684263724.69137,32,0.239575471543717,31.7570915,0,0
1684263725.7049701,32,0.2394633749999997,31.7598476,0,0
1684263726.7154055,32,0.2394059161978588,31.7604484,0,0
1684263727.7132404,32,0.22539900152382034,31.7717361,0,0
1684263728.7132614,32,0.22709327499999965,31.7726726,0,0
1684263729.7101514,32,0.22607089999999808,31.7736778,0,0
1684263730.7188976,32,0.2185275566497394,31.779932,0,0
1684263731.7181027,32,0.22762983604008652,31.7739009,0,0
1684263732.715534,32,0.23048958472935277,31.7703781,0,0
1684263733.741816,32,0.23097425216527814,31.7692928,0,0
1684263734.7718816,32,0.22991337759456096,31.7699317,0,0
1684263735.754941,32,0.24134391269065847,31.7609386,0,0
1684263736.785816,32,0.24577449950721816,31.7555522,0,0
1684263737.7902071,32,0.2598295753942112,31.7432079,0,0
1684263738.7912989,32,0.24468522499999867,31.7528934,0,0
1684263739.7674458,32,0.2603603117881523,31.7423248,0,0
1684263740.7497442,32,0.2578833319797025,31.7421588,0,0
1684263741.7588258,32,0.2627358250000018,31.7382431,0,0
1684263742.7866066,32,0.2504418177342764,31.747322,0,0
1684263743.7918143,32,0.2545912051181755,31.7457866,0,0
1684263744.789924,32,0.2556325679802588,31.7446479,0,0
1684263745.7864492,32,0.2661279451779546,31.7360534,0,0
1684263746.7991557,32,0.2617793500000003,31.7377872,0,0
1684263747.8056033,32,0.26383873004922137,31.7364826,0,0
1684263748.7927308,32,0.2653532750000016,31.7350139,0,0
1684263749.781647,32,0.26974505025393636,31.7312183,0,0
1684263750.778885,32,0.25214815752090985,31.744482,0,0
1684263751.7800405,32,0.25785687500000165,31.7426109,0,0
1684263752.828028,32,0.2657715489180333,31.7358245,0,0
1684263753.8310316,32,0.26519349999999964,31.7350101,0,0
1684263754.836362,32,0.2614756500000013,31.7378215,0,0
1684263755.8809175,32,0.2569259596941599,31.7420616,0,0
1684263756.872091,32,0.26500668678836775,31.7364253,0,0
1684263757.8625078,32,0.2480535750000019,31.7488422,0,0
1684263758.8696525,32,0.2500039249999997,31.7497653,0,0
1684263759.8758283,32,0.24613727106285413,31.7530536,0,0
1684263760.8886185,32,0.24630218472908244,31.7535705,0,0
1684263761.8643942,32,0.23112904111634036,31.7657737,0,0
1684263762.8660371,32,0.22385367107410917,31.7740173,0,0
1684263763.8574646,32,0.2253100751968901,31.7745571,0,0
1684263764.8653438,32,0.22849952499999837,31.7721118,0,0
1684263765.8701968,32,0.22005220826745722,31.7784004,0,0
1684263766.8575668,32,0.23963481097497177,31.764019,0,0
1684263767.8489761,32,0.2404898654474288,31.7604236,0,0
1684263768.8481548,32,0.24924189999999857,31.7526912,0,0
1684263769.8486912,32,0.2508159249999986,31.7498855,0,0
1684263770.8565054,32,0.2542152499999988,31.7466049,0,0
1684263771.8565211,32,0.2511468285434346,31.7484092,0,0
1684263772.867666,32,0.2502431828739723,31.7494907,0,0
1684263773.874245,32,0.25606342865834236,31.7450618,0,0
1684263774.8786037,32,0.2513446789368891,31.7479457,0,0
1684263775.8807294,32,0.26023405172392966,31.7413825,0,0
1684263776.8840475,32,0.24609585380676924,31.7513694,0,0
1684263777.8803983,32,0.25818632479640996,31.7437496,0,0
1684263778.8988934,32,0.26495140866170536,31.7367668,0,0
1684263779.910971,32,0.25534877546065854,31.7431125,0,0
1684263780.922531,32,0.263434499999998,31.7378749,0,0
1684263781.926333,32,0.25704752709372314,31.741949,0,0
1684263782.9250307,32,0.2483234999999997,31.749731,0,0
1684263783.9122376,32,0.24976672487308368,31.7501316,0,0
1684263784.9125419,32,0.24817802499999964,31.7514839,0,0
1684263785.916385,32,0.2447133500000005,31.7545261,0,0
1684263786.9250007,32,0.2499286940885547,31.7509517,0,0
1684263787.930123,32,0.24169779999999985,31.7568321,0,0
1684263788.9067955,32,0.24223293604058424,31.7575778,0,0
1684263789.899262,32,0.232104604128057,31.7657794,0,0
1684263790.8960106,32,0.23951440689641695,31.7615318,0,0
1684263791.9349387,32,0.2345034366634013,31.7647228,0,0
1684263792.9470885,32,0.2464143864176962,31.7557849,0,0
1684263793.953333,32,0.23890313346487035,31.7600479,0,0
1684263794.9370263,32,0.24188963048792245,31.7585029,0,0
1684263795.9266882,32,0.2505505717476471,31.7512836,0,0
1684263796.9318442,32,0.23941327499999954,31.7587261,0,0
1684263797.9430118,32,0.24348889999999823,31.7569541,0,0
1684263798.9512873,32,0.2425411746124157,31.7573604,0,0
1684263799.935648,32,0.25208337809941944,31.749855,0,0
1684263800.9290974,32,0.25169460393705767,31.7486114,0,0
1684263801.9430647,32,0.2563667250000021,31.7446289,0,0
1684263802.9643538,32,0.24597615885880356,31.7521686,0,0
1684263803.971093,32,0.24663569458120266,31.753128,0,0
1684263804.9812071,32,0.24794487500000084,31.7522697,0,0
1684263805.9743118,32,0.2577986749999992,31.744215,0,0
1684263806.973463,32,0.24186248897717602,31.7553882,0,0
1684263807.9571753,32,0.2537608415891866,31.7481155,0,0
1684263808.9737175,32,0.24564238952468695,31.7531394,0,0
1684263809.9824505,32,0.24135547499999888,31.7575435,0,0
1684263811.0099285,32,0.25777173563043076,31.7452526,0,0
1684263812.0018816,32,0.2438184000000021,31.7539958,0,0
1684263813.003784,32,0.23774718495963937,31.76058,0,0
1684263814.0068111,32,0.25899664645734505,31.7448692,0,0
1684263815.0154166,32,0.25488839359606613,31.7450637,0,0
1684263816.001342,32,0.25109563807096413,31.7481269,0,0
1684263817.0034885,32,0.25663909999999923,31.7443141,0,0
1684263818.00547,32,0.24382630689685353,31.7538299,0,0
1684263819.0100536,32,0.2483893385787408,31.7520599,0,0
1684263820.022163,32,0.25690190837415633,31.7448692,0,0
1684263821.0045938,32,0.23823286548178293,31.7583465,0,0
1684263822.0099354,32,0.24983124999999973,31.7518043,0,0
1684263823.0114374,32,0.24607382500000163,31.7535018,0,0
1684263824.0006528,32,0.2360339499999995,31.7618732,0,0
1684263825.0038667,32,0.23888017500000203,31.7612705,0,0
1684263826.0033667,32,0.22699462500000145,31.7706584,0,0
1684263827.019352,32,0.24107033103418363,31.7612476,0,0
1684263828.018361,32,0.2339316500000006,31.7651042,0,0
1684263829.0296462,32,0.23160407539358943,31.7677459,0,0
1684263830.0461974,32,0.23565339802947208,31.7650184,0,0
1684263831.0684228,32,0.23133337677153076,31.7679462,0,0
1684263832.0648386,32,0.2356276750000017,31.7650871,0,0
1684263833.052254,32,0.24067789999999878,31.7604751,0,0
1684263834.0606103,32,0.23472315000000066,31.7643165,0,0
1684263835.101579,32,0.2475740561016805,31.754774,0,0
1684263836.1179333,32,0.246324671728792,31.7538871,0,0
1684263837.138524,32,0.2316789384240108,31.7654685,0,0
1684263838.1720762,32,0.2602395920467575,31.7447776,0,0
1684263839.1741736,32,0.2465415249999987,31.7517223,0,0
1684263840.2023244,32,0.24257651370543026,31.7562694,0,0
1684263841.2102475,32,0.24555940716323799,31.7547931,0,0
1684263842.2261825,32,0.2581433009860644,31.7444133,0,0
1684263843.2337477,32,0.25933695000000156,31.7414131,0,0
1684263844.2303894,32,0.25857264999999874,31.7414245,0,0
1684263845.238341,32,0.2584804253937055,31.7415008,0,0
1684263846.2637432,32,0.2428606110231023,31.7540512,0,0
1684263847.2792947,32,0.24213574384089936,31.7571201,0,0
1684263848.2994776,32,0.26772811428508314,31.7371826,0,0
1684263849.3140202,32,0.25020027500000097,31.7472763,0,0
1684263850.3288574,32,0.2427201248064327,31.7553291,0,0
1684263851.3386006,32,0.24973663300525537,31.7512645,0,0
1684263852.3384514,32,0.24224812500000148,31.7564544,0,0
1684263853.358596,32,0.2507659120074624,31.7506599,0,0
1684263854.3557837,32,0.2519019040651948,31.7486171,0,0
1684263855.3511384,32,0.25531915000000005,31.7454681,0,0
1684263856.3613594,32,0.24893720177197426,31.749958,0,0
1684263857.4145432,32,0.2450612474687627,31.7539787,0,0
1684263858.4508176,32,0.2527269262652091,31.7485656,0,0
1684263859.47715,32,0.24207340863232288,31.7560997,0,0
1684263860.4792256,32,0.2557786786592578,31.7466278,0,0
1684263861.4795625,32,0.24132732499999765,31.7562637,0,0
1684263862.4970605,32,0.24066558701557386,31.7587356,0,0
1684263863.5065122,32,0.24940402499999959,31.7522239,0,0
1684263864.5092475,32,0.2475948499999996,31.7523689,0,0
1684263865.5097933,32,0.2506216098521394,31.7499694,0,0
1684263866.5089753,32,0.2465616000000006,31.7527446,0,0
1684263867.5301151,32,0.2259789000000021,31.7697658,0,0
1684263868.538623,32,0.23283397148401636,31.7676734,0,0
1684263869.558638,32,0.22278985000000162,31.7753028,0,0
1684263870.5942485,32,0.2289028494748524,31.7719078,0,0
1684263871.584034,32,0.23552489390811876,31.7659797,0,0
1684263872.5816574,32,0.2473169249999998,31.7553424,0,0
1684263873.5789912,32,0.24297672499999923,31.7566871,0,0
1684263874.5836153,32,0.24910124088707689,31.7520427,0,0
1684263875.579949,32,0.25639429340043485,31.7453136,0,0
1684263876.5865011,32,0.24992515000000015,31.7491226,0,0
1684263877.5761337,32,0.2338591499999998,31.7627372,0,0
1684263878.5733554,32,0.2485566749999979,31.7537021,0,0
1684263879.5733254,32,0.2608098152447843,31.7421302,0,0
1684263880.6200666,32,0.25150431096018083,31.7472534,0,0
1684263881.6319706,32,0.247199838178425,31.7517185,0,0
1684263882.7159016,32,0.24703147996293848,31.7527332,0,0
1684263883.7263286,32,0.25001951477850404,31.7505245,0,0
1684263884.7291815,32,0.25086348956684884,31.7494106,0,0
1684263885.752168,32,0.25121652500000025,31.7489089,0,0
1684263886.7673445,32,0.2469389688975006,31.7522411,0,0
1684263887.7766988,32,0.253994166009693,31.7472381,0,0
1684263888.7774386,32,0.2540326499999992,31.7462215,0,0
1684263889.774656,32,0.26334149999999834,31.7385711,0,0
1684263890.784677,32,0.2524664673225349,31.7457637,0,0
1684263891.7835615,32,0.25478230000000224,31.7453269,0,0
1684263892.7710395,32,0.2511090471545974,31.7481689,0,0
1684263893.7609491,32,0.23322322334975346,31.76301,0,0
1684263894.7605033,32,0.2297754999999997,31.7687816,0,0
1684263895.77046,32,0.2237826926110262,31.7747478,0,0
1684263896.7823865,32,0.22210982499999954,31.7772617,0,0
1684263897.8208942,32,0.23361414670529493,31.7684822,0,0
1684263898.822117,32,0.2224555576776852,31.7757549,0,0
1684263899.8221846,32,0.2250631266260652,31.7751026,0,0
1684263900.8573573,32,0.21216089173301303,31.785324,0,0
1684263901.8624797,32,0.2360732971873641,31.7681026,0,0
1684263902.8713312,32,0.22812564999999996,31.77112,0,0
1684263903.921135,32,0.23053890169493954,31.7697772,0,0
1684263904.9220781,32,0.21467542500000203,31.7822151,0,0
1684263905.927548,32,0.2188768999999997,31.7813415,0,0
1684263906.9279497,32,0.2227059618111605,31.7780933,0,0
1684263907.9278455,32,0.22529844430882226,31.7753887,0,0
1684263908.955972,32,0.24327744360421702,31.7603626,0,0
1684263909.9503882,32,0.24878077500000195,31.7530479,0,0
1684263910.9577637,32,0.23338609999999882,31.7639007,0,0
1684263911.9876788,32,0.23580218078815648,31.7641391,0,0
1684263913.0070033,32,0.23809992790692658,31.7623367,0,0
1684263914.0166805,32,0.2424081093594861,31.7585296,0,0
1684263915.0200489,32,0.25495290000000015,31.7477436,0,0
1684263916.0158358,32,0.26037702500000126,31.7412471,0,0
1684263917.0260255,32,0.27179369685082894,31.7307815,0,0
1684263918.0487227,32,0.26867724999999965,31.7312145,0,0
1684263919.069364,32,0.2666502929194801,31.732933,0,0
1684263920.051218,32,0.25896787174825153,31.7393913,0,0
1684263921.0354705,32,0.26695321472098427,31.7343311,0,0
1684263922.0515285,32,0.2513680438427294,31.7458057,0,0
1684263923.0619643,32,0.2546649379921407,31.745428,0,0
1684263924.0876744,32,0.2521334547245474,31.747385,0,0
1684263925.1235816,32,0.2628100702231639,31.7391796,0,0
1684263926.133757,32,0.2509878863238831,31.7470932,0,0
1684263927.124609,32,0.24909974010141908,31.7501296,0,0
1684263928.1431496,32,0.2376162266012946,31.759962,0,0
1684263929.1369932,32,0.23332175,31.765335,0,0
1684263930.1503959,32,0.23088837499999926,31.7683563,0,0
1684263931.1418056,32,0.23056041065986882,31.7692203,0,0
1684263932.12653,32,0.2286172000000013,31.7709503,0,0
1684263933.1432643,32,0.22902365221674703,31.7709712,0,0
1684263934.1531265,32,0.23069055000000205,31.7696418,0,0
1684263935.1719306,32,0.22744321057223804,31.7719879,0,0
1684263936.1980982,32,0.22418805728333507,31.7750568,0,0
1684263937.2112496,32,0.2316285041707612,31.7696762,0,0
1684263938.2045817,32,0.22588294060944145,31.7732181,0,0
1684263939.188483,32,0.23280003272394179,31.7684192,0,0
1684263940.2020345,32,0.22909004468518124,31.7704181,0,0
1684263941.2306063,32,0.2421159445199828,31.7603302,0,0
1684263942.2352078,32,0.2359720499999991,31.7632884,0,0
1684263943.226977,32,0.23278722500000004,31.7664279,0,0
1684263944.2174058,32,0.2395183747971071,31.7616863,0,0
1684263945.2272553,32,0.24484478121782402,31.7564773,0,0
1684263946.2479405,32,0.23940909169038369,31.759798,0,0
1684263947.263387,32,0.25217774999999953,31.7502174,0,0
1684263948.2526271,32,0.2543149749999989,31.7465915,0,0
1684263949.2900975,32,0.2485905235693114,31.7504692,0,0
1684263950.2967799,32,0.2683007827581436,31.7354087,0,0
1684263951.3125596,32,0.26379506574800476,31.7360477,0,0
1684263952.3269227,32,0.25431961003991954,31.7437782,0,0
1684263953.3514607,32,0.2718325231537272,31.7312526,0,0
1684263954.3342216,32,0.26553564771595617,31.7338142,0,0
1684263955.3485632,32,0.2640734250000003,31.7355041,0,0
1684263956.3618953,32,0.25661855761390395,31.7418441,0,0
1684263957.3913453,32,0.2558314940944095,31.7437095,0,0
1684263958.4036884,32,0.26113208360818624,31.7398128,0,0
1684263959.4035242,32,0.2519087404474475,31.7464141,0,0
1684263960.4000075,32,0.2569737750000014,31.7437038,0,0
1684263961.3905013,32,0.2446589500000007,31.7530136,0,0
1684263962.4205675,32,0.23953560203679952,31.7590103,0,0
1684263963.4201849,32,0.23143157500000022,31.7666568,0,0
1684263964.4293003,32,0.22983369999999947,31.7694644,0,0
1684263965.4301555,32,0.23423585000000013,31.7665042,0,0
1684263966.4454396,32,0.226641456692685,31.772005,0,0
1684263967.4439554,32,0.23807524999999963,31.7639408,0,0
1684263968.4692612,32,0.23109436207561637,31.7679367,0,0
1684263969.4850469,32,0.23262604999999947,31.7674865,0,0
1684263970.4780922,32,0.22760799921288088,31.7714233,0,0
1684263971.4683464,32,0.24381333943181838,31.7592735,0,0
1684263972.4885778,32,0.2440633320864222,31.7565956,0,0
1684263973.518624,32,0.25176797480342783,31.7498836,0,0
1684263974.5375438,32,0.21415161057198046,31.7788295,0,0
1684263975.5639322,32,0.24372430038814652,31.7606773,0,0
1684263976.5712647,32,0.23616132499999853,31.7632064,0,0
1684263977.6010702,32,0.24706446168776028,31.75494,0,0
1684263978.597034,32,0.24513637499999863,31.7548789,0,0
1684263979.6271753,32,0.25113221414714937,31.75004,0,0
1684263980.633851,32,0.24959524999999783,31.7503318,0,0
1684263981.6362915,32,0.2578005749999992,31.7438259,0,0
1684263982.6535616,32,0.24743338620711683,31.7508392,0,0
1684263983.6734433,32,0.2524430674103073,31.7481975,0,0
1684263984.6898646,32,0.25174069527558796,31.7482471,0,0
1684263985.70568,32,0.2463174486223602,31.7526092,0,0
1684263986.7213423,32,0.23931561329996417,31.7590885,0,0
1684263987.7318876,32,0.23372799999999838,31.7648353,0,0
1684263988.749368,32,0.2346513220472755,31.7652473,0,0
1684263989.776217,32,0.2524009289041143,31.7510433,0,0
1684263990.7820382,32,0.24290332598404835,31.7559013,0,0
1684263991.8016438,32,0.24747905418710792,31.753189,0,0
1684263992.7874053,32,0.22787812499999927,31.7683353,0,0
1684263993.7739732,32,0.22109686142103818,31.7767639,0,0
1684263994.7544086,32,0.23701369339513403,31.7658119,0,0
1684263995.7708313,32,0.22481585000000148,31.7733097,0,0
1684263996.8261585,32,0.23071766326515603,31.7700405,0,0
1684263997.8164122,32,0.22864875121943232,31.7710857,0,0
1684263998.806975,32,0.24059177743861368,31.761774,0,0
1684263999.8223264,32,0.238370917125988,31.7616577,0,0
1684264000.8633528,32,0.24131891658586266,31.759262,0,0
1684264001.888755,32,0.24020631671444823,31.7596912,0,0
1684264002.891412,32,0.24993678477183212,31.7520122,0,0
1684264003.8925505,32,0.2451494640394809,31.7542896,0,0
1684264004.9126794,32,0.23313774901532872,31.7643795,0,0
1684264005.932203,32,0.24415208374362624,31.757534,0,0
1684264006.9628608,32,0.24784928197662107,31.7532005,0,0
1684264007.9674304,32,0.2522688749999995,31.748825,0,0
1684264008.9579253,32,0.2576479999999979,31.7436466,0,0
1684264009.9647863,32,0.2629981500000005,31.7383308,0,0
1684264010.984621,32,0.2518540463047785,31.7462062,0,0
1684264012.0021496,32,0.25383168856589244,31.7461757,0,0
1684264013.0201304,32,0.260166499014618,31.7410869,0,0
1684264014.0319004,32,0.25704973740151416,31.7425823,0,0
1684264015.0495472,32,0.23438796995132127,31.7610607,0,0
1684264016.045843,32,0.24361230000000234,31.7573223,0,0
1684264017.0427077,32,0.2583656999999997,31.7447719,0,0
1684264018.0855684,32,0.24549458953510847,31.7526073,0,0
1684264019.0953517,32,0.25333084679841794,31.7478427,0,0
1684264020.1290822,32,0.2524273647286767,31.7476253,0,0
1684264021.1282463,32,0.24154095000000186,31.7562923,0,0
1684264022.142635,32,0.2483354500000008,31.7525901,0,0
1684264023.1422796,32,0.2450779379310916,31.7544612,0,0
1684264024.1634657,32,0.23320850826730713,31.7643566,0,0
1684264025.1744978,32,0.24666148768444907,31.755516,0,0
1684264026.1609714,32,0.234229487816986,31.7636947,0,0
1684264027.1715527,32,0.23944785911321814,31.7611732,0,0
1684264028.1877668,32,0.22582637559011914,31.7716064,0,0
1684264029.2019353,32,0.23843822500000122,31.7635707,0,0
1684264030.2172744,32,0.2339978572836025,31.765522,0,0
1684264031.209835,32,0.24455125000000155,31.7574634,0,0
1684264032.2030306,32,0.22694872500000063,31.7699337,0,0
1684264033.219109,32,0.2269787999999977,31.7724037,0,0
1684264034.2362483,32,0.23031224364696487,31.7702178,0,0
1684264035.25947,32,0.23225152303157942,31.7682361,0,0
1684264036.3056593,32,0.2334228047800885,31.7668972,0,0
1684264037.2881887,32,0.23617605000000186,31.7644386,0,0
1684264038.3028631,32,0.24558859350427126,31.7563915,0,0
1684264039.3193052,32,0.2477236249999999,31.7530994,0,0
1684264040.3280385,32,0.26091831023541784,31.7418498,0,0
1684264041.3292596,32,0.2512350345524254,31.747364,0,0
1684264042.3353994,32,0.2528143116141651,31.7472209,0,0
1684264043.340972,32,0.23677159999999997,31.7600269,0,0
1684264044.3480875,32,0.23352159999957783,31.7652034,0,0
1684264045.420987,32,0.25702236735621165,31.7472095,0,0
1684264046.4317245,32,0.25163754285717194,31.7481346,0,0
1684264047.4937646,32,0.2619039828784985,31.7400074,0,0
1684264048.5110705,32,0.25465576265757417,31.7443027,0,0
1684264049.5695238,32,0.24313906962701734,31.7544403,0,0
1684264050.575583,32,0.2609392324794352,31.7420978,0,0
1684264051.6638978,32,0.2562808820036386,31.7434139,0,0
1684264052.6769884,32,0.26273100886683937,31.7384834,0,0
1684264053.6791432,32,0.2435637249999978,31.7528457,0,0
1684264054.6802244,32,0.2612185500000015,31.7415943,0,0
1684264055.701926,32,0.24861069825604168,31.7494792,0,0
1684264056.7063377,32,0.2524304250000009,31.7479515,0,0
1684264057.7319865,32,0.25351527684738817,31.7467746,0,0
1684264058.7273285,32,0.2496960511813026,31.749607,0,0
1684264059.7322378,32,0.25721473760203856,31.7441673,0,0
1684264060.7447538,32,0.25384822007885455,31.7457599,0,0
1684264061.7972019,32,0.24896873027677566,31.7500152,0,0
1684264062.7830513,32,0.2354079250000014,31.7616767,0,0
1684264063.8041706,32,0.24391422610823357,31.7571907,0,0
1684264064.7805412,32,0.22250351776595487,31.773386,0,0
1684264065.78647,32,0.23508750000000056,31.7666072,0,0
1684264066.8139236,32,0.21565921251198814,31.7808799,0,0
1684264067.8450513,32,0.2247176102813243,31.7763748,0,0
1684264068.8624797,32,0.21260938011873912,31.7852153,0,0
1684264069.8622212,32,0.20531945000000107,31.7927875,0,0
1684264070.8636324,32,0.22508912500000022,31.7784862,0,0
1684264071.8658388,32,0.21329554999999978,31.7850608,0,0
1684264072.9287343,32,0.2228329431262912,31.7786712,0,0
1684264073.9634101,32,0.23504992674386627,31.7676258,0,0
1684264075.0011458,32,0.23485274594088035,31.765625,0,0
1684264076.004741,32,0.23758649999999992,31.7630558,0,0
1684264077.0703804,32,0.24237331035789675,31.7586612,0,0
1684264078.0859494,32,0.23791162834665386,31.7614116,0,0
1684264079.1445765,32,0.2258547111109239,31.7717189,0,0
1684264080.1516278,32,0.223644125787249,31.7754402,0,0
1684264081.1464634,32,0.2347710245931349,31.7672977,0,0
1684264082.1501067,32,0.23345566968506298,31.7666931,0,0
1684264083.1532934,32,0.236320525,31.7642822,0,0
1684264084.180813,32,0.2339658684729514,31.7656879,0,0
1684264085.1789715,32,0.2541581000000015,31.7498111,0,0
1684264086.2066245,32,0.24039377403123446,31.7576961,0,0
1684264087.2229412,32,0.24757165911364426,31.7534694,0,0
1684264088.2346308,32,0.2478757249999222,31.7523899,0,0
1684264089.2851226,32,0.24604131222534553,31.7536563,0,0
1684264090.326527,32,0.24600002919495503,31.7539329,0,0
1684264091.3544931,32,0.23731067765083913,31.7610015,0,0
1684264092.364156,32,0.24784375000000125,31.7539253,0,0
1684264093.385479,32,0.24432814161007127,31.755331,0,0
1684264094.4317374,32,0.2525250959263452,31.7490081,0,0
1684264095.4716763,32,0.24965922320911732,31.7500839,0,0
1684264096.4827108,32,0.24690012913403295,31.7525043,0,0
1684264097.5152066,32,0.25435004330731237,31.7470035,0,0
1684264098.5942643,32,0.2323639627094865,31.7637519,0,0
1684264099.6126888,32,0.23344692201743877,31.7660064,0,0
1684264100.657089,32,0.23742674785113463,31.763235,0,0
1684264101.680704,32,0.23269768226611245,31.7664985,0,0
1684264102.6990843,32,0.24289644114204728,31.7589588,0,0
1684264103.7047875,32,0.22366771752067882,31.7729015,0,0
1684264104.7213087,32,0.21686732955598317,31.7811107,0,0
1684264105.7633915,32,0.23157501298419975,31.7708988,0,0
1684264106.7922788,32,0.2379881840931828,31.7637462,0,0
1684264107.8348234,32,0.24644212521442557,31.7555217,0,0
1684264108.8313777,32,0.24023917500000014,31.758913,0,0
1684264109.8215,32,0.24361532052860718,31.7568969,0,0
1684264110.8084898,32,0.24454784999999823,31.7557411,0,0
1684264111.8080695,32,0.23938564999999912,31.7596397,0,0
1684264112.8491333,32,0.25857733763350904,31.7449779,0,0
1684264113.8602176,32,0.23432362303267876,31.761589,0,0
1684264114.9490502,32,0.2436598482632156,31.7573165,0,0
1684264115.9554183,32,0.2420087500000001,31.7578563,0,0
1684264116.9770083,32,0.24619854335599528,31.7545928,0,0
1684264118.000851,32,0.2516125937009927,31.7496128,0,0
1684264119.0315824,32,0.2585480078815677,31.7430648,0,0
1684264120.0365405,32,0.262976611811226,31.7382164,0,0
1684264121.0398464,32,0.25491009999999914,31.7437152,0,0
1684264122.0217874,32,0.2582174396340786,31.7421741,0,0
1684264123.0262005,32,0.2569032750000009,31.7429122,0,0
1684264124.0397604,32,0.2619752999999978,31.7390022,0,0
1684264125.0946915,32,0.2507672723557624,31.7473068,0,0
1684264126.1545253,32,0.2568678730008804,31.743927,0,0
1684264127.1439767,32,0.24926794146365408,31.7493534,0,0
1684264128.1493237,32,0.26400760000000023,31.7386646,0,0
1684264129.1751194,32,0.25978080523762304,31.7399158,0,0
1684264130.2005265,32,0.25417337559035424,31.7446594,0,0
1684264131.2147875,32,0.252488611023787,31.7469482,0,0
1684264132.2203383,32,0.24813350492578554,31.7508945,0,0
1684264133.2275882,32,0.2639685000000016,31.7390041,0,0
1684264134.2599685,32,0.2526390488374042,31.7457313,0,0
1684264135.3017814,32,0.23766243001939616,31.7591342,0,0
1684264136.33919,32,0.24378483449605481,31.7567844,0,0
1684264137.342047,32,0.23293497499999827,31.7650089,0,0
1684264138.3784182,32,0.23156513705812617,31.7677745,0,0
1684264139.4077365,32,0.23494131939866533,31.7655887,0,0
1684264140.453775,32,0.24106106915621017,31.7602367,0,0
1684264141.4845536,32,0.24961133304633937,31.7522869,0,0
1684264142.5069942,32,0.2429051659447206,31.7561454,0,0
1684264143.5131316,32,0.22428835270985636,31.7718448,0,0
1684264144.5524743,32,0.2264251666343216,31.7732372,0,0
1684264145.5554588,32,0.22876792500000143,31.7716331,0,0
1684264146.695916,32,0.22474153405365552,31.7746143,0,0
1684264147.7060134,32,0.2149668250000003,31.7829494,0,0
1684264148.776282,32,0.21889567721283187,31.7814559,0,0
1684264149.7776504,32,0.20359234094438514,31.7934551,0,0
1684264150.8472693,32,0.21286696101704244,31.7883377,0,0
1684264151.8773706,32,0.20729554961250626,31.7918529,0,0
1684264152.925281,32,0.22565610955993942,31.7777214,0,0
