t,i,temp_desired,temp_tc
1681163615.548848,25,1.3637832105119947,22.3324012
1681163616.5278957,25,1.2929610394579978,22.5682983
1681163617.5210032,25,1.2762787054579974,22.6939067
1681163618.5082629,25,1.283834023073973,22.7666988
1681163619.4948838,25,1.2968039667139988,22.8263988
1681163620.4947522,25,1.3136146790979768,22.8763637
1681163621.4733477,25,1.310041093097976,22.9649143
1681163622.453962,25,1.2986523977059785,23.0627784
1681163623.4438462,25,1.2763760257059786,23.1801261
1681163624.4302819,25,1.2260539242179904,23.3458766
1681163625.4169862,25,1.1774399924879801,23.5021209
1681163626.4568312,25,1.113217433355989,23.6855621
1681163627.4430616,25,1.0375425235059814,23.8810005
1681163628.4254253,25,0.9551156134419869,24.0819873
1681163629.4059443,25,0.8616965865259889,24.2961082
1681163630.3928416,25,0.7722630369899827,24.4948577
1681163631.371667,25,0.6632227888999863,24.7238197
1681163632.3588052,25,0.5588328475399863,24.935152
1681163633.345448,25,0.44798457953998494,25.1508159
1681163634.3253987,25,0.3468508528099853,25.3399085
1681163635.2981758,25,0.2375027230339808,25.5374507
1681163636.2742987,25,0.12795073840998084,25.7283248
1681163637.2544637,25,0.02676937213799052,25.8954429
1681163638.231037,25,0,26.0500183
1681163639.287631,25,0,26.2158603
1681163640.2771957,25,0,26.3433036
1681163641.2733815,25,0,26.4553756
1681163642.2603035,25,0,26.5469799
1681163643.2467377,25,0,26.6376228
1681163644.233105,25,0,26.7195262
1681163645.219407,25,0,26.7712554
1681163646.1994166,25,0,26.8180427
1681163647.1859827,25,0,26.8668346
1681163648.1756847,25,0,26.9028167
1681163649.1622982,25,0,26.9372539
1681163650.1723511,25,0,26.9645442
1681163651.1585464,25,0,26.9888477
1681163652.1417034,25,0,26.9956111
1681163653.1316779,25,0,27.0099792
1681163654.098178,25,0,27.0059566
1681163655.0680141,25,0,27.0317935
1681163656.0537407,25,0,27.0297183
1681163657.033801,25,0,27.0401554
1681163658.0339766,25,0,27.0377655
1681163659.0132847,25,0,27.0335884
1681163660.005794,25,0,27.0205821
1681163660.9764764,25,0,27.0135173
1681163661.9687212,25,0,27.0101032
1681163662.9828734,25,0,26.9873638
1681163663.9796443,25,0,26.9682922
1681163664.9479425,25,0,26.9636669
1681163665.9315937,25,0,26.9458732
1681163666.9325364,25,0,26.9352779
1681163667.9177487,25,0,26.9177284
1681163668.9149947,25,0,26.895792
1681163669.905059,25,0,26.88027
1681163670.8814845,25,0,26.8583526
1681163671.8706808,25,0,26.8245029
1681163672.857274,25,0,26.8175392
1681163673.8512201,25,0,26.8118228
1681163674.8232014,25,0,26.7917156
1681163675.8070889,25,0,26.7693386
1681163676.7836628,25,0,26.7533397
1681163677.773433,25,0,26.7166366
1681163678.7665439,25,0,26.7036418
1681163679.7582974,25,0,26.678482
1681163680.7627573,25,0,26.6594429
1681163681.732439,25,0,26.6348323
1681163682.7163963,25,0,26.6174182
1681163683.7050622,25,0,26.6040115
1681163684.6821163,25,0,26.5883159
1681163685.670372,25,0,26.553091
1681163686.6619391,25,0,26.5204257
1681163687.641372,25,0,26.4983768
1681163688.6114168,25,0,26.4861869
1681163689.587798,25,0,26.4650611
1681163690.5640721,25,0,26.4471302
1681163691.5504982,25,0,26.4093647
1681163692.5337045,25,0,26.3857192
1681163693.5138402,25,0,26.3724822
1681163694.493414,25,0,26.3493938
1681163695.470058,25,0,26.3204593
1681163696.446411,25,0,26.2985515
1681163697.426177,25,0,26.2750606
1681163698.4127347,25,0,26.2548885
1681163699.3957837,25,0,26.2230339
1681163700.3917732,25,0,26.2122745
1681163701.3814688,25,0,26.1796817
1681163702.3616982,25,0,26.1589431
1681163703.3483315,25,0,26.13525
1681163704.344981,25,0,26.1123619
1681163705.391108,25,0,26.0841007
1681163706.3713624,25,0,26.0549869
1681163707.344375,25,0,26.0423564
1681163708.3142214,25,0,26.0141944
1681163709.300522,25,0,25.9950141
1681163710.280235,25,0,25.9670124
1681163711.2767794,25,0,25.9451789
1681163712.273282,25,0,25.923439
1681163713.263124,25,0,25.9050045
1681163714.2461784,25,0,25.8830699
1681163715.222736,25,0,25.8612022
1681163716.202501,25,0,25.8430461
1681163717.1889882,25,0,25.8212413
1681163718.1819923,25,0,25.8016529
1681163719.1617026,25,0,25.7831821
1681163720.1516714,25,0,25.7584247
1681163721.1249988,25,0,25.7380847
1681163722.1149743,25,0,25.7230014
1681163723.1013846,25,0,25.710617
1681163724.0777156,25,0,25.6863098
1681163725.0536857,25,0,25.67737
1681163726.0338652,25,0,25.6533699
1681163727.0239031,25,0,25.6350727
1681163728.0170617,25,0,25.605978
1681163728.993016,25,0,25.587778
1681163729.959083,25,0,25.5635185
1681163730.9298348,25,0,25.5327529
1681163731.9162495,25,0,25.526802
1681163732.9321933,25,0,25.499691
1681163733.9222827,25,0,25.4821548
1681163734.9145882,25,0,25.4531383
1681163735.8953872,25,0,25.4304714
1681163736.8818808,25,0,25.4139862
1681163737.871699,25,0,25.4135437
1681163738.848238,25,0,25.4006652
1681163739.8344333,25,0,25.3724155
1681163740.8145463,25,0,25.3554897
1681163741.7876534,25,0,25.3392925
1681163742.7696722,25,0,25.3206615
1681163743.7639225,25,0,25.294548
1681163744.7421882,25,0,25.2780799
1681163745.7268229,25,0,25.2620124
1681163746.7066789,25,0,25.2418212
1681163747.732821,25,0,25.2144546
1681163748.706328,25,0,25.2034626
1681163749.6861985,25,0,25.190834
1681163750.6829274,25,0,25.1765441
1681163751.6623194,25,0,25.1533927
1681163752.6382694,25,0,25.1440563
1681163753.6250205,25,0,25.1253948
1681163754.6214447,25,0,25.1053943
1681163755.5981948,25,0,25.0743675
1681163756.5742176,25,0,25.0729579
1681163757.554556,25,0,25.0550842
1681163758.531036,25,0,25.043312
1681163759.5075855,25,0,25.0276832
1681163760.487402,25,0,25.0129566
1681163761.4713633,25,0.002234208255999119,24.9957008
1681163762.450185,25,0.00839195289599969,24.9840145
1681163763.4367313,25,0.0172563999760007,24.9675636
1681163764.4231315,25,0.021278957955999937,24.961029
1681163765.4128346,25,0.03622023120400079,24.9337539
1681163766.3996475,25,0.0421283292040001,24.9249401
1681163767.3860886,25,0.04533817312399926,24.921606
1681163768.3658478,25,0.06222111663399992,24.8920917
1681163769.3488083,25,0.07311102602599973,24.8752231
1681163770.3258312,25,0.07601856218400027,24.8742809
1681163771.3051124,25,0.0861547720560003,24.8595371
1681163772.2917478,25,0.09270748992599977,24.8522529
1681163773.2879205,25,0.1007773941340004,24.8423194
1681163774.2680104,25,0.1069689501340004,24.8364772
1681163775.2517867,25,0.11092154258199831,24.8350639
1681163776.2410297,25,0.11709201745200101,24.8294429
1681163777.2265162,25,0.1281205650519995,24.81468
1681163778.2139752,25,0.13162391916400124,24.8149566
1681163779.1929924,25,0.14218622129399908,24.8016471
1681163780.1802082,25,0.13657316636600023,24.8199596
1681163781.1567926,25,0.1406284886960002,24.8189811
1681163782.1459117,25,0.14204975776799927,24.8229923
1681163783.1395419,25,0.13923332776799818,24.8352165
1681163784.1256733,25,0.1440784717380001,24.8321399
1681163785.1057844,25,0.14642938506599948,24.8339729
1681163786.0916884,25,0.14618199468200044,24.8407363
1681163787.0682235,25,0.14055189072199972,24.8576068
1681163788.0584824,25,0.14299238768200073,24.858303
1681163789.0323808,25,0.13485229287199985,24.8793373
1681163790.0137227,25,0.13017192495199945,24.892847
1681163791.0078056,25,0.12583443295199986,24.9053096
1681163791.9946656,25,0.12187425668200104,24.9165191
1681163792.9744833,25,0.11938877090599864,24.9244632
1681163793.9506752,25,0.11911195695400026,24.9278564
1681163794.9207802,25,0.1131793628500001,24.9419708
1681163795.9093602,25,0.10658087900999912,24.9568672
1681163796.900285,25,0.10475249705799991,24.9620189
1681163797.8862748,25,0.10215759121800004,24.9684505
1681163798.8664947,25,0.09401151751800045,24.985321
1681163799.8379555,25,0.09070079691000012,24.9922428
1681163800.8432403,25,0.08384379290999924,25.0057277
1681163801.819032,25,0.0833245518200006,25.0065097
1681163802.8153994,25,0.07843762722800018,25.0156669
1681163803.8106458,25,0.07792986122800041,25.0160408
1681163804.7927516,25,0.0715682393379995,25.0276737
1681163805.7863,25,0.06685507733799988,25.0356731
1681163806.7669332,25,0.06117085165800054,25.045288
1681163807.747833,25,0.0625462796580006,25.0409011
1681163808.731745,25,0.05719169404799941,25.0496845
1681163809.7199228,25,0.058819786479999206,25.0446701
1681163810.7015917,25,0.056472412480000414,25.0474662
1681163811.6774006,25,0.05014660273199889,25.0578746
1681163812.664931,25,0.04504246136200027,25.0655021
1681163813.6522226,25,0.043868333249999045,25.0652809
1681163814.6300025,25,0.04220200411400089,25.0660152
1681163815.6104646,25,0.04151210020399951,25.0648403
1681163816.5941417,25,0.042191702876001005,25.0610771
1681163817.5691106,25,0.04158261877200098,25.0599708
1681163818.549488,25,0.03900969665000059,25.0626869
1681163819.5361285,25,0.04318023465000086,25.0522556
1681163820.515606,25,0.035800018106001225,25.0645179
1681163821.5015576,25,0.04178066410600109,25.0505352
1681163822.4919748,25,0.03779357155599963,25.0562915
1681163823.4767108,25,0.03995178773200116,25.0500068
1681163824.467836,25,0.0468160691400009,25.0349044
1681163825.448047,25,0.03980822484999995,25.0470657
1681163826.4281163,25,0.03643765699400059,25.0517692
1681163827.3942726,25,0.03708080449799912,25.0485992
1681163828.384186,25,0.04144582102800003,25.0383815
1681163829.3809772,25,0.04673322702800023,25.0267372
1681163830.3591352,25,0.04815935102799985,25.0229663
1681163831.3436284,25,0.05014366630799917,25.0182895
1681163832.3201764,25,0.051458564138000845,25.0150661
1681163833.3064926,25,0.05273315986599957,25.0120429
1681163834.2762637,25,0.06420948500599921,24.9895038
1681163835.2621737,25,0.0611506432139991,24.9957847
1681163836.2394938,25,0.06367908100400044,24.9910793
1681163837.2257686,25,0.0689039032279995,24.9813632
1681163838.2120924,25,0.067975113211999,24.9838562
1681163839.2086935,25,0.07579693846200034,24.9694175
1681163840.1984906,25,0.07639272846199976,24.969448
1681163841.185489,25,0.07617128641399931,24.9710311
1681163842.1748106,25,0.07905364041399901,24.9666023
1681163843.1615112,25,0.07493376512400018,24.9757957
1681163844.1553397,25,0.08135441346000016,24.9643573
1681163845.1296394,25,0.08008133763600009,24.9681568
1681163846.1308584,25,0.0859937056360002,24.9580116
1681163847.1199458,25,0.08813727721600056,24.9554786
1681163848.09687,25,0.08696550163199969,24.9593944
1681163849.0729625,25,0.08809648085199998,24.9587574
1681163850.050094,25,0.08924514770000055,24.9581089
1681163851.031335,25,0.08851021100000042,24.961111
1681163852.0128636,25,0.08968292367199986,24.9603271
1681163852.9926105,25,0.089393807414001,24.9623641
1681163853.9793308,25,0.08817882214999982,24.9661273
1681163854.9556603,25,0.086262315478,24.9710979
1681163855.93559,25,0.0883747611200004,24.9681091
1681163856.912115,25,0.0875112130000001,24.9709796
1681163857.9203634,25,0.08326539699999999,24.9802608
1681163858.9172235,25,0.08295797300000012,24.9816112
1681163859.90714,25,0.07562028499999983,24.9964294
1681163860.8912125,25,0.08430860650400031,24.9798336
1681163861.8775973,25,0.07981904154399978,24.9892368
1681163862.8539033,25,0.08147505203999979,24.9864578
1681163863.8306043,25,0.07935669904799962,24.9910469
1681163864.817365,25,0.07684383549799952,24.9962215
1681163865.7995627,25,0.07635122549800012,24.9973125
1681163866.7835684,25,0.07584757264799903,24.9983825
1681163867.7698495,25,0.07449630664800032,25.0010433
1681163868.7363365,25,0.08374551429200082,24.9831962
1681163869.718191,25,0.07969434494800025,24.9916229
1681163870.7023132,25,0.0797335024780008,24.9918651
1681163871.6755388,25,0.07255467635000058,25.0059871
1681163872.6954775,25,0.07357428836600036,25.0037937
1681163873.6888,25,0.07485464198199969,25.0011863
1681163874.662718,25,0.07154328588200029,25.007513
1681163875.6486337,25,0.07308542940200018,25.004261
1681163876.6248493,25,0.08102839429800048,24.9888153
1681163877.604826,25,0.07931939662000008,24.9925231
1681163878.598376,25,0.07450848300399948,25.0020637
1681163879.574087,25,0.0777967690040007,24.9956607
1681163880.5540392,25,0.07607394161799957,24.9991397
1681163881.5404658,25,0.08362633164799978,24.9846401
1681163882.5169077,25,0.07778116385600048,24.9964694
1681163883.5068886,25,0.07360231403200045,25.0046443
1681163884.4932497,25,0.07396379184200041,25.0037727
1681163885.5031462,25,0.07378022984200071,25.0039806
1681163886.4894335,25,0.06806210184200011,25.0148239
1681163887.4827325,25,0.0701700938260006,25.0102062
1681163888.4685125,25,0.07625351817800012,24.9981136
1681163889.4489584,25,0.07052954590800015,25.0091991
1681163890.44542,25,0.06917421190800092,25.0114517
1681163891.4352238,25,0.07039900949200073,25.0086612
1681163892.4318285,25,0.06962768149200001,25.0098114
1681163893.4047163,25,0.07307926089200091,25.002798
1681163894.397224,25,0.06649109109999961,25.0153694
1681163895.3812037,25,0.07262059673200065,25.0029926
1681163896.3676684,25,0.07143363366199965,25.0051631
1681163897.347542,25,0.06952203038200072,25.008646
1681163898.3239284,25,0.06299658450800101,25.0208873
1681163899.320522,25,0.06585780250800034,25.0145816
1681163900.3031545,25,0.073804802444001,24.9987373
1681163901.2935598,25,0.0707885491440006,25.004589
1681163902.2731369,25,0.06797241208800005,25.0098342
1681163903.259529,25,0.06988321525600111,25.0057849
1681163904.2559333,25,0.07609836720600112,24.9936065
1681163905.2358837,25,0.07374271720599947,24.9983825
1681163906.2223613,25,0.0739886577659998,24.9979705
1681163907.2222848,25,0.0762320415259995,24.9937305
1681163908.2050383,25,0.07576431952599978,24.9948711
1681163909.1917775,25,0.07512567862799947,24.9962921
1681163910.16847,25,0.07309929216799951,25.0003318
1681163911.1481347,25,0.07467077066399967,24.9972953
1681163912.1442914,25,0.0755020640560011,24.9957981
1681163913.13445,25,0.08112743005600033,24.9851417
1681163914.108458,25,0.07983115581600016,24.9881992
1681163915.0897589,25,0.08406861107999967,24.9804801
1681163916.074732,25,0.08483689308000032,24.9797534
1681163917.0603554,25,0.08595437860600082,24.9783573
1681163918.0268037,25,0.0872540436759996,24.9766769
1681163919.0062602,25,0.08719343799600021,24.977663
1681163919.992488,25,0.08834915576600004,24.9762859
1681163920.9760995,25,0.08625159223000055,24.9812202
1681163921.9560528,25,0.08627029075800076,24.9818954
1681163922.9323146,25,0.08378497954000057,24.9873561
1681163923.9090145,25,0.08965386496200063,24.9765281
1681163924.8940778,25,0.08444412296199959,24.9874496
1681163925.895226,25,0.09087229268999951,24.9755554
1681163926.881867,25,0.09073332951000072,24.9767494
1681163927.901631,25,0.09070915860999915,24.977703
1681163928.8839972,25,0.08646771460999947,24.9867172
1681163929.8602874,25,0.08440097386000094,24.9911975
1681163930.8410707,25,0.08155598609999924,24.9970035
1681163931.8204448,25,0.08508936755999962,24.9903182
1681163932.8072422,25,0.08328755620000022,24.994152
1681163933.7935243,25,0.07956862307999939,25.0015296
1681163934.7673488,25,0.07466870320799968,25.0109004
1681163935.756684,25,0.08221830647200047,24.9959602
1681163936.7330768,25,0.07785257476400059,25.0045166
1681163937.713185,25,0.08341458446000005,24.9936428
1681163938.6894364,25,0.0818755340200004,24.9968452
1681163939.665913,25,0.07493880761400046,25.0103187
1681163940.6554527,25,0.07664779422199947,25.0066394
1681163941.6390567,25,0.07158363822199915,25.0161228
1681163942.6487913,25,0.07781812222199909,25.0035133
1681163943.6280065,25,0.07368206873399964,25.0113391
1681163944.6115584,25,0.07934569780199908,25.0000114
1681163945.6018465,25,0.07392316980199973,25.0104389
1681163946.5879638,25,0.07452952437800017,25.0088768
1681163947.5742946,25,0.07293124508799992,25.0116157
1681163948.5643892,25,0.07741484651200013,25.0025482
1681163949.5366204,25,0.07331639185200081,25.0103378
1681163950.5139909,25,0.07073187028400019,25.0149288
1681163951.490522,25,0.06867635371400076,25.0183181
1681163952.4700978,25,0.06583583661000028,25.0230903
1681163953.4559276,25,0.067024861038001,25.0199394
1681163954.4462333,25,0.07241025588600082,25.0088214
1681163955.431352,25,0.07270889988599927,25.0079078
1681163956.4092138,25,0.07291986851599981,25.0072021
1681163957.4057856,25,0.07324599909200048,25.0063018
1681163958.3922896,25,0.07410526619600012,25.0044097
1681163959.3720822,25,0.07781288071600105,24.9971084
1681163960.3589258,25,0.07480299982000037,25.0030097
1681163961.3450804,25,0.07403206716400079,25.0043792
1681163962.3324676,25,0.07357252716400106,25.0050945
1681163963.3179493,25,0.07510277623400045,25.0019569
1681163964.2945614,25,0.07198557618600089,25.0078811
1681163965.2709124,25,0.07264120350000006,25.0063247
1681163966.260843,25,0.0713827916439995,25.0085067
1681163967.2373953,25,0.071417424924001,25.0081176
1681163968.2278051,25,0.07255614300400064,25.005619
1681163969.2153478,25,0.07394229145199996,25.0027389
1681163970.206675,25,0.07751137170200054,24.9957675
1681163971.196568,25,0.07247620570200014,25.0056133
1681163972.1826706,25,0.07425103106200028,25.0019855
1681163973.1727757,25,0.07297087311200039,25.0043735
1681163974.1694016,25,0.07562577911200102,24.9990997
1681163975.1588604,25,0.07276800363999991,25.0046329
1681163976.1455793,25,0.07422214861600027,25.0016593
1681163977.1287582,25,0.08097397461599969,24.9886112
1681163978.1050823,25,0.0833146563159996,24.984539
1681163979.0946796,25,0.08334749765999996,24.9850521
1681163980.0816069,25,0.08908099558000031,24.9745864
1681163981.0780113,25,0.0835887275799996,24.9861259
1681163982.0678737,25,0.07944766558000103,24.9946231
1681163983.0541475,25,0.08324694697400055,24.9875087
1681163984.0407386,25,0.08534053697400061,24.983963
1681163985.0226285,25,0.0842535807819996,24.9866619
1681163986.0037324,25,0.0847361590699995,24.9862384
1681163987.0432072,25,0.08575601900600105,24.9848251
1681163988.0265238,25,0.08718761540599955,24.982645
1681163989.0165381,25,0.09054543649400053,24.9768409
1681163990.0026417,25,0.09020273595399948,24.9783782
1681163990.9825706,25,0.08499067595400098,24.989233
1681163991.9660683,25,0.08659589185799979,24.9865436
1681163992.94534,25,0.08093328473800113,24.9979496
1681163993.9219651,25,0.08136136191600013,24.9972019
1681163994.9029303,25,0.08313324337199958,24.9938983
1681163995.8781316,25,0.08149290882800016,24.9972858
1681163996.8647952,25,0.07977503308799941,25.0006942
1681163997.8593633,25,0.07352666633599966,25.0126914
1681163998.8577282,25,0.07143198633600037,25.0162315
1681163999.839957,25,0.07346171188800056,25.0117111
1681164000.834029,25,0.07459321788800082,25.0090847
1681164001.8605423,25,0.07122691201600094,25.0151996
1681164002.8464205,25,0.06504594171199993,25.0265178
1681164003.836838,25,0.06710721371199947,25.0215339
1681164004.8234067,25,0.06665124221199963,25.021595
1681164005.8031242,25,0.07252841197200115,25.009468
1681164006.7964876,25,0.07097991458200055,25.0120887
1681164007.772817,25,0.07289192512600053,25.0079517
1681164008.752529,25,0.06830075784000077,25.0164947
1681164009.7345443,25,0.07134922912000116,25.010004
1681164010.7254312,25,0.07008284896000024,25.012062
1681164011.7053673,25,0.07105560096000078,25.0097274
1681164012.7018936,25,0.07267990692000015,25.0062332
1681164013.6946056,25,0.07186099092000087,25.0075683
1681164014.6849558,25,0.0697514500399995,25.011341
1681164015.6711195,25,0.07224304907999986,25.0061168
1681164016.6565783,25,0.06916288498399951,25.0118122
1681164017.6379278,25,0.0756012932080007,24.9989757
1681164018.61416,25,0.07558379366799985,24.9990482
1681164019.6038668,25,0.07375989571599981,25.0025939
1681164020.596802,25,0.0755158270920005,24.9991168
1681164021.5731258,25,0.08292595863200027,24.9848918
1681164022.5631714,25,0.07873112211999955,24.9935359
1681164023.539046,25,0.07870281474000104,24.9938354
1681164024.5160553,25,0.07923748753999992,24.99304
1681164025.5059702,25,0.0819981687559996,24.9879913
1681164026.4825087,25,0.08563971060600004,24.9814395
1681164027.4652934,25,0.08494337894200082,24.9834823
1681164028.4452686,25,0.08665532649200047,24.9808025
1681164029.4518847,25,0.08670304449200068,24.9814491
1681164030.4453008,25,0.096071882492001,24.9641456
1681164031.4281843,25,0.08870109823600114,24.9796867
1681164032.4243772,25,0.09026399505599964,24.9774494
1681164033.403861,25,0.09568303505599973,24.9678955
1681164034.3838494,25,0.09079390889600042,24.978506
1681164035.366843,25,0.08680825786599972,24.9869899
1681164036.3539045,25,0.09128389036199976,24.9788703
1681164037.3403227,25,0.09175122314599986,24.9787712
1681164038.3266332,25,0.09132882314600042,24.9804
1681164039.3163424,25,0.09325107393199929,24.9774303
1681164040.292928,25,0.0889535904320005,24.986555
1681164041.2861016,25,0.08540990243200026,24.9938869
1681164042.2760491,25,0.09028496443199954,24.9847469
1681164043.262687,25,0.08668522025599933,24.9922466
1681164044.284842,25,0.08484031785599942,24.9960975
1681164045.268751,25,0.08297922875200008,24.9998264
1681164046.2649925,25,0.08448534475200048,24.9969367
1681164047.2551389,25,0.07550417475199978,25.014326
1681164048.231541,25,0.07943375726199937,25.0062217
1681164049.224664,25,0.07604528131000034,25.0125064
1681164050.2110355,25,0.07645530332600049,25.0112438
1681164051.1909041,25,0.0767882009719993,25.0101833
1681164052.1708279,25,0.07012662759200043,25.0226154
1681164053.1532588,25,0.07317458564000093,25.0158939
1681164054.1437721,25,0.06873965964000087,25.0238113
1681164055.1241107,25,0.06934412022000036,25.021759
1681164056.0954504,25,0.07141522268400086,25.0169601
1681164057.072944,25,0.06787146868400105,25.0231227
1681164058.0519204,25,0.07189012263399926,25.0145225
1681164059.029456,25,0.07380591367400026,25.010292
1681164060.0185826,25,0.06959491937000102,25.0180053
1681164061.0057461,25,0.06743264937000128,25.021471
1681164061.992228,25,0.06882664580999963,25.0179748
1681164062.975099,25,0.06662232126600102,25.0215358
1681164063.945159,25,0.06638424743800007,25.0211906
1681164064.9268434,25,0.07106008043000103,25.0113906
1681164065.8973615,25,0.07211923873600093,25.0089263
1681164066.8781953,25,0.07030210790399975,25.0120849
1681164067.8544087,25,0.07311214453600126,25.0062236
1681164068.8275054,25,0.07349416943199995,25.0052528
1681164069.80337,25,0.08312440873200007,24.986515
1681164070.7834806,25,0.08428723589800065,24.9847793
1681164071.823789,25,0.07509307201600122,25.0030403
1681164072.7963076,25,0.07895349696000035,24.9954967
1681164073.776458,25,0.07287302953800105,25.0073719
1681164074.7619405,25,0.07848891515399983,24.9962863
1681164075.7441418,25,0.07241729815400116,25.00811
1681164076.7186408,25,0.07816728644199951,24.9967384
1681164077.6956894,25,0.07219452158000111,25.0083599
1681164078.6821501,25,0.07620599132399963,25.0003242
1681164079.668677,25,0.07922389479400083,24.9945049
1681164080.6487286,25,0.08244346645800085,24.9885177
1681164081.6250885,25,0.08517231356000099,24.9836921
1681164082.6046016,25,0.08001267956000052,24.9942417
1681164083.5779378,25,0.08768147148000029,24.9796905
1681164084.5642138,25,0.08878038763000018,24.9783325
1681164085.5443282,25,0.09160804350000083,24.9737129
1681164086.6005485,25,0.08857441241599984,24.9806041
1681164087.5805001,25,0.09108722747199989,24.9765033
1681164088.5670807,25,0.08811245287199972,24.983118
1681164089.56346,25,0.08921584378399994,24.9816341
1681164090.53669,25,0.08930506936399932,24.9821586
1681164091.5065722,25,0.09030824830800098,24.9808921
1681164092.482808,25,0.09623701610800084,24.97019
1681164093.4629374,25,0.0957462243639996,24.9722633
1681164094.4386597,25,0.0946055352440009,24.9755096
1681164095.4155178,25,0.09385078673600117,24.9778766
1681164096.3922524,25,0.09334352769600035,24.9796905
1681164097.3853078,25,0.09665552202600004,24.9740715
1681164098.3653817,25,0.09041684802599996,24.9870662
1681164099.3453226,25,0.09246418005799953,24.9836063
1681164100.331204,25,0.09356768605800021,24.9821147
1681164101.3179505,25,0.08698078792400127,24.9954643
1681164102.2979438,25,0.08911468592400036,24.9915351
1681164103.2809467,25,0.08728704373399998,24.9953727
1681164104.2663572,25,0.08347659821400058,25.002882
1681164105.244361,25,0.08664539283399997,24.9966754
1681164106.2234135,25,0.08557090288199962,24.9988689
1681164107.2134507,25,0.08008798481800074,25.0094623
1681164108.2102349,25,0.08075305398799944,25.0078239
1681164109.206608,25,0.08563204798800068,24.9981403
1681164110.188684,25,0.08265736112400048,25.0039348
1681164111.1695373,25,0.07765327712399986,25.0134067
1681164112.145816,25,0.07608482543000014,25.0159263
1681164113.1357846,25,0.07236260685400014,25.0224857
1681164114.112102,25,0.0756160048140008,25.0153732
1681164115.098501,25,0.07150653694200063,25.0227127
1681164116.0884454,25,0.0747597269420007,25.015583
1681164117.0713747,25,0.0775216742820012,25.0096778
1681164118.0611713,25,0.06930335444199956,25.0251255
1681164119.0377538,25,0.07279125895200125,25.0174617
1681164120.0143943,25,0.07316145167200074,25.016098
1681164121.003963,25,0.07468429567200002,25.0125503
1681164121.99039,25,0.07617669854200128,25.0092029
1681164122.9871244,25,0.07888297951800122,25.0036468
1681164123.963647,25,0.07564511551800077,25.0097332
1681164124.951973,25,0.08060785275600023,24.9998149
1681164125.926234,25,0.07857653258000127,25.0037307
1681164126.9062018,25,0.07800889890800121,25.0046844
1681164127.9025574,25,0.07918671490799958,25.0022392
1681164128.8925953,25,0.08136857090800134,24.9979572
1681164129.8790987,25,0.08512998551399974,24.9907913
1681164130.8633494,25,0.08505629151400121,24.9912872
1681164131.8387153,25,0.08490560978600104,24.9919071
1681164132.8188727,25,0.08056596977600075,25.0005645
1681164133.804968,25,0.08383279398400056,24.9942569
1681164134.7972996,25,0.0879842619040002,24.9864864
1681164135.781218,25,0.0886060864160013,24.9858016
1681164136.758026,25,0.08852069556800096,24.9865036
1681164137.7331991,25,0.08487016741800074,24.9940395
1681164138.7107155,25,0.0856829593060006,24.9926967
1681164139.7198107,25,0.08396263308200118,24.9962882
1681164140.7063057,25,0.08325092722200128,24.997797
1681164141.6933563,25,0.08375419922200097,24.9969139
1681164142.6732094,25,0.08984051933399978,24.9853191
1681164143.6498237,25,0.09251844209200152,24.9807109
1681164144.6355836,25,0.08340323813999978,24.9989814
1681164145.606051,25,0.08437788952000139,24.9971446
1681164146.588907,25,0.08630141185600033,24.9935474
1681164147.5653658,25,0.08710108592600131,24.9922485
1681164148.5454164,25,0.08887644978600001,24.9891262
1681164149.5319755,25,0.08968818210600082,24.987976
1681164150.521621,25,0.07907202517800029,25.0088596
1681164151.5182438,25,0.07951966517800114,25.007658
1681164152.5075123,25,0.08061286043800116,25.0052642
1681164153.4914038,25,0.08059186843800155,25.0051021
1681164154.479773,25,0.07121371600600182,25.0229549
1681164155.4606137,25,0.07593413074200088,25.0130023
1681164156.4451585,25,0.07292726530200068,25.0182952
1681164157.4381316,25,0.07992988610200144,25.0041275
1681164158.4169066,25,0.0777501296920002,25.0081653
1681164159.4069078,25,0.07145383466800068,25.0199718
1681164160.3846421,25,0.07573333646000106,25.0109806
1681164161.3715277,25,0.07437513380000027,25.0131778
1681164162.3553762,25,0.07749283124000059,25.0066795
1681164163.3450882,25,0.07638604325600154,25.0085563
1681164164.334677,25,0.078561573256,25.0040435
1681164165.3214617,25,0.07932944306600047,25.0024127
1681164166.3036199,25,0.07886564548200026,25.0032138
1681164167.2885945,25,0.07588011249200094,25.0088367
1681164168.2728457,25,0.07542074601200117,25.009386
1681164169.2550411,25,0.0775951168920012,25.0048465
1681164170.2479048,25,0.0782103305920015,25.003479
1681164171.2427015,25,0.07996173126400144,24.9999771
1681164172.21934,25,0.07521136526400127,25.0091133
1681164173.2002175,25,0.0784170031680003,25.0025997
1681164174.189207,25,0.07334509932800143,25.012268
1681164175.1757457,25,0.07214559132800032,25.0141029
1681164176.157512,25,0.0732039648680008,25.0115318
1681164177.1432333,25,0.07299785821200054,25.0114917
1681164178.1297674,25,0.07516850404400167,25.0068836
1681164179.1233833,25,0.07709980804400104,25.0029048
1681164180.1075888,25,0.07646673220400063,25.004013
1681164181.0893295,25,0.07625059620400154,25.0042743
1681164182.075594,25,0.07939264636400124,24.998064
1681164183.0655663,25,0.08731785174000047,24.9829082
1681164184.0410957,25,0.08297721578600051,24.9919033
1681164185.0117712,25,0.08489001113000165,24.9885292
1681164185.9952989,25,0.08932552579400015,24.9804172
1681164186.981419,25,0.08907248579400172,24.981657
1681164187.9678178,25,0.0811561231060016,24.9975833
1681164188.9543378,25,0.08997725552600035,24.9807014
1681164189.9340336,25,0.08877010515800106,24.9837551
1681164190.9206667,25,0.09078419577800144,24.9804954
1681164191.8998008,25,0.09527559702600162,24.9725914
1681164192.878225,25,0.09267290905800135,24.9786376
1681164193.8640184,25,0.09534850064200162,24.9742832
1681164194.852163,25,0.10089435664200108,24.9646072
1681164195.836372,25,0.10601367555400196,24.9560966
1681164196.8311691,25,0.09907323155400151,24.9711322
1681164197.8223226,25,0.094422892614002,24.981163
1681164198.808676,25,0.09337639261400214,24.9839
1681164199.788301,25,0.0937897071140012,24.983715
1681164200.7720695,25,0.09707195617000068,24.9780158
1681164201.7481105,25,0.09425661132400165,24.9842567
1681164202.7282882,25,0.09507988330800124,24.9832687
1681164203.7046957,25,0.08820405193200107,24.9971332
1681164204.685992,25,0.08917397900600085,24.9953727
1681164205.6710727,25,0.08501360100600165,25.0035514
1681164206.6540601,25,0.08226624796600164,25.0087032
1681164207.6439502,25,0.08163505219000146,25.0095882
1681164208.6305969,25,0.08147015775800093,25.0095424
1681164209.6070747,25,0.08281573503000098,25.0065956
1681164210.5967777,25,0.08325690603800093,25.0054969
1681164211.592786,25,0.08481049319000195,25.0022964
1681164212.5798414,25,0.08284830445400057,25.0059852
1681164213.5603423,25,0.07736997246800084,25.0163097
1681164214.552353,25,0.07684645610800116,25.0166988
1681164215.5416582,25,0.07745966010800215,25.0148773
1681164216.529046,25,0.07001628591600186,25.0286369
1681164217.5045748,25,0.07145893636400125,25.0247764
1681164218.5020545,25,0.06979621534400171,25.0270366
1681164219.4953094,25,0.07005908955200146,25.0255069
1681164220.4872928,25,0.07188172355200206,25.0210208
1681164221.4738765,25,0.07025423155200107,25.0233421
1681164222.4613183,25,0.07044212046400067,25.0220966
1681164223.4548373,25,0.06062961049400224,25.0401401
1681164224.4366324,25,0.06067327201400094,25.038536
1681164225.423216,25,0.066603067574002,25.0256652
1681164226.4735026,25,0.0664357443300015,25.0249557
1681164227.4601574,25,0.06875034113000066,25.019556
1681164228.436809,25,0.06797888909800058,25.0202999
1681164229.4199493,25,0.0678893110980016,25.0196914
1681164230.399488,25,0.06883610999200189,25.0171337
1681164231.3861587,25,0.07175606514400072,25.0108661
1681164232.3719094,25,0.07598772465400135,25.0023117
1681164233.3523996,25,0.06687464588600195,25.0197601
1681164234.3386285,25,0.06481655495800111,25.0229721
1681164235.3188746,25,0.07216418188800071,25.0079631
1681164236.2917302,25,0.06966423096000122,25.0124721
1681164237.2782176,25,0.07679244995000092,24.9982833
1681164238.2755451,25,0.07612742091000058,24.999628
1681164239.254504,25,0.07450221911800216,25.0027694
1681164240.243819,25,0.07885674476800127,24.9942855
1681164241.2309742,25,0.08222235096000106,24.9880256
1681164242.2170804,25,0.08322422334400081,24.9865512
1681164243.1936433,25,0.08357834522400154,24.9863796
1681164244.1803205,25,0.08593389728800162,24.9823627
1681164245.1660988,25,0.08340871034800183,24.9878902
1681164246.1458466,25,0.08617761297200098,24.9830207
1681164247.1429782,25,0.09311518345200195,24.970314
1681164248.1395757,25,0.09197423545200029,24.9736499
1681164249.129053,25,0.09559095230200212,24.9676895
1681164250.1052065,25,0.09417798454200141,24.971632
1681164251.0947351,25,0.10022959619000234,24.9610614
1681164252.078618,25,0.09458327679000131,24.973402
1681164253.0551276,25,0.10467689247000149,24.9549865
1681164254.0451915,25,0.10015737523000115,24.9653892
1681164255.0324194,25,0.09490215916600223,24.9768123
1681164256.0481036,25,0.10180500065000249,24.9644718
1681164257.0377936,25,0.10100364369800105,24.9673404
1681164258.0173752,25,0.09786213569800105,24.9746379
1681164258.9968688,25,0.10213785587600135,24.9673519
1681164259.9729192,25,0.10023695262800159,24.9722461
1681164260.9633822,25,0.1038221860520014,24.9663982
1681164261.9403038,25,0.10383488030200048,24.9676475
1681164262.9400566,25,0.09622966057400116,24.9835071
1681164263.9241416,25,0.09490716657400074,24.9866847
1681164264.9084134,25,0.09371629284400126,24.9894809
1681164265.8896086,25,0.08963657295600211,24.9977283
1681164266.875786,25,0.08536246253600126,25.0060386
1681164267.8656287,25,0.07973543063200067,25.0166378
1681164268.8420491,25,0.08184657063200111,25.011938
1681164269.8286464,25,0.07894723143200195,25.017065
1681164270.8185694,25,0.07251613394200197,25.0288105
1681164271.801403,25,0.06822161194200055,25.0359611
1681164272.7774267,25,0.06395638941000088,25.0428314
1681164273.768049,25,0.0669356099220021,25.0354766
1681164274.7499318,25,0.06529870992200172,25.03726
1681164275.730591,25,0.06640633492400175,25.0337371
1681164276.7102504,25,0.06445082809200146,25.0362224
1681164277.6890788,25,0.06644930126200065,25.0310039
1681164278.6700785,25,0.06347709497400085,25.0355491
1681164279.6569214,25,0.05689978654200027,25.0468864
1681164280.6363342,25,0.05909940356600074,25.0408782
1681164281.6224258,25,0.057950113596001676,25.0415401
1681164282.613633,25,0.060821916684001526,25.0344409
1681164283.6095479,25,0.06470733068400161,25.0256443
1681164284.599021,25,0.057176316684001055,25.0391407
1681164285.5784492,25,0.05819518201200179,25.0356979
1681164286.5585923,25,0.06166603159600198,25.0276832
1681164287.538453,25,0.06216345060600045,25.0256767
1681164288.525183,25,0.06375852380600125,25.021635
1681164289.5147903,25,0.06437252275000205,25.0196342
1681164290.4915211,25,0.07397457089000116,25.0004138
1681164291.487794,25,0.07093528977000167,25.0062465
1681164292.4808125,25,0.07579811660200103,24.9966526
1681164293.4704492,25,0.06808425260200142,25.0116157
1681164294.4505494,25,0.07336180072200066,25.0010204
1681164295.4367485,25,0.07328917960200144,25.0011215
1681164296.4233649,25,0.07698511360200165,24.9939708
1681164297.4102116,25,0.07845909943800176,24.9913578
1681164298.4294586,25,0.07786277522800074,24.9928455
1681164299.4181917,25,0.07760625231800124,24.9936103
1681164300.4124446,25,0.08167153831800168,24.9860382
1681164301.4087477,25,0.07910848996600153,24.9914989
1681164302.3951936,25,0.07973673596600074,24.9906177
1681164303.387953,25,0.08671318148600066,24.9775485
1681164304.3820872,25,0.0859739594860016,24.9798336
1681164305.3783271,25,0.08623346509600184,24.9800987
1681164306.3683922,25,0.08474607509600092,24.9837245
1681164307.361253,25,0.08882901604000035,24.9764842
1681164308.347816,25,0.08837690404000037,24.9782581
1681164309.327979,25,0.08834684261600129,24.9791393
1681164310.3139942,25,0.08509863507000133,24.9861717
1681164311.3039181,25,0.08888826907000037,24.9794158
1681164312.3004358,25,0.09076380123000062,24.9765872
1681164313.3067365,25,0.08612526049000134,24.9864158
1681164314.2959788,25,0.08851610358000052,24.9823303
1681164315.2701998,25,0.08531333754800034,24.9891624
1681164316.2522717,25,0.08214360865200032,24.9956722
1681164317.2327034,25,0.08873894847600125,24.9831352
1681164318.211825,25,0.08608138854000143,24.9888877
1681164319.1990378,25,0.0874184354000014,24.9867362
1681164320.185796,25,0.09268507671200212,24.9771041
1681164321.1633692,25,0.0917939487220019,24.9796867
1681164322.1385365,25,0.09345056054600077,24.9772682
1681164323.1185203,25,0.09430421768200141,24.9764728
1681164324.0949628,25,0.10278454337800123,24.9610214
1681164325.084207,25,0.10146544737800038,24.9650573
1681164326.0612519,25,0.09717954550000164,24.9746131
1681164327.037407,25,0.0984676885400008,24.9730968
1681164328.057483,25,0.09430094610000114,24.9821548
1681164329.0531416,25,0.0858491943000014,24.999094
1681164330.0321765,25,0.09156848562800099,24.9881229
1681164331.0022755,25,0.09036697473200178,24.9908847
1681164331.9931078,25,0.0880317178420016,24.9957237
1681164332.9798136,25,0.09308879728200034,24.9861545
1681164333.9591475,25,0.09282798110600128,24.9871807
1681164334.9395597,25,0.08871904300600096,24.995573
1681164335.9289303,25,0.07963350255800104,25.0132236
1681164336.918954,25,0.08534824838800148,25.0017261
1681164337.9052095,25,0.0874721460040003,24.9975738
1681164338.8953595,25,0.0882357740040012,24.9961986
1681164339.887726,25,0.08725989653200046,24.9982204
1681164340.864625,25,0.08622042293200036,25.000288
1681164341.8477955,25,0.0871514782920004,24.9984855
1681164342.8409154,25,0.08656868486800134,24.9996643
1681164343.8316317,25,0.08406545897800036,25.0044937
1681164344.813264,25,0.08613082897800096,25.000349
1681164345.794027,25,0.08719097575400091,24.9982948
1681164346.783413,25,0.08542451847400034,25.0017585
1681164347.7702117,25,0.08544982447400135,25.0016422
1681164348.766979,25,0.08123262687400068,25.009695
1681164349.7617078,25,0.08145529887400084,25.0088939
1681164350.7488935,25,0.08063082783400002,25.0101432
1681164351.727522,25,0.08087226207400132,25.0092945
1681164352.7158508,25,0.07700502298600097,25.0163841
1681164353.6922343,25,0.07490696101600036,25.0198001
1681164354.6788714,25,0.07805086403800074,25.0130081
1681164355.6588216,25,0.08145748203800038,25.0059566
1681164356.6416461,25,0.07921112719000131,25.0100536
1681164357.6279716,25,0.08023743055000027,25.007698
1681164358.6077878,25,0.0753401232880005,25.0168399
1681164359.594633,25,0.0800252370640011,25.0071868
1681164360.5744529,25,0.07602670355400144,25.0146083
1681164361.5608156,25,0.07907758456200033,25.0081844
1681164362.5475273,25,0.08001764815200117,25.0060653
1681164363.5336251,25,0.08192134532000132,25.0021724
1681164364.5265267,25,0.0737437296400014,25.017826
1681164365.5067923,25,0.07234876964000174,25.019823
1681164366.4967067,25,0.06909450166000036,25.0253334
1681164367.4828975,25,0.07325071410800173,25.0163764
1681164368.4729812,25,0.07263552210800052,25.0169296
1681164369.4593222,25,0.07539496326000021,25.0109786
1681164370.4533677,25,0.07170828415000167,25.0176563
1681164371.4422824,25,0.07257908215000194,25.0153026
1681164372.4288166,25,0.07339503111000147,25.013153
1681164373.4150834,25,0.08535603887000137,24.9896392
1681164374.3877964,25,0.08519109839000129,24.990343
1681164375.3715193,25,0.07819674864000026,25.0041675
1681164376.3579018,25,0.07633603864000027,25.0075855
1681164377.3477864,25,0.08259794422400016,24.9952487
1681164378.3332765,25,0.08436658631999996,24.9920253
1681164379.3073974,25,0.0845260701160004,24.9920158
1681164380.297264,25,0.08326390224600001,24.9947471
1681164381.2834027,25,0.086482656982,24.9887523
1681164382.2737596,25,0.08730763898200103,24.9875984
1681164383.2601504,25,0.08888093997399993,24.9850406
1681164384.256684,25,0.08512042105400044,24.9928436
1681164385.2362542,25,0.09356706505400086,24.9768753
1681164386.2090738,25,0.09003454001399981,24.984539
1681164387.1959908,25,0.0917744811440012,24.9817771
1681164388.1721654,25,0.09237429450800146,24.9813022
1681164389.1615813,25,0.09267087450800066,24.981451
1681164390.1621387,25,0.08917773450800044,24.988882
1681164391.148636,25,0.09478873642800104,24.978506
1681164392.1414123,25,0.0899285675320007,24.9886722
1681164393.1247215,25,0.0917902353520002,24.9855194
1681164394.1079075,25,0.08822240997600096,24.9929332
1681164395.0874932,25,0.08936852050400121,24.9909954
1681164396.0684087,25,0.08865779579400088,24.9927043
1681164397.0469217,25,0.09104098635400051,24.988388
1681164398.0370584,25,0.08879843211400087,24.993143
1681164399.0198648,25,0.0915400961140015,24.9881343
1681164400.004168,25,0.09340213430600103,24.9850006
1681164400.9858088,25,0.08775693253400058,24.9964294
1681164401.9567013,25,0.0862372929499998,24.9994888
1681164402.938424,25,0.0818418188460012,25.0079708
1681164403.939429,25,0.08692816284600104,24.9978828
1681164404.9291806,25,0.08133762293600062,25.0087203
1681164405.9156387,25,0.07284082493600129,25.0247249
1681164406.8981452,25,0.0789626456879999,25.0120086
1681164407.8786066,25,0.0716666626480015,25.025608
1681164408.8649848,25,0.0719419906480004,25.0240936
1681164409.839793,25,0.07187082344800143,25.0233325
1681164410.8163629,25,0.07279956714200089,25.0206737
1681164411.8079486,25,0.07632264914200149,25.0131034
1681164412.79083,25,0.07384782514200125,25.0173587
1681164413.770657,25,0.07477345499800084,25.0149288
1681164414.7411945,25,0.06969539931600066,25.0241489
1681164415.7133026,25,0.07218289661200063,25.0184478
1681164416.693545,25,0.07222659929800063,25.0176753
1681164417.6699207,25,0.07012425774600017,25.0210514
1681164418.661352,25,0.07398979436600031,25.0128154
1681164419.6527665,25,0.07646143804599981,25.007574
1681164420.6326318,25,0.07569682076600129,25.0087585
1681164421.6293693,25,0.0777215107660005,25.004528
1681164422.6155539,25,0.07941955746600059,25.001089
1681164423.6054957,25,0.08355920370600009,24.993082
1681164424.5920396,25,0.0814671180100006,24.9973697
1681164425.5763612,25,0.0841080803200015,24.9923877
1681164426.5680437,25,0.08151720200000091,24.9976615
1681164427.5500596,25,0.08229888800000061,24.9962482
1681164428.547103,25,0.0842294267100009,24.9926757
1681164429.5276325,25,0.08468678007000002,24.992073
1681164430.5042632,25,0.08488694177800134,24.9919834
1681164431.493778,25,0.0810423377780016,24.9996852
1681164432.4691327,25,0.08505737214600059,24.9919662
1681164433.443282,25,0.08393296643599976,24.9944343
1681164434.4226801,25,0.08247935394000155,24.9974422
1681164435.4099553,25,0.08463402318199982,24.9933891
1681164436.3959906,25,0.08548831318200087,24.9920005
1681164437.3860667,25,0.08390912868600083,24.9953422
1681164438.3726034,25,0.0791725105560002,25.0046329
1681164439.3563597,25,0.07879520455600096,25.0051803
1681164440.3381932,25,0.08516784543600141,24.9927215
1681164441.3188229,25,0.08547037800800082,24.9924106
1681164442.2984333,25,0.08441384936800134,24.994728
1681164443.287827,25,0.08387132828000024,24.9959716
1681164444.2849376,25,0.08354125228000098,24.9967613
1681164445.2649179,25,0.08795717828000084,24.9883937
1681164446.251169,25,0.08790174704999977,24.9889335
1681164447.2440877,25,0.08940056105000145,24.9864768
1681164448.2200727,25,0.08513729039400074,24.9951896
1681164449.2106137,25,0.07827090639400074,25.0085792
1681164450.1963542,25,0.07817922751399979,25.0084304
1681164451.186852,25,0.0787012176579999,25.0071067
1681164452.1832006,25,0.07586329965800058,25.0122909
1681164453.173147,25,0.07782968604800136,25.0080413
1681164454.1587338,25,0.07697261956800099,25.009386
1681164455.1425035,25,0.07627840881600134,25.0103664
1681164456.1193094,25,0.07258601630599978,25.0170783
1681164457.098901,25,0.07163237961800045,25.0182666
1681164458.095476,25,0.06955607808200087,25.0215702
1681164459.0747888,25,0.07157856835200009,25.0168609
1681164460.0517557,25,0.07483394097600064,25.0099582
1681164461.0453386,25,0.07872962238600001,25.0020847
1681164462.024162,25,0.08200618064199973,24.9957008
1681164463.0067465,25,0.08011132777800134,24.9995098
1681164463.9880085,25,0.08101639478800103,24.9977855
1681164464.9871945,25,0.07660339573200016,25.0063533
1681164465.9640553,25,0.07853882726800013,25.0023899
1681164466.9542043,25,0.07454067501800098,25.0099925
1681164467.933213,25,0.08548291701800119,24.9885654
1681164468.9233823,25,0.08864472974600118,24.9829044
1681164469.9090405,25,0.08450065374600149,24.9915313
1681164470.8887146,25,0.08881720259400014,24.9835357
1681164471.8759315,25,0.08471702459400143,24.9920539
1681164472.866097,25,0.08244001554400024,24.9967365
1681164473.8426046,25,0.08321791776800065,24.9953632
1681164474.8309474,25,0.08696421415200063,24.9883232
1681164475.8151627,25,0.08605118528800144,24.9905223
1681164476.7919216,25,0.08877351227800084,24.9856433
1681164477.771582,25,0.08394240093400061,24.9954833
1681164478.758323,25,0.07918522162199981,25.0048084
1681164479.7428982,25,0.07955640719200138,25.0039119
1681164480.7243595,25,0.0834046160080009,24.9963588
1681164481.7175202,25,0.08092786804000038,25.0012626
1681164482.7067277,25,0.08221478404000097,24.9987392
1681164483.690578,25,0.08305552789000073,24.9971675
1681164484.6706147,25,0.08607611270000078,24.9914627
1681164485.6567452,25,0.07803262669999995,25.0072593
1681164486.6368508,25,0.07742450684400107,25.0081596
1681164487.6331525,25,0.08273519884400098,24.9976329
1681164488.6160483,25,0.08170532413399999,24.9997043
1681164489.6092656,25,0.08009249621400125,25.002819
1681164490.592549,25,0.07503140856600064,25.0124511
1681164491.5789766,25,0.07947074966599971,25.003437
1681164492.558794,25,0.08294374131400087,24.9966239
1681164493.5451293,25,0.08028328064400117,25.0018711
1681164494.5312352,25,0.08618182661199988,24.9904499
1681164495.51405,25,0.08322466922000146,24.9965019
1681164496.494644,25,0.08190014722000143,24.9991836
1681164497.4847188,25,0.08799157241599978,24.9874858
1681164498.4775507,25,0.08184460841600007,24.9997882
1681164499.467291,25,0.08671459244800096,24.9904251
1681164500.4473822,25,0.08704104241800152,24.9901599
1681164501.4338005,25,0.08374067907400051,24.9968833
1681164502.4237268,25,0.08298329071399983,24.9984588
1681164503.4066765,25,0.08754175471400039,24.9897518
1681164504.394013,25,0.08759179666600077,24.9900436
1681164505.3829288,25,0.08405981413800054,24.9972171
1681164506.369835,25,0.08440405819800027,24.9966602
1681164507.34593,25,0.08393155288600065,24.9976959
1681164508.3223019,25,0.07914685529000008,25.0069942
1681164509.322246,25,0.08180191928999986,25.0016193
1681164510.3148382,25,0.08701653287400156,24.9915237
1681164511.2943687,25,0.08762562477400014,24.990673
1681164512.2815697,25,0.08393948695000117,24.9981193
1681164513.2641082,25,0.07732048965400022,25.0109272
1681164514.2546759,25,0.08574695132400063,24.9942989
1681164515.23445,25,0.08537844497200123,24.9952239
1681164516.2309659,25,0.08556221097200162,24.9950542
1681164517.2095761,25,0.08930821759600079,24.9880332
1681164518.193901,25,0.09177129381600155,24.9837474
1681164519.184055,25,0.0821364147440015,25.0029029
1681164520.1700823,25,0.07473602252400083,25.0170326
1681164521.1591568,25,0.07880973410800161,25.0085487
1681164522.1564822,25,0.08639580810800064,24.9936313
1681164523.142926,25,0.08513857810800149,24.996294
1681164524.1256185,25,0.08897217650800017,24.9890575
1681164525.1114874,25,0.08563973334799992,24.995882
1681164526.0926757,25,0.08686365584400164,24.9936828
1681164527.0785785,25,0.08678885170400139,24.9940662
1681164528.0685277,25,0.08854500770400167,24.9909172
1681164529.0551622,25,0.0856698576880002,24.9967937
1681164530.0448866,25,0.08561307503800167,24.9970245
1681164531.0233057,25,0.08037359921400127,25.0072193
1681164532.0045283,25,0.08454528313400161,24.9989185
1681164532.9933555,25,0.08485008503400043,24.998373
1681164533.9808285,25,0.08123046893800004,25.0053997
1681164534.9705422,25,0.08463313416999999,24.9986476
1681164535.9569108,25,0.079314270170001,25.0089282
1681164536.9435189,25,0.07793856532600137,25.0112438
1681164537.9373636,25,0.07981438532600008,25.007204
1681164538.9164703,25,0.0832983973260002,25.0002269
1681164539.895872,25,0.08014473937400028,25.0062904
1681164540.8794081,25,0.08356157611000142,24.9994773
1681164541.855667,25,0.07997165155000151,25.0064048
1681164542.8357382,25,0.08552872591800119,24.9954662
1681164543.8222961,25,0.08356517480800076,24.9994163
1681164544.8095026,25,0.08595159962400135,24.9948463
1681164545.7951605,25,0.08338665075400144,24.9999771
1681164546.7948434,25,0.08619297675400141,24.9945812
1681164547.7753108,25,0.08235264913800036,25.0021762
1681164548.7572258,25,0.08040368725000044,25.0058441
1681164549.742942,25,0.07900193719000138,25.0083198
1681164550.724176,25,0.08011885095000133,25.0058555
1681164551.7139852,25,0.0808038142340008,25.0043182
1681164552.7071717,25,0.08494770264400066,24.9961853
1681164553.683709,25,0.08951021736600097,24.9875431
1681164554.669984,25,0.08894280749600177,24.9891071
1681164555.6498756,25,0.0879201334960001,24.9914875
1681164556.636297,25,0.08419322954400003,24.9989814
1681164557.6250908,25,0.08059025938400116,25.0059528
1681164558.622855,25,0.08034624738400038,25.0061931
1681164559.6089933,25,0.08544803463200125,24.9961414
1681164560.5884993,25,0.08767394000800012,24.9920043
1681164561.5719142,25,0.08710184846800022,24.9934082
1681164562.5466263,25,0.08044081259600104,25.0064754
1681164563.5277212,25,0.08907258552400038,24.9896144
1681164564.5242534,25,0.08488452952400011,24.9980678
1681164565.521307,25,0.08474113493200135,24.9984169
1681164566.5077963,25,0.08184318886200058,25.0040531
1681164567.483556,25,0.07716025431800068,25.0129108
1681164568.4578557,25,0.08032088311799992,25.00634
1681164569.450689,25,0.07520702102800052,25.0159397
1681164570.4271226,25,0.07272059762000142,25.0201206
1681164571.4134927,25,0.07744700864000101,25.0102634
1681164572.3931515,25,0.07843348111999986,25.0079765
1681164573.3758695,25,0.07762430520000153,25.0092315
1681164574.3564851,25,0.07843107809400067,25.0073337
1681164575.342682,25,0.08260347279800055,24.9990272
1681164576.3290734,25,0.07700920134800025,25.0098285
1681164577.3189468,25,0.07703482158800101,25.009407
1681164578.3053339,25,0.08214501358800001,24.9992179
1681164579.2953448,25,0.08112652977800032,25.0012073
1681164580.2881527,25,0.07858615577800065,25.0060462
1681164581.2646275,25,0.07979635209800091,25.0034885
1681164582.2510362,25,0.07873314544600028,25.0054054
1681164583.231142,25,0.08122080186200044,25.0004138
1681164584.2171783,25,0.07876730403800038,25.0051193
1681164585.2042286,25,0.08476461362800063,24.9933853
1681164586.1838455,25,0.08258923060400032,24.9978218
1681164587.1604414,25,0.08072401062400003,25.0014934
1681164588.1368415,25,0.08104057148800133,25.0008277
1681164589.1133966,25,0.08212909610800033,24.998701
1681164590.0904765,25,0.08888141095600068,24.9857482
1681164591.0796595,25,0.08571952270600136,24.9923725
1681164592.0763764,25,0.08840223670600132,24.9875068
1681164593.055991,25,0.09347130493000103,24.9782257
1681164594.0483778,25,0.09090772210000149,24.9839839
1681164595.0483804,25,0.0880383109899999,24.9901237
1681164596.0253,25,0.08657631939200117,24.9933071
1681164597.0117645,25,0.08142294203200066,25.003477
1681164597.9981952,25,0.07774824683200099,25.010416
1681164598.9785628,25,0.08147739345599977,25.0028457
1681164599.9644132,25,0.08169100006400067,25.0023269
1681164600.9526434,25,0.07890702606400049,25.0075912
1681164601.9375935,25,0.07949301083400127,25.0061759
1681164602.913963,25,0.07824200837600156,25.0083541
1681164603.9039178,25,0.07622696724000025,25.0119152
1681164604.8853343,25,0.08013676820000126,25.0039405
1681164605.8766143,25,0.07990024220000007,25.0042438
1681164606.8529675,25,0.07949011276200085,25.0048751
1681164607.8396401,25,0.08669835076200019,24.9908256
1681164608.8190894,25,0.08007538891400078,25.0039196
1681164609.8018985,25,0.08105886609800118,25.0018787
1681164610.7823772,25,0.0815405903800002,25.0008811
1681164611.7650094,25,0.0885994730520007,24.9872646
1681164612.748905,25,0.0842896291420002,24.9960403
1681164613.7193522,25,0.08652937287000073,24.9918804
1681164614.698525,25,0.08678530739799993,24.9916954
1681164615.6980848,25,0.08801450089800071,24.989645
1681164616.6772182,25,0.0827597244820002,25.0001487
1681164617.6646414,25,0.08605564281200095,24.9938011
1681164618.651113,25,0.08175786270000057,25.0023059
1681164619.6262639,25,0.0871690706200001,24.991806
1681164620.6174238,25,0.08362523930000064,24.9989356
1681164621.6006737,25,0.08863391942800079,24.9893379
1681164622.5897758,25,0.08827875346000057,24.9904251
1681164623.5731566,25,0.08733043130000034,24.9926128
1681164624.5432396,25,0.09021156282000062,24.9873485
1681164625.5230684,25,0.088529952966001,24.9910583
1681164626.5096028,25,0.08643705471000107,24.9954242
1681164627.5054178,25,0.08883383445000013,24.9909858
1681164628.4925385,25,0.09083807044999957,24.9874782
1681164629.4789603,25,0.093023321618001,24.9837474
1681164630.465445,25,0.08699642488200088,24.9959602
1681164631.4451582,25,0.084224207162001,25.0014476
1681164632.4214299,25,0.08146490392999942,25.0067024
1681164633.4083352,25,0.08245495091999945,25.0045433
1681164634.3981614,25,0.08114143253600112,25.0068988
1681164635.3905845,25,0.08137832668000082,25.0061817
1681164636.3675132,25,0.08330250214999987,25.0022449
1681164637.347535,25,0.08469159995799987,24.9994869
1681164638.3365834,25,0.08547186352599952,24.9980049
1681164639.3203485,25,0.08566286742599977,24.997713
1681164640.2955098,25,0.09009693696199948,24.9892673
1681164641.28414,25,0.08097806646200119,25.007225
1681164642.2733982,25,0.0859672144620007,24.9973526
1681164643.2497075,25,0.08871640252599947,24.9921627
1681164644.2357547,25,0.08339802342600063,25.002695
1681164645.2257435,25,0.07985487142600096,25.0094051
1681164646.2023013,25,0.08479730571400095,24.9995384
1681164647.1788654,25,0.08402167609400119,25.001049
1681164648.1604705,25,0.08053263693400049,25.0077228
1681164649.1415875,25,0.07858359878999939,25.0111808
1681164650.1214492,25,0.07748521539799937,25.0128784
1681164651.1081214,25,0.07718224298200044,25.0129737
1681164652.1143155,25,0.07783063429399951,25.0112209
1681164653.1001563,25,0.08152033520600027,25.0036983
1681164654.091017,25,0.08220910520599992,25.0022315
1681164655.0604393,25,0.08168338275599951,25.0031585
1681164656.0365834,25,0.08127839340400092,25.0038204
1681164657.022654,25,0.08234707557999942,25.0016193
1681164658.0067103,25,0.08409838574000071,24.998188
1681164658.9867272,25,0.08309832602200075,25.0001811
1681164659.9629211,25,0.08665316683800105,24.9933338
1681164660.9493487,25,0.07862452536800117,25.0090351
1681164661.9258397,25,0.07760124720800032,25.010662
1681164662.9162345,25,0.07749524974799953,25.0104618
1681164663.9090815,25,0.08694875762000084,24.9918746
1681164664.8852751,25,0.08191072219599962,25.0018768
1681164665.8654168,25,0.08320303789600049,24.999319
1681164666.8712156,25,0.08422431389600066,24.9973812
1681164667.8608782,25,0.0866045218960008,24.9929046
1681164668.845337,25,0.08619308112800107,24.9939613
1681164669.8246808,25,0.08348021912799995,24.9994106
1681164670.8007743,25,0.08291507796200086,25.0005207
1681164671.7771654,25,0.08327057837799971,24.9998168
1681164672.7672105,25,0.08395413306600111,24.9985084
1681164673.7636166,25,0.08597951706599963,24.9946708
1681164674.7551987,25,0.08555648106600108,24.9956893
1681164675.73936,25,0.08207880638599964,25.0025444
1681164676.7227519,25,0.07499808581,25.0160732
1681164677.7025824,25,0.07772480344200006,25.0102176
1681164678.6893911,25,0.0747103963660004,25.0156402
1681164679.6656866,25,0.08387963756600063,24.997404
1681164680.6422348,25,0.08123363961399994,25.0025939
1681164681.628976,25,0.078215372822,25.0083084
1681164682.610352,25,0.08411323682200002,24.9966468
1681164683.6009662,25,0.08206397429400072,25.0007171
1681164684.5818849,25,0.08402932288600097,24.9969081
1681164685.5679386,25,0.08233868840600085,25.0002784
1681164686.5477958,25,0.0883409181660012,24.988718
1681164687.5441587,25,0.09206231366599955,24.981985
1681164688.5341449,25,0.08381313072200004,24.9985408
1681164689.520605,25,0.08122291872200112,25.0035781
1681164690.5060616,25,0.0904975953459997,24.9855957
1681164691.4998167,25,0.08704040354600034,24.992794
1681164692.4800086,25,0.08438207785000099,24.9981822
1681164693.459696,25,0.08454371865000043,24.99794
1681164694.4462206,25,0.0826483661800002,25.0016651
1681164695.4327588,25,0.08939846037200123,24.9886131
1681164696.4191053,25,0.09143725437199965,24.9851303
1681164697.4055839,25,0.08793821407400103,24.9924221
1681164698.3921525,25,0.09108080788199958,24.9866619
1681164699.3784652,25,0.08767396675199952,24.9937229
1681164700.3650253,25,0.09003212875200096,24.9894294
1681164701.3450906,25,0.0878176178719998,24.994091
1681164702.344736,25,0.0906458570720007,24.9888725
1681164703.3311524,25,0.08606007107200088,24.9981193
1681164704.3142688,25,0.0889519369020009,24.9926261
1681164705.294121,25,0.0836533033179999,25.0031013
1681164706.2842903,25,0.0868960445479999,24.9967441
1681164707.2670174,25,0.08618144104399963,24.9982414
1681164708.2573652,25,0.08393641304400003,25.0026264
1681164709.2434258,25,0.08309368956400111,25.0041484
1681164710.2231364,25,0.08231521013999994,25.0054893
1681164711.2060218,25,0.08360080657199997,25.0028076
1681164712.1930938,25,0.08578971736200064,24.9984893
1681164713.169291,25,0.08101436616200114,25.00774
1681164714.1394258,25,0.07812135457800044,25.0130138
1681164715.125429,25,0.08014009022600013,25.0086364
1681164716.1157134,25,0.08047546533600104,25.0076637
1681164717.101971,25,0.07785455271200013,25.0124168
1681164718.085014,25,0.07747044813600094,25.0126857
1681164719.0650308,25,0.07804386928200024,25.0111083
1681164720.041632,25,0.07795955528200026,25.0108432
1681164721.0277364,25,0.08333659247799986,25.0000858
1681164722.0442047,25,0.07693465286200073,25.0123863
1681164723.0342302,25,0.074221786862,25.0171375
1681164724.020552,25,0.07574305244599955,25.0135612
1681164725.0089877,25,0.07238032444599987,25.0195064
1681164725.9833322,25,0.0709978605759999,25.0214271
1681164726.960049,25,0.07654445374400067,25.0099487
1681164727.949803,25,0.07340051807399992,25.0156211
1681164728.9465363,25,0.07392914407400024,25.0140037
1681164729.9259417,25,0.06989584911400083,25.0212345
1681164730.912761,25,0.07372701242399966,25.0130577
1681164731.9010131,25,0.07963640386400031,25.001192
1681164732.8816302,25,0.0788001138160006,25.0027561
1681164733.8753474,25,0.07404830231600039,25.011795
1681164734.8440237,25,0.07170092321199943,25.0158653
1681164735.818198,25,0.07274867193200102,25.013256
1681164736.804096,25,0.06767347833199999,25.02252
1681164737.7912955,25,0.07472364848199949,25.0081005
1681164738.7643971,25,0.07543453873800064,25.0064258
1681164739.7602048,25,0.07414836110599983,25.0086574
1681164740.7440703,25,0.07674339387600022,25.0033359
1681164741.7203832,25,0.06979609632399959,25.0165882
1681164742.7072585,25,0.07695259232399994,25.0021877
1681164743.686835,25,0.07103372162600001,25.0135021
1681164744.673245,25,0.07501561562600058,25.0053253
1681164745.6561437,25,0.07314331145599991,25.0087261
1681164746.6387649,25,0.07948460369600036,24.996191
1681164747.6224291,25,0.07666917353600095,25.0017528
1681164748.5989249,25,0.07802139254399965,24.9990844
1681164749.5735264,25,0.08271791966400098,24.990076
1681164750.5555735,25,0.08183873361600098,24.9921436
1681164751.5551872,25,0.08528574561600044,24.9858169
1681164752.538281,25,0.09283695099599931,24.9718246
1681164753.5248468,25,0.08656497835600033,24.9849605
1681164754.5013344,25,0.08803829305600017,24.982685
1681164755.4906466,25,0.09231714505600015,24.9751224
1681164756.4672327,25,0.0857110175360001,24.9887695
1681164757.457454,25,0.08527010861600012,24.9900436
1681164758.4439893,25,0.08589722906400052,24.9892139
1681164759.4268,25,0.08608024306400072,24.9892768
1681164760.4064198,25,0.08754240800399965,24.9868698
1681164761.3933108,25,0.08037604493199997,25.0011577
1681164762.3647983,25,0.08301670074199981,24.9960327
1681164763.3595612,25,0.0812570847900002,24.9995689
1681164764.3561456,25,0.08139861878999975,24.9993133
1681164765.3459222,25,0.07653836613400007,25.0086917
1681164766.3289454,25,0.08157555613400039,24.9986705
1681164767.3154163,25,0.0827425035799992,24.9964733
1681164768.2919295,25,0.0801385907999997,25.0016174
1681164769.2718453,25,0.08150932472000082,24.9989185
1681164770.251495,25,0.08184085760000034,24.9983215
1681164771.2380795,25,0.08868500369199929,24.9852066
1681164772.223993,25,0.08200340769199913,24.9986248
1681164773.2212398,25,0.08178466298799936,24.9990978
1681164774.2071366,25,0.08383595898800056,24.9951877
1681164775.194161,25,0.08131188905799935,25.0002269
1681164776.1803095,25,0.0806809494260006,25.0014324
1681164777.1666815,25,0.08660022991599979,24.9899883
1681164778.1568506,25,0.09114478708400003,24.9816112
1681164779.1467252,25,0.08675778708399985,24.990755
1681164780.1403692,25,0.08692084708399957,24.990797
1681164781.126031,25,0.08178509548399902,25.001028
1681164782.1158943,25,0.08095421948399939,25.0025863
1681164783.1032999,25,0.07779885671599968,25.0085601
1681164784.088864,25,0.08106589449200001,25.0019493
1681164785.074582,25,0.07858012204199973,25.0066585
1681164786.065399,25,0.08034227700199985,25.0030155
1681164787.0515404,25,0.07974839500199948,25.0040416
1681164788.02818,25,0.07962714751200047,25.0041217
1681164789.004621,25,0.07836160058400068,25.0064048
1681164789.993874,25,0.0765542484939993,25.0096397
1681164790.981048,25,0.08236138655799997,24.9981002
1681164791.9674273,25,0.08705448380599928,24.9891414
1681164792.9459462,25,0.07633489765600016,25.0101795
1681164793.9435494,25,0.07785335472800044,25.0068721
1681164794.9360178,25,0.07982352472800053,25.002819
1681164795.926743,25,0.07640586472799996,25.009283
1681164796.913152,25,0.07760778224799961,25.0066184
1681164797.8929474,25,0.07588178704799964,25.009695
1681164798.8894017,25,0.07238016704800052,25.016056
1681164799.8756366,25,0.07503363752799973,25.0103416
1681164800.855651,25,0.08320782415200001,24.9942207
1681164801.8414812,25,0.08104123415199951,24.9986095
1681164802.8253043,25,0.07754288219999904,25.0053939
1681164803.795144,25,0.08279175389199948,24.9950866
1681164804.7766204,25,0.08519811270799935,24.9906368
1681164805.7677994,25,0.08446748384399945,24.9923973
1681164806.7478914,25,0.07962933234399916,25.001995
1681164807.7344084,25,0.08562750511199957,24.9903774
1681164808.7207882,25,0.08490697016799906,24.9921283
1681164809.7071447,25,0.08455064416799928,24.9931163
1681164810.6935308,25,0.08493602087799895,24.9926357
1681164811.6835322,25,0.09030861929399875,24.9825763
1681164812.6630287,25,0.08838192052400011,24.9869441
1681164813.6465573,25,0.09166500924399876,24.981121
1681164814.6328306,25,0.09004518617199961,24.9849529
1681164815.609332,25,0.09223592054199921,24.9813079
1681164816.5854943,25,0.09258294590199899,24.9813365
1681164817.5635235,25,0.0949598809919993,24.9774703
1681164818.5525582,25,0.09151767009599923,24.9849472
1681164819.538318,25,0.08866701099599988,24.991003
1681164820.5287225,25,0.08368978177999921,25.0009212
1681164821.5052001,25,0.08214322171599871,25.0038623
1681164822.490726,25,0.08491992361599905,24.998373
1681164823.4798133,25,0.08261468217599939,25.0028705
1681164824.4641485,25,0.08799201678399891,24.9924144
1681164825.450534,25,0.09120144670400002,24.9865264
1681164826.4408858,25,0.08420677870399913,25.0004959
1681164827.427487,25,0.08622309580799944,24.9965972
1681164828.4169118,25,0.08803174960799987,24.993246
1681164829.389683,25,0.08584325776799898,24.997713
1681164830.3629255,25,0.08658692499799915,24.9963665
1681164831.3465033,25,0.08021445294999861,25.0087718
1681164832.3329937,25,0.07896386495000034,25.0108394
1681164833.312697,25,0.08111152288800032,25.0062999
1681164834.29936,25,0.07148881688799857,25.0245628
1681164835.2855947,25,0.07034611365599999,25.0258464
1681164836.2688284,25,0.07723286667999953,25.0116157
1681164837.2584903,25,0.07391201267999942,25.0175552
1681164838.245371,25,0.07487857365000031,25.0150299
1681164839.2247827,25,0.07157149945800037,25.0208244
1681164840.2204227,25,0.0728103794579991,25.017641
1681164841.2079751,25,0.06343423228999995,25.0350151
1681164842.1876745,25,0.06625350119000012,25.028263
1681164843.1707559,25,0.062073400805998796,25.0352363
1681164844.1607106,25,0.06553850873599947,25.0272331
1681164845.1453376,25,0.06628024657599961,25.0247745
1681164846.1333861,25,0.06243248550399891,25.0312404
1681164847.124258,25,0.06307789379399906,25.0288143
1681164848.1101985,25,0.06485424379399901,25.02429
1681164849.0763226,25,0.06799868305799998,25.0173301
1681164850.0589116,25,0.06907943466999941,25.0146026
1681164851.039607,25,0.07348335519999863,25.0055751
1681164852.0190244,25,0.0773863346719985,24.9978523
1681164853.0054264,25,0.0719009086719991,25.0084838
1681164853.9922163,25,0.05557245903199853,25.0395812
1681164854.9753244,25,0.07414388975199925,25.002346
1681164855.9783905,25,0.07773301775199817,24.9953536
1681164856.9648068,25,0.08220161960799914,24.9869308
1681164857.9507558,25,0.07869009160799885,24.9941864
1681164858.9478295,25,0.08021716412799959,24.9914684
1681164859.9398208,25,0.07342873347199866,25.0048542
1681164860.9241476,25,0.07003524544199836,25.0111999
1681164861.9197133,25,0.07430420344199819,25.0025596
1681164862.897025,25,0.07701930763399863,24.9972381
1681164863.887444,25,0.07842269913799821,24.9946422
1681164864.876187,25,0.07799326713799952,24.9956741
1681164865.906386,25,0.07706196660999927,24.9976329
1681164866.887886,25,0.081223392609998,24.9897212
1681164867.8819833,25,0.08454698140999864,24.983715
1681164868.8720436,25,0.08622878626999911,24.9810962
1681164869.8476236,25,0.08425955071799868,24.9856014
1681164870.8353677,25,0.08805339585999865,24.9788341
1681164871.819382,25,0.08836564185999937,24.9790477
1681164872.794591,25,0.0933137501639985,24.9703197
1681164873.7806175,25,0.0972343328959985,24.9638786
1681164874.7606282,25,0.09516091251199942,24.9692363
1681164875.7411375,25,0.08916718316199958,24.9819355
1681164876.7178543,25,0.09547791351399912,24.9704761
1681164877.6973794,25,0.09351405803199878,24.9753589
1681164878.6706126,25,0.09113337542399874,24.9808731
1681164879.6502452,25,0.09286326627399885,24.9782695
1681164880.6967378,25,0.09208101999999814,24.9806327
1681164881.6838703,25,0.09196753703999863,24.9815845
1681164882.6600084,25,0.09101594911999837,24.9841136
1681164883.6496506,25,0.09514470764799911,24.9767704
1681164884.6263533,25,0.09627391635199845,24.9754772
1681164885.6159778,25,0.09254916052199894,24.9835739
1681164886.5951798,25,0.09010398687399884,24.9889011
1681164887.5751064,25,0.0897049167059995,24.9900836
1681164888.5515213,25,0.07992055248199775,25.0092868
1681164889.5217896,25,0.0745842735339978,25.0192146
1681164890.5079644,25,0.08005232233399934,25.007965
1681164891.4880896,25,0.07896062744399825,25.0097637
1681164892.4645412,25,0.07359773789199932,25.0197257
1681164893.4510355,25,0.07941035791199837,25.0077934
1681164894.4276588,25,0.08089647026399872,25.0046386
1681164895.4139502,25,0.07268675220399794,25.0202598
1681164896.3904476,25,0.07519523319599825,25.0146656
1681164897.3705199,25,0.06867300037799882,25.0266761
1681164898.3641355,25,0.06831353280999848,25.0263576
1681164899.3432078,25,0.0660943528099981,25.0296115
1681164900.3197458,25,0.06485375383399891,25.0308952
1681164901.306226,25,0.06788250890599903,25.0238971
1681164902.2862422,25,0.06791527336599928,25.0229282
1681164903.2624245,25,0.07138325486999873,25.0153961
1681164904.2389874,25,0.07455825182999909,25.0087032
1681164905.2288518,25,0.06705239560599942,25.0228309
1681164906.2418122,25,0.06996641917399873,25.0163288
1681164907.2240937,25,0.07494606422999871,25.0061283
1681164908.197486,25,0.07198021242999833,25.01161
1681164909.1737854,25,0.07483513402999796,25.00568
1681164910.1466246,25,0.07751559226999911,25.000307
1681164911.1304576,25,0.08048315946999839,24.994585
1681164912.1102607,25,0.08222066932399912,24.9914417
1681164913.099691,25,0.07823412332399861,24.9994373
1681164914.0892446,25,0.08270587939399957,24.9908485
1681164915.0794039,25,0.08205576539399925,24.9924507
1681164916.0566485,25,0.07804128307399875,25.0004615
1681164917.032156,25,0.07881231319399808,24.9989604
1681164918.0397608,25,0.0803951851939984,24.9959564
1681164919.0296714,25,0.08796932836199903,24.9815349
1681164920.0074909,25,0.08445611660199856,24.9889945
1681164920.9883816,25,0.08778047110199808,24.983015
1681164921.97892,25,0.08002051202999831,24.9985904
1681164922.96537,25,0.08186214402999856,24.9951
1681164923.9477913,25,0.08104675643999887,24.9968547
1681164924.9317217,25,0.08175986695199867,24.9956016
1681164925.9078345,25,0.0850036409619994,24.9895267
1681164926.9044633,25,0.08041726654599882,24.9987487
1681164927.8803253,25,0.08768664707399881,24.9848079
1681164928.8645916,25,0.08877359191399922,24.983282
1681164929.842962,25,0.0900382859939984,24.9814815
1681164930.8232243,25,0.08532890555399801,24.9912452
1681164931.793422,25,0.08173357198599907,24.9984951
1681164932.7822206,25,0.08436826673599934,24.9934825
