t,i,temp_desired,temp_tc,temp_therm,res_therm
1684195150.612615,0,22.9437923,22.9285373,0,0
1684195155.6235588,0.040666464256062414,22.86017386970342,22.937622,0,0
1684195160.6285133,0.08183495658213731,22.776843600048828,22.9290199,0,0
1684195165.654919,0.11593429731904607,22.69314884401779,22.9029998,0,0
1684195170.6504846,0.13311315423164055,22.609770314469145,22.84235,0,0
1684195175.6695087,0.14638917952679895,22.526234671050513,22.7729892,0,0
1684195180.675293,0.1454452651690977,22.442722849621582,22.6758937,0,0
1684195185.6961539,0.1312640255884674,22.359212208364614,22.5542678,0,0
1684195190.6967185,0.1182797811409721,22.275841065818277,22.4368534,0,0
1684195195.7023082,0.10427221245514809,22.192439203038024,22.3191032,0,0
1684195200.708509,0.09292979668562701,22.108949423406727,22.2079772,0,0
1684195205.7178397,0.08678531806729259,22.025434486641693,22.1080303,0,0
1684195210.7280147,0.08523711584100088,21.941860612803904,22.0175628,0,0
1684195215.7755914,0.10278674966831033,21.85780071474533,21.9632797,0,0
1684195220.7330894,0.1117599091901478,21.775025976274616,21.8926086,0,0
1684195225.7559693,0.11752790316544932,21.691505893641917,21.814476,0,0
1684195230.7542825,0.13170172553970189,21.6079964126887,21.7520866,0,0
1684195235.765586,0.13991860926542593,21.52448327995758,21.6773414,0,0
1684195240.7856789,0.13921157439115744,21.44097257114868,21.585205,0,0
1684195245.793969,0.14066689557128312,21.35753329254608,21.4976482,0,0
1684195250.803445,0.1430705396271647,21.274086261366016,21.4121074,0,0
1684195255.8097281,0.14021484110723426,21.190536320779927,21.3165264,0,0
1684195260.822377,0.1442993195308409,21.106906839782205,21.2346591,0,0
1684195265.8277893,0.15004438520019933,21.02355419851761,21.156166,0,0
1684195270.8299234,0.15001976371441572,20.940209544275408,21.0664596,0,0
1684195275.8504107,0.15483704386881034,20.85666299718043,20.9860572,0,0
1684195280.8975053,0.16309689117248816,20.772519259228513,20.9114227,0,0
1684195285.8627927,0.16772386903404474,20.689723746552275,20.8308677,0,0
1684195290.8669612,0.17265656559399994,20.606194417252347,20.7499923,0,0
1684195295.8780046,0.1767173143562457,20.52276097593129,20.6674461,0,0
1684195300.8982677,0.1780798659521649,20.43917279697876,20.5795421,0,0
1684195305.897857,0.16842277911135417,20.35576276836217,20.4710369,0,0
1684195310.9125197,0.17179902222216611,20.272185679847208,20.3883838,0,0
1684195315.9190316,0.16969040846542777,20.1886605308197,20.295309,0,0
1684195320.9309282,0.1744838509538628,20.10505472876053,20.2157382,0,0
1684195325.9462023,0.18000424152581546,20.021541699344127,20.137453,0,0
1684195330.9549265,0.19040680639963903,19.93816467580617,20.0683708,0,0
1684195335.9568727,0.2009564920160056,19.854779828165178,19.9988803,0,0
1684195340.9568365,0.21276193372702337,19.77136383511047,19.9310646,0,0
1684195346.0136275,0.21687826911937702,19.687253253235625,19.8471183,0,0
1684195350.9762452,0.21710324329547306,19.60445696172536,19.757183,0,0
1684195355.979914,0.22043613836479126,19.520979158654022,19.6727809,0,0
1684195360.994667,0.2113151150108373,19.437483259612527,19.5646648,0,0
1684195366.000106,0.21603799422742506,19.35397598800481,19.4840774,0,0
1684195371.0240266,0.21344376963198958,19.270349666053264,19.3892974,0,0
1684195376.0381367,0.22098770624317915,19.18684204079132,19.314495,0,0
1684195381.0474398,0.2219169978830382,19.10330746628265,19.226633,0,0
1684195386.0515318,0.22085205193876645,19.01995147921066,19.1353759,0,0
1684195391.0511653,0.22733074663961364,18.936458337877397,19.0587081,0,0
1684195396.0548499,0.23104130281507868,18.853066429072825,18.9765625,0,0
1684195401.063454,0.23819736742434844,18.769586841835782,18.900814,0,0
1684195406.0753832,0.24930839678843775,18.686056888673907,18.832199,0,0
1684195411.132854,0.2559251113330805,18.601903888160194,18.7535991,0,0
1684195416.1023014,0.25453573814094266,18.519106682712046,18.6609954,0,0
1684195421.1073802,0.2662092979310915,18.435521412466173,18.5928649,0,0
1684195426.1201594,0.27292683905288195,18.352141674930063,18.5147647,0,0
1684195431.1270149,0.2741732008480876,18.268531064762875,18.4257602,0,0
1684195436.1338553,0.27310749215797875,18.185080087755328,18.3327922,0,0
1684195441.1621237,0.26474686451816365,18.101438022230273,18.2261734,0,0
1684195446.1749806,0.27242566610024854,18.01780914125264,18.1512107,0,0
1684195451.186972,0.2841726316971265,17.934290989810435,18.0836925,0,0
1684195456.1977544,0.28686425102979884,17.850764509612528,17.9981575,0,0
1684195461.2083254,0.2919486457437829,17.767255624705758,17.9172916,0,0
1684195466.2046208,0.2897994850580671,17.68390073435923,17.8226985,0,0
1684195471.22344,0.2979376550355508,17.60025377727966,17.7479209,0,0
1684195476.244328,0.2972758688803363,17.516574597929125,17.6559295,0,0
1684195481.2455938,0.2999798201406819,17.43331096229375,17.5711803,0,0
1684195486.2539904,0.3060015606981288,17.349827186837004,17.4926013,0,0
1684195491.2702014,0.307521334134936,17.26622790552597,17.4050769,0,0
1684195496.2909174,0.31944783828065604,17.182623446558125,17.337532,0,0
1684195501.299094,0.324428868969596,17.099091466838328,17.2561111,0,0
1684195506.300699,0.3277039190694477,17.015633535955555,17.1713905,0,0
1684195511.315788,0.3222694459922147,16.932131211533353,17.0701198,0,0
1684195516.3117585,0.3260623716699892,16.848782476359812,16.9874248,0,0
1684195521.3245056,0.33038837523992676,16.76532022215347,16.9055805,0,0
1684195526.3400033,0.3364944632030522,16.681762163414763,16.8269519,0,0
1684195531.348028,0.33995821379165947,16.598336240226235,16.7432098,0,0
1684195536.3388083,0.3451838974771648,16.515052497957356,16.662981,0,0
1684195541.4070094,0.35007127566117,16.430629253957875,16.5807342,0,0
1684195546.362898,0.3513254472399381,16.34788188594004,16.4932708,0,0
1684195551.3796954,0.3585043814825705,16.264362486773933,16.4164791,0,0
1684195556.393405,0.369028877102394,16.18081397669932,16.3457336,0,0
1684195561.4110637,0.37041486012115654,16.097203461899564,16.2568626,0,0
1684195566.408008,0.3731149641470345,16.013853522712196,16.1710529,0,0
1684195571.4285576,0.3712117528775715,15.930327471667734,16.076416,0,0
1684195576.4411669,0.37423515987797756,15.846705262436675,15.9915533,0,0
1684195581.4615476,0.37618211917943073,15.763118494127399,15.9047775,0,0
1684195586.4623258,0.38121113429090436,15.679765499208575,15.8242359,0,0
1684195591.455384,0.3845239299723671,15.596327655091095,15.7402286,0,0
1684195596.4791992,0.38730608153336327,15.512841332529193,15.6551675,0,0
1684195601.4922848,0.3998170323119385,15.429220851832834,15.5885772,0,0
1684195606.5234976,0.39976458767647277,15.345415751709746,15.4970607,0,0
1684195611.4968839,0.4045415358320782,15.262363593354033,15.4159097,0,0
1684195616.523235,0.4149736559322792,15.178778315160876,15.3448581,0,0
1684195621.5266714,0.4138086058976583,15.095283194953408,15.251213,0,0
1684195626.5340528,0.41805561574922273,15.011861881190743,15.168456,0,0
1684195631.5565464,0.42339752926503954,14.928252908164469,15.0875167,0,0
1684195636.5525963,0.34328247584727345,15,14.9990797,0,0
1684195641.5610204,0.301895873347274,15,14.9202919,0,0
1684195646.575167,0.26765585499251043,15,14.8588886,0,0
1684195651.5757325,0.2481523724925106,15,14.8284587,0,0
1684195656.5833933,0.24709174999251005,15,14.8346071,0,0
1684195661.5871568,0.2676533999925104,15,14.881648,0,0
1684195666.5928109,0.2817679270283842,15,14.9141817,0,0
1684195671.6570127,0.3061024306143981,15,14.9646406,0,0
1684195676.5918581,0.3213058459384011,15,14.9952812,0,0
1684195681.6054726,0.33156040593840064,15,15.0150384,0,0
1684195686.6184218,0.3277221917184055,15,15.0070104,0,0
1684195697.6314342,0.3478621785423694,14.9964532,15.039051,0,0
1684195702.6457596,0.39454622472933104,15.079792473929595,15.2092838,0,0
1684195707.6449838,0.39578227070806743,15.163302705901335,15.2889642,0,0
1684195712.6567993,0.35378318132953834,15.246643152055613,15.2863225,0,0
1684195717.6728413,0.2945062818449307,15.330267379897307,15.2551603,0,0
1684195722.6769753,0.2187549579571441,15.413646088259886,15.1978273,0,0
1684195727.6794162,0.1688774175193698,15.49715885144221,15.1966581,0,0
1684195732.6818123,0.12306775336910625,15.580559994993083,15.2071123,0,0
1684195737.6940186,0.10412767229108594,15.664088561353555,15.2724037,0,0
1684195742.7106788,0.1043059516749481,15.747550521510314,15.3748569,0,0
1684195747.717603,0.11882609015557483,15.830970734573873,15.5037317,0,0
1684195752.7311678,0.1415802005390736,15.914632580893707,15.6463584,0,0
1684195757.767891,0.15779046506786615,15.998658762591552,15.7741346,0,0
1684195762.7508984,0.1770922506963657,16.081552722272747,15.9044332,0,0
1684195767.753235,0.18561387375954524,16.165083668845366,16.0126533,0,0
1684195772.7673664,0.17711354699398657,16.248671529906463,16.0873317,0,0
1684195777.784637,0.1676086968279703,16.332106457369996,16.160345,0,0
1684195782.782132,0.15763600865231092,16.415633819716643,16.2330837,0,0
1684195787.7975633,0.1488685794731181,16.499047821976216,16.3084907,0,0
1684195792.8022606,0.13857992704401131,16.582612870352936,16.3815631,0,0
1684195797.8234265,0.1242105905448447,16.666185377257538,16.4473705,0,0
1684195802.8229263,0.11988972059130815,16.74957854968058,16.5329532,0,0
1684195807.848884,0.11777557562409258,16.833168453194173,16.6228637,0,0
1684195812.8384585,0.12241202240619287,16.91654891393331,16.72509,0,0
1684195817.8603358,0.112014793226249,17.000096470333606,16.7979812,0,0
1684195822.9058886,0.10571220566305106,17.084044712997944,16.8796386,0,0
1684195827.8800328,0.10670254042025765,17.16722078146286,16.9744071,0,0
1684195832.8957233,0.10976248597600222,17.250624209858447,17.0728206,0,0
1684195837.9031272,0.10721213083141623,17.334169509229532,17.1599998,0,0
1684195842.9121144,0.11012177508088644,17.417564434029135,17.2572307,0,0
1684195847.916055,0.10210935808449584,17.50107815088577,17.3331432,0,0
1684195852.9251375,0.0918107650891394,17.584532116072843,17.4049777,0,0
1684195857.92893,0.08516851700231806,17.66800112547226,17.484373,0,0
