t,i,temp_desired,temp_tc,temp_therm,res_therm
1681777355.7908356,28.3969211,0,28.234741225.94791094225151,1037.89758
1681777360.7858415,28.313647307733156,0,28.101531925.79269359275055,1037.43115
1681777365.7848375,28.23025682546641,0,27.979291925.64581505492592,1036.98987
1681777370.805429,28.146736460705057,0,27.867803525.49341647921057,1036.5321
1681777375.8188338,28.0631706136261,0,27.756578425.346843708342078,1036.09192
1681777380.8283298,27.979666290461477,0,27.649763125.201173973708386,1035.65454
1681777385.8485847,27.89600130099004,0,27.547883925.054745395665048,1035.21497
1681777390.837884,27.812644455611167,0,27.460611324.91849367885377,1034.80603
1681777395.8574574,27.729160314579264,0,27.373083124.781769778418216,1034.39575
1681777400.853743,27.645737689514416,0,27.277971224.65698356184542,1034.02136
1681777405.8728316,27.562308356940207,0,27.184587424.525461335733215,1033.62683
1681777410.886293,27.478720050831097,0,27.095020224.395829279280292,1033.23804
1681777415.8972685,27.39517661509857,0,27.010564824.273908183872624,1032.87244
1681777420.911286,27.311589683869933,0,26.932046824.150905836385586,1032.50366
1681777425.9189515,27.22811821081187,0,26.847530324.02906697208438,1032.13843
1681777430.9258332,27.144729675630188,0,26.776620823.917388094774207,1031.80371
1681777435.9318497,27.061305413424428,0,26.698673223.801213385927028,1031.45557
1681777440.917894,26.977972676137544,0,26.622220923.69137187520573,1031.12646
1681777445.9388447,26.89451436775869,0,26.563041623.58045880316609,1030.79419
1681777450.9186502,26.811273660043334,0,26.473850223.47710779487195,1030.48462
1681777455.9864693,26.726819882571156,0,26.40441723.36408151984029,1030.14612
1681777460.9680994,26.644036139825438,0,26.353923723.266814712067173,1029.85486
1681777465.9798508,26.560487029730734,0,26.304002723.16244023112801,1029.54236
1681777470.9826725,26.477146317342378,0,26.233510923.06392363340454,1029.24744
1681777475.9961581,26.393542637208558,0,26.1924822.96473875959793,1028.95056
1681777481.0158362,26.30993141112671,0,26.114288322.868561083353434,1028.66272
1681777486.0143745,26.226603903153993,0,26.059120122.775756083316725,1028.38501
1681777491.035845,26.142869426587676,0,25.989448522.687468165502864,1028.12085
1681777496.0386355,26.059520361601766,0,25.948633122.600924450880353,1027.86194
1681777501.0358217,25.976020087579347,0,25.898061722.513307234428016,1027.59985
1681777506.059604,25.892486148853557,0,25.835674222.422867403788302,1027.32935
1681777511.0612934,25.809120815773266,0,25.792554822.34192335693707,1027.08728
1681777516.0693645,25.72567547736511,0.006724186365126764,25.738481522.257829857290528,1026.83582
1681777521.1143384,25.641387698828634,0.02628611536443099,25.690822622.17564313757494,1026.59009
1681777526.074111,25.55870555418676,0.04840226138336688,25.647939622.097651931525103,1026.35693
1681777531.106793,25.475053125400798,0.07288276018329674,25.606647422.020552248685092,1026.12646
1681777536.1173093,25.391559562861378,0.08332563063644545,25.536756521.949122240090322,1025.91296
1681777541.128768,25.307977221190388,0.10448790342060485,25.486543621.867107867293676,1025.66785
1681777546.1328433,25.224632864971415,0.12293247490580565,25.429828621.791536385601603,1025.44202
1681777551.1308374,25.141336160679117,0.1420898455349758,25.373250921.712606729323728,1025.20618
1681777556.12683,25.057840209980267,0.1582326556348952,25.309459621.63485338844667,1024.97388
1681777561.1573095,24.974225212911225,0.17611408880160584,25.247880921.553168220018346,1024.72986
1681777566.1625352,24.890715676327005,0.18462250204225666,25.167507121.471758394700004,1024.48669
1681777571.1791995,24.807140626290895,0.19675566064093925,25.093818621.384948409016577,1024.22742
1681777576.1778336,24.723824395516967,0.19542376863997984,24.994314121.29884128895274,1023.97028
1681777581.188232,24.640369417050934,0.1956516399467237,24.898412721.210901904360675,1023.7077
1681777586.2330363,24.556073464730837,0.2030881002541417,24.815837821.120888409063653,1023.43896
1681777591.2028418,24.473232783654787,0.21009560222617246,24.734054521.026592307412237,1023.15747
1681777596.2118268,24.389736387907917,0.21435973667888253,24.646221120.93453209676337,1022.88269
1681777601.2376652,24.306169646759287,0.2174023208604775,24.556198120.84205132070675,1022.60669
1681777606.2458344,24.222720592994946,0.2081022454177744,24.443128520.738368286039055,1022.2973
1681777611.2455342,24.139403090655264,0.19980709682123343,24.333515120.64621095232237,1022.02234
1681777616.254849,24.055903134524282,0.19745969189104048,24.236274720.543890988159497,1021.7171
1681777621.2588434,23.9725531198377,0.1891319512383895,24.128473220.44921097161489,1021.43469
1681777626.2572877,23.888992060998536,0.18492624367613042,24.029455120.33689706329884,1021.09973
1681777631.2753813,23.805570675710296,0.1724469944274933,23.91557520.236867428092797,1020.80145
1681777636.278829,23.721986585636394,0.17178332885708864,23.825473720.136414691708353,1020.50195
1681777641.2923017,23.638487666626233,0.17068669564718547,23.734943320.03676985760705,1020.2049
1681777646.3146286,23.554920436719513,0.1636828904796216,23.633430419.940302008707786,1019.91736
1681777651.3488324,23.470971955636596,0.16226939358054773,23.543029719.838599893655154,1019.61426
1681777656.3103294,23.388121491451518,0.160870796190968,23.454103419.73846078888682,1019.31586
1681777661.315846,23.30471427220052,0.15575756651145237,23.357814719.64127831770161,1019.02631
1681777666.3302934,23.221116926053618,0.15452734805911367,23.269338619.547913066881723,1018.74817
1681777671.3301654,23.137755979875184,0.16083691165145117,23.195699619.44664571849745,1018.44653
1681777676.339929,23.054237109203594,0.16123849202042026,23.110177919.361495459312046,1018.19293
1681777681.367256,22.970536372839863,0.1727039817434626,23.045640919.268322285043705,1017.91547
1681777686.3861294,22.887068376719412,0.1873226048049558,22.986427319.178086006811306,1017.64679
1681777691.3902295,22.80366973656362,0.196251183968762,22.915304119.09171484630684,1017.38965
1681777696.3873088,22.720169502277628,0.1986345508586377,22.831010819.00274984301799,1017.12482
1681777701.414863,22.636586997687274,0.2131838224867753,22.76984418.91483894224641,1016.86316
1681777706.4176571,22.55299960154241,0.22033851196052637,22.693517618.82913176877033,1016.60809
1681777711.4248266,22.469519903043366,0.2330153361339643,22.627492918.743847919350614,1016.35431
1681777716.452906,22.38572296478297,0.24151532036356066,22.552314718.656254933945043,1016.09369
1681777721.44883,22.302531136849975,0.2530265584088094,22.483116118.57683663309433,1015.85742
1681777726.471681,22.21900312679952,0.26782987526404767,22.419185618.48577731538916,1015.58655
1681777731.457838,22.135690770327503,0.2687886067418691,22.328166918.398398342030696,1015.32666
1681777736.4738104,22.052057307739513,0.27770410880176066,22.252319318.310168056461958,1015.06427
1681777741.5020733,21.96844064571406,0.28875081787756707,22.180145218.22759388044988,1014.81873
1681777746.516263,21.884838578879293,0.2956543360406625,22.099578818.139093723202443,1014.5556
1681777751.5195732,21.801503163357037,0.2964353997178647,22.007505418.05136647510264,1014.2948
1681777756.536784,21.71793640234019,0.30447126032756233,21.929405217.96143156595773,1014.02747
1681777761.541985,21.63447500246709,0.3043273802024336,21.835599817.866572741616515,1013.74554
1681777766.5468223,21.551046325543975,0.3127848405253917,21.758703217.773410956549693,1013.46869
1681777771.5592782,21.467546293913777,0.31507355176113766,21.669643417.691000574738545,1013.22382
1681777776.580828,21.38383590557124,0.32211045594868204,21.589681617.587374282719818,1012.91595
1681777781.5978358,21.300153960565186,0.31854548500970875,21.489351217.501407675424538,1012.66058
1681777786.5888586,21.216954360186513,0.3233078906591931,21.406242317.414855025124144,1012.4035
1681777791.6006467,21.133479020773823,0.3264058715885346,21.319625817.312774939349744,1012.10034
1681777796.6012788,21.049920401751454,0.33424802631979567,21.242111217.221285838429274,1011.82867
1681777801.6068122,20.96654948967641,0.34046904261540667,21.161437917.1254702705296,1011.54419
1681777806.6131485,20.88303948022868,0.3432777453335559,21.073997417.03290960869543,1011.26941
1681777811.6187372,20.799593263645427,0.3512246125417858,20.996566716.93628386098728,1010.9826
1681777816.6345718,20.716237077891286,0.3545144059715756,20.910097116.836706748402914,1010.68707
1681777821.656831,20.632546510079955,0.3546662733004378,20.817436216.744439097234544,1010.41327
1681777826.6621683,20.54907948352839,0.3547623352292061,20.725322716.650696759651172,1010.13513
1681777831.6800318,20.465504187126413,0.36278146403706885,20.648601516.556325277111476,1009.85516
1681777836.6912878,20.38197044708277,0.3624788749260553,20.55574616.460441083480777,1009.57074
1681777841.6970496,20.29855423150406,0.3624294419278102,20.463960616.36431477769229,1009.28564
1681777846.732151,20.21462961612091,0.36745333944837855,20.381679516.262456056978984,1008.98358
1681777851.703798,20.131786101837413,0.37848085031396095,20.311939216.172276451360204,1008.71619
1681777856.705844,20.048404067535657,0.3828842134788948,20.228340116.0751838495507,1008.42834
1681777861.7143946,19.964903674303947,0.3869242332371499,20.143966615.977298763922601,1008.13818
1681777866.7158272,19.88158636667277,0.38699511538591935,20.052257515.88531184055856,1007.86554
1681777871.7202246,19.79798665223465,0.39394689949093914,19.973745315.78686424781931,1007.57379
1681777876.7197673,19.714612477798717,0.3999751772639357,19.893484115.692007698108858,1007.29272
1681777881.7268083,19.631138982156372,0.4027828570406301,19.806814115.595781629666192,1007.00763
1681777886.7648418,19.54740400491104,0.4176107949451656,19.742929415.492247127167738,1006.70093
1681777891.7748346,19.4639372207517,0.4291692699323856,19.672136315.403267061160598,1006.43738
1681777896.7738113,19.38060369270986,0.43325648413555795,19.586673715.311699401206141,1006.1662
1681777901.7831059,19.297086387653607,0.4465429794557226,19.518619515.21107222248085,1005.86823
1681777906.7969189,19.213554074147797,0.45132027435493305,19.433637615.121415427526044,1005.60278
1681777911.843787,19.12940769769694,0.4490899820139998,19.33467115.01434958922685,1005.28583
1681777916.8068404,19.046713131447092,0.454119401816104,19.251842414.919657544108855,1005.00555
1681777921.80775,18.96318638898875,0.46055607801344045,19.170776314.824770491503207,1004.72473
1681777926.820841,18.87965168732351,0.4685998988489392,19.092647514.728860351055049,1004.44092
1681777931.837348,18.79621254779841,0.46990950991652686,19.001560214.630253578013692,1004.14917
1681777936.849827,18.71267981706009,0.47724513314982503,18.922189714.531653491597464,1003.85748
1681777941.8492067,18.6292985377505,0.4805770668608558,18.835178314.433702484879646,1003.56775
1681777946.8488038,18.545785985171257,0.4884752805623862,18.75687414.333053171162774,1003.27008
1681777951.8640943,18.46218866286621,0.49990760616105523,18.684968914.236373614475413,1002.98419
1681777956.8772902,18.378652892291008,0.5077289791413816,18.605722414.135490185641036,1002.68591
1681777961.8792627,18.295302889525352,0.5127051582860753,18.52103814.038371191499383,1002.3988
1681777966.8968415,18.211888601163484,0.5225610328018327,18.445611913.939672513410185,1002.10706
1681777971.9216788,18.12815411267624,0.533313972280046,18.371194813.833603769837792,1001.79358
1681777976.9518497,18.044115708052573,0.5325439953716944,18.274013513.737435331183203,1001.5094
1681777981.9149346,17.96136144576416,0.5402529788983701,18.195064513.6357570866127,1001.20898
1681777986.945238,17.87775375622457,0.5442839746500567,18.107971113.53929457160833,1000.92401
1681777991.9466977,17.794379951337433,0.5557590758101899,18.035491913.436640110487394,1000.62079
1681777996.952856,17.710952895660654,0.5633668387570628,17.955074313.332521590325895,1000.31329
1681778001.9588501,17.627536342322287,0.5720623386575325,17.876560213.233413741912274,1000.02063
1681778006.9431455,17.544217480996704,0.5804569522954075,17.797372813.12992878440184,999.715088
1681778011.973239,17.46055284915314,0.5832671177244322,17.706968313.034161806818679,999.432373
1681778016.9748306,17.377039521713513,0.5864937616556742,17.617830212.927463447980061,999.117432
1681778021.988515,17.293447841981507,0.587880392972139,17.525413512.82443020601084,998.813354
1681778027.0057006,17.21003713784561,0.5970021236211254,17.448297512.722789241327014,998.513428
1681778032.0098364,17.126635096251427,0.6006000920119328,17.36040312.621195482305753,998.213684
1681778037.0038354,17.043220497945406,0.6092073112163068,17.282251312.514828246249467,997.899902
1681778042.069851,16.95901969450658,0.6181615311242437,17.20357712.412459944652818,997.597961
1681778047.0212867,16.876336564401246,0.6284986741275614,17.129051212.310635792045957,997.297668
1681778052.0231555,16.792951196213025,0.6297235508163466,17.035964912.206002787567305,996.989136
1681778057.0322866,16.709620155671693,0.6383157646952196,16.957427912.10015329052388,996.677063
1681778062.0314205,16.6260266003802,0.6371816208588805,16.859840312.00062435324017,996.383667
1681778067.0627525,16.542419697621916,0.6407857057498637,16.771894411.892652866582585,996.06543
1681778072.0528445,16.459102433700814,0.654736359278586,16.704259811.793550350994469,995.773376
1681778077.0721295,16.37560634392446,0.6577501730571417,16.614793711.689442130708143,995.466614
1681778082.0863826,16.29200376846339,0.6559639663109744,16.516366911.58357797838627,995.154724
1681778087.0887249,16.208521431465403,0.6618231509448169,16.433326711.480122817449805,994.849976
1681778092.098315,16.12493737715429,0.6613381276853479,16.338081311.375408844569202,994.541565
1681778097.1242957,16.0414364594017,0.6631615200765996,16.247903811.267632550279536,994.224182
1681778102.137676,15.957836589991507,0.6707767533276758,16.168947211.175595346100298,993.953186
1681778107.175439,15.873890497068023,0.675160331082866,16.083204211.068535110028522,993.638
1681778112.1488333,15.791028755684154,0.6746926356903681,15.989542910.964486610117623,993.331726
1681778117.155427,15.70758756973292,0.6781151319226614,15.903167710.86438390897621,993.037109
1681778122.1628444,15.624121167043304,0.6836326452088153,15.820869410.76445403556113,992.743042
1681778127.1758373,15.540553360958354,0.6971261081184591,15.75360210.661937477305212,992.441406
1681778132.1778386,15.457214615523275,0.7050342979479162,15.675181310.566356899704514,992.160217
1681778137.1831417,15.373756048857626,0.7145002750593005,15.599373810.462214177176415,991.853882
1681778142.173863,15.290370354830678,0.7134232357020073,15.503192910.363223741511941,991.562744
1681778147.186165,15.207004008471426,0.7244470036698475,15.430689810.261666512530917,991.264099
1681778152.1788404,15.123614511668142,0.7350792218108559,15.356864910.164516826832578,990.978455
1681778157.1948032,15.040048215567525,0.7436713851108252,15.278523410.066938163690526,990.691589
1681778162.2054887,14.956487343489584,0.7529051550625565,15.20119479.969761854403396,990.405945
1681778167.2100644,15,0.6996797290313505,15.13165289.865033178662285,990.098145
1681778172.2423015,15,0.6535585312713513,15.0375289.770487829886616,989.820313
1681778177.2358694,15,0.6148429562713514,14.9619979.671234888712723,989.528687
1681778182.2408276,15,0.5808080112713514,14.89897829.575354512403731,989.247009
1681778187.2688391,15,0.5313047695018351,14.80955319.48326410586885,988.976501
1681778192.2623065,15,0.4992139127338392,14.75745969.389915178193975,988.702332
1681778197.2720742,15,0.4561422114738334,14.68701559.30607321283163,988.456116
1681778202.2738512,15,0.4172294089738334,14.62779999.222741072717788,988.211426
1681778207.2820165,15,0.38211488890642675,14.57869919.144742126218492,987.982422
1681778212.2968476,15,0.3448951464064266,14.52786639.074510740706959,987.776245
1681778217.3084326,15,0.31873042839841903,14.50058749.007474854246784,987.579468
1681778229.5178356,14.4809789,0.5648638437669173,14.47461128.869785752170202,987.175354
1681778234.5464294,14.4809789,0.5718193599994162,14.4881628.837007764738406,987.079163
1681778239.559411,14.56453054527893,0.5348007733603543,14.50086978.806016689815419,986.98822
1681778244.564274,14.647946403229778,0.5015698868041857,14.52402018.780037367805868,986.911987
1681778249.5627902,14.731245328788503,0.4630636158051106,14.5398758.756012642890386,986.841492
1681778254.574834,14.814817335014089,0.4193109848901603,14.5492628.733484655765801,986.775391
1681778259.5683274,14.898235744043731,0.3788191825284192,14.56824588.704423957698065,986.690125
1681778264.5674803,14.981561595007324,0.3288786846714393,14.57216078.683620693610818,986.629089
1681778269.591744,15.065060108705902,0.27100578510450335,14.56492048.661277875575268,986.563538
1681778274.6123013,15.148724251791382,0.2234623685828262,14.58192828.639391790927988,986.499329
1681778279.6148403,15.232130429947917,0.17859853052145508,14.6069658.625556399300857,986.45874
1681778284.6254213,15.31565493524526,0.13210616449165208,14.63170248.616027686889117,986.430786
1681778289.6373734,15.399196662311299,0.08798267517112535,14.66387368.610514378277493,986.414612
1681778294.6498287,15.482697238330587,0.047013960724136994,14.70447258.61240760161001,986.420166
1681778299.6432383,15.56594155411377,0.015900551479701597,14.76551158.619876819442316,986.442078
1681778304.6998377,15.650190021400197,0,14.82921888.637207201590305,986.49292
1681778309.6620393,15.73289665560379,0,14.90650088.660050467532349,986.559937
1681778314.656663,15.816372285092417,0,14.98396778.69267030435363,986.65564
1681778319.6607761,15.899768028462473,0,15.06445318.73017701901801,986.765686
1681778324.6763558,15.983194432461802,0,15.17600828.78057820869218,986.913574
1681778329.6901114,16.066685153846485,0,15.26337058.835156373734272,987.07373
1681778334.6888688,16.150052747929635,0,15.37403488.893910890930794,987.246155
1681778339.7038538,16.233571137790427,0,15.48521238.956736124920383,987.430542
1681778344.6967926,16.317020839258575,0,15.588179.032219085509727,987.6521
1681778349.7108352,16.400620096727753,0,15.72121529.102267304260758,987.857727
1681778354.7335951,16.484097426935577,0,15.84846119.181934078328819,988.091614
1681778359.7372887,16.567533272310637,0,15.97997189.26265174411498,988.328613
1681778364.7526734,16.651061711514537,0,16.10814479.349242423670605,988.582886
1681778369.7944605,16.73512453814799,0,16.2391499.43802510414012,988.843628
1681778374.7551706,16.817987189496105,0,16.35416419.529809539127857,989.11322
1681778379.7728493,16.901430251006826,0,16.47562989.619982614115537,989.378113
1681778384.7627518,16.984730789864603,0,16.59286119.718224747102063,989.666748
1681778389.7681975,17.068228882357026,0,16.72855189.81433493946506,989.949158
1681778394.7975907,17.151831203504944,0,16.84949689.90783600010014,990.223938
1681778399.8126984,17.235413787568156,0,16.9603510.009713579871693,990.523376
1681778404.8172784,17.318796791438803,0,17.096563310.103729110199811,990.799744
1681778409.8262246,17.40236403724009,0,17.20726210.211308102568294,991.116028
1681778414.8323886,17.485746762955728,0.01664615136813595,17.332279210.307081623098828,991.397644
1681778419.8272755,17.5692126808609,0.025978132894027686,17.440828310.406681701986393,991.690552
1681778424.846845,17.65283648749644,0.036713352805844715,17.551029210.512969915107105,992.003174
1681778429.863843,17.73629625420227,0.05169351487753758,17.66788110.608910162869073,992.2854
1681778434.924851,17.82059727689082,0.06797967624031218,17.786476110.710003172639986,992.582825
1681778439.8648384,17.903161022866314,0.08142989641394914,17.896282110.80873772297572,992.873352
1681778444.8690727,17.98651386281306,0.08175470987024985,17.980581210.90708549825582,993.162781
1681778449.8774154,18.070012666587576,0.08854337381830227,18.077293311.001687070302529,993.441223
1681778454.88364,18.153407162233734,0.09958139443937958,18.181365911.093560276649626,993.71167
1681778459.8835404,18.23681388477936,0.10007917175230116,18.264385211.182083945241931,993.97229
1681778464.9196796,18.32056049685135,0.10015124268775209,18.346952411.272337744510557,994.238037
1681778469.9244254,18.403954440161133,0.09322924091361989,18.41590311.362994703191704,994.505005
1681778474.9118402,18.487279758656566,0.08996624698818101,18.492444911.440978473240698,994.73468
1681778479.9408524,18.570845939521536,0.0769392367764957,18.550954811.53434913097557,995.009705
1681778484.9400308,18.65421286205902,0.07619067962331443,18.633846211.598619664345422,995.199036
1681778489.9528465,18.737730234667204,0.058962692452541904,18.685518211.676784676088774,995.429321
1681778494.9564357,18.821163024310813,0.04272932690363701,18.740528111.754506375996696,995.658325
1681778500.0158274,18.905479746862795,0.030330555723553573,18.805112811.826669079131724,995.870972
1681778504.986854,18.98830622216517,0.014023346398183367,18.861619911.899507489880127,996.085632
1681778509.9829082,19.071810159886425,0,18.913637111.969874687506342,996.29303
1681778515.0038514,19.155279681885784,0,18.975517212.046259734943312,996.518188
1681778520.0108361,19.238711704616293,0,19.024782112.117357663746667,996.727783
1681778525.004793,19.32218704005534,0,19.07958612.189607765844888,996.940796
1681778530.0079727,19.405566396121724,0,19.154029812.257379440010803,997.140625
1681778535.031574,19.489080558026377,0,19.209512712.33795609310568,997.378235
1681778540.0292077,19.572563781146748,0,19.271690312.409438588321411,997.58905
1681778545.0316634,19.65597007056529,0,19.33322912.485321579995965,997.812866
1681778550.0478606,19.739329542522178,0,19.405561412.557596438451148,998.026062
1681778555.043845,19.822826585972848,0,19.467851612.635842777007982,998.256897
1681778560.080506,19.906579591636405,0,19.52394112.712860098068777,998.484131
1681778565.1216989,19.99058751047109,0,19.586992212.784718801406601,998.696167
1681778570.0796735,20.073196265900677,0,19.639396612.856590936846414,998.908264
1681778575.085831,20.15663942675247,0,19.698938312.929469222472491,999.123352
1681778580.0749831,20.24004655460968,0,19.760068813.007364466746099,999.353271
1681778585.1017714,20.323560835723622,0,19.819267213.077911717184705,999.561523
1681778590.105208,20.407148585522716,0,19.8862813.153103467886728,999.783508
1681778595.1152728,20.490642998421734,0,19.949504813.228144040321322,1000.00507
1681778600.117191,20.574094766184235,0,20.000869713.299247865971976,1000.21503
1681778605.1498642,20.65775259117737,0,20.064750613.362946084166063,1000.40314
1681778610.1578596,20.74113056044235,0,20.116832713.437527168908616,1000.62341
1681778615.1678443,20.82468000432307,0,20.171167313.514067357918046,1000.84949
1681778620.1690664,20.908044661884055,0,20.232566813.57751961748793,1001.03693
1681778625.1781638,20.9914859233345,0,20.274127913.650033934910445,1001.25116
1681778630.2278488,21.07565478265737,0,20.327432613.721593267856964,1001.46259
1681778635.192804,21.158397243226116,0,20.382415713.78430290331613,1001.64789
1681778640.206822,21.242027026220704,0,20.41975413.850847610549517,1001.84454
1681778645.2118394,21.325613464717613,0,20.480850213.90784813008831,1002.013
1681778650.2256076,21.40893056969299,0,20.524814613.983573355066369,1002.23682
1681778655.231532,21.492397075697326,0,20.573581614.048157768690388,1002.42773
1681778660.2340403,21.57574383994395,0,20.634393614.110158862447337,1002.61102
1681778665.2273567,21.659183941090646,0,20.680444714.173849076908526,1002.79932
1681778670.2441075,21.742832026684823,0,20.713481914.234371507087104,1002.97827
1681778675.2708173,21.82641217490489,0,20.76088914.302467065730957,1003.17963
1681778680.2648404,21.909834402605437,0,20.797889714.360046985119714,1003.34991
1681778685.2923217,21.993380154971824,0,20.838436114.42072270769713,1003.52936
1681778690.308849,22.07702970684026,0,20.898984914.484588106683761,1003.71826
1681778695.345821,22,0,20.950061714.542941015564185,1003.89087
1681778700.300174,22,0,20.99398814.595698277789348,1004.04694
1681778705.3216178,22,0,21.029962514.65560704095453,1004.22418
1681778710.333855,22,0,21.082023614.713513400003666,1004.39551
1681778715.3468406,22,0,21.131254114.77009372356481,1004.56293
1681778720.3573325,22,0,21.168798414.822296947998614,1004.71741
1681778725.3572745,22,0,21.202661514.880477021765719,1004.88959
1681778730.3558352,22,0,21.246427514.934692618185931,1005.05005
1681778735.3691666,22,0,21.300186114.987275727504644,1005.20569
1681778740.371254,22,0,21.340412115.040925841567514,1005.3645
1681778745.3967519,22,0,21.389682715.09018067889866,1005.51031
1681778757.5988474,21.4188652,0,21.464643415.214409015076836,1005.87811
1681778762.613851,21.502259290334575,0.0033185530328792285,21.495939215.263057549491931,1006.02216
1681778767.605953,21.58567638806203,0.020227834098156212,21.547449115.31268881862699,1006.16913
1681778772.6255286,21.66933683963318,0.03945797027503891,21.596311515.359925999935701,1006.30902
1681778777.6349447,21.752876993136596,0.06797377694661483,21.629032115.408952932794906,1006.45422
1681778782.6573083,21.83630156926015,0.09525017923989688,21.66639915.45598119329879,1006.59351
1681778787.6548336,21.91982689312795,0.1310631480739291,21.689832615.504093420868172,1006.73602
1681778792.6598454,22.003253261364492,0.1562758412263115,21.736186915.553792378307547,1006.88324
1681778797.675406,22.086858066039277,0.18765105278397473,21.772794715.605280263486932,1007.03577
1681778802.7015133,22.17038499525884,0.21154308490285262,21.825820915.655670873151374,1007.18506
1681778807.7112868,22.253890438990783,0.2333957248090446,21.884162915.712362399863137,1007.35303
1681778812.726488,22.33745982658564,0.25773366026924666,21.939041115.773888740298954,1007.53534
1681778817.7340465,22.420943236467235,0.28992562612172473,21.980178815.840248648840907,1007.73199
1681778822.7320259,22.504411041852823,0.30463067222419526,22.05669415.908933876006596,1007.93555
1681778827.7398446,22.58769363573888,0.3224826950606957,22.127292615.984980676260411,1008.16095
1681778832.750835,22.671192491170753,0.3302661425559012,22.217889716.06377877970438,1008.39453
1681778837.7403321,22.754584308581542,0.3278683964758349,22.327434516.152966915682793,1008.65894
1681778842.7533245,22.838135512786103,0.32855607596625425,22.430074616.2495700965351,1008.94537
1681778847.7802033,22.921743603663636,0.32247432301291223,22.544755916.343860565873587,1009.22498
1681778852.8298445,23.005860368526967,0.3049052120957937,22.680435116.44548183132294,1009.52637
1681778857.7989836,23.088677513715616,0.2775064664428051,22.830858216.554413921517476,1009.84949
1681778862.8158329,23.172294008848063,0.24009045201165177,22.998073516.663966490244356,1010.1745
1681778867.8228662,23.255741361893207,0.19854813008155406,23.168945316.77712167004223,1010.51025
1681778872.831671,23.339226500309497,0.15412095229746015,23.341186516.890508341397677,1010.84674
1681778877.8466227,23.42279353153407,0.11036687369809728,23.508001317.008111779717797,1011.1958
1681778882.8552253,23.506260804451497,0.07214635104445158,23.660188617.118110453884807,1011.52234
1681778887.8578641,23.589693304019164,0.04279218592876485,23.792203917.237259469327906,1011.8761
1681778892.8517327,23.67312701554794,0.0020787770510914683,23.943502417.342700764334666,1012.18921
1681778897.8731108,23.756803977605692,0,24.062341617.447470048260424,1012.50037
1681778902.8964438,23.840326019244383,0,24.165706617.542892552716452,1012.78381
1681778907.8848336,23.92367201657791,0,24.260408417.63397043416627,1013.05438
1681778912.891308,24.00714356116155,0,24.328752517.71918412463835,1013.30756
1681778917.9550319,24.09131771337687,0,24.38549817.798118430442937,1013.54211
1681778922.93385,24.174276634173584,0,24.442384717.87302312129936,1013.76471
1681778927.935843,24.257632875558727,0,24.486625617.93654129478661,1013.95349
1681778932.940831,24.34103687218526,0,24.524526518.00293025643207,1014.15082
1681778937.9573417,24.424643425262957,0.020112239642173138,24.53975118.06017332120695,1014.32098
1681778942.9420986,24.50791011662979,0.047712870375091324,24.564971918.110600360643737,1014.47089
1681778947.9682384,24.591526726997884,0.09537882192361245,24.555084218.15993073459839,1014.61755
1681778952.9726994,24.674922978994243,0.1356408002709693,24.563543318.207270044771672,1014.7583
1681778957.98519,24.758460907257586,0.17522014208408082,24.576995818.252100776429792,1014.8916
1681778962.9652226,24.841610161579638,0.2139823357845977,24.594953518.29257719581717,1015.01196
1681778967.979827,24.92524273009796,0.2533580925226201,24.615377418.338081861264897,1015.14728
1681778973.0049868,25.008793779330443,0.2844998148805978,24.65441718.3838896273725,1015.28351
1681778978.0008273,25.092172956582896,0.323521837421396,24.680343618.431664727597365,1015.4256
1681778983.0468376,25.17635251692632,0.3582665885631565,24.718158718.486698488528578,1015.58929
1681778988.018718,25.259026952700804,0.38255033555334905,24.776254618.540295958053832,1015.74872
1681778993.0321565,25.34260721218287,0.3967220536547606,24.855899818.604740087880447,1015.94043
1681778998.0452356,25.426117944833628,0.4095643286009806,24.938125618.670983347118693,1016.13751
1681779003.0565858,25.509659918265534,0.41517024708304084,25.034299818.74659700087667,1016.36249
1681779008.0647578,25.593081772443643,0.41382637848318593,25.142917618.825378255416187,1016.59692
1681779013.0712929,25.676564888275653,0.4082802866131521,25.258464818.912809533748263,1016.85712
1681779018.0826156,25.760110612826537,0.39841067699274535,25.380773519.008017570906105,1017.1405
1681779023.084238,25.843415383614094,0.38286487197687663,25.51175319.107868660306593,1017.43774
1681779028.0978935,25.927035002029925,0.3616110987237062,25.651691419.211047673771606,1017.74493
1681779033.108829,26.010510794437916,0.341607597288651,25.786380719.318762082284906,1018.06567
1681779038.1168709,26.093989745892078,0.3185144922267066,25.924545219.428921460941744,1018.39374
1681779043.1138434,26.177426521099598,0.2913579028579573,26.067777619.54281042491809,1018.73297
1681779048.1708982,26.261525400595854,0.2577281013341135,26.221172319.660104984304333,1019.0824
1681779053.1383064,26.34451427471339,0.23037255847760976,26.358190519.77358824557564,1019.42053
1681779058.1677277,26.428151726838937,0.20260162676838306,26.494064319.891009648699644,1019.77045
1681779063.1653924,26.51145988714396,0.17638998659949398,26.624160720.00398686517737,1020.10718
1681779068.1758327,26.594976488865406,0.15515041824895945,26.742744420.106893347775635,1020.41394
1681779073.194849,26.67857804707387,0.1327424977178,26.861963220.21664384576099,1020.74115
1681779078.2006025,26.762043380853527,0.12282651162896766,26.955583520.317004921139826,1021.04041
1681779083.2113075,26.84552733909785,0.12327105790649506,27.028978320.413338544839384,1021.3277
1681779088.2038274,26.928994063652546,0.12173252677515639,27.106639820.503829256987,1021.5976
1681779093.2115135,27.01244275978902,0.1328107688429006,27.160505220.591422434957686,1021.85889
1681779098.2198365,27.09588042509257,0.14092956462198997,27.221427920.664273993534643,1022.07623
1681779103.2468052,27.1794538777242,0.16542810885912548,27.252347920.74446454634132,1022.31549
1681779108.2327607,27.262767056740316,0.19100203228569215,27.283477720.80928481618164,1022.50891
1681779113.2965333,27.34696081888377,0.22149688799985018,27.308616620.87970516011606,1022.71906
1681779118.2399862,27.4295084557106,0.2492209837972297,27.340143220.94446972408748,1022.91235
1681779123.2391772,27.51290407987137,0.2783464578828976,27.372337321.00191162073914,1023.0838
1681779128.2595026,27.596365475770824,0.3083593702268966,27.405324921.06168051251848,1023.26221
1681779133.2741218,27.679926335927835,0.33739521829447533,27.442712721.1215851406835,1023.44104
1681779138.2848475,27.763460115707904,0.36638363059832335,27.482366521.18344753783787,1023.62573
1681779143.294834,27.846964287874094,0.3957024563782717,27.523410721.246942339180354,1023.81531
1681779148.3161893,27.93064344338277,0.4200168664481323,27.57629221.312065765194657,1024.00977
1681779153.3058395,28.01401007584432,0.4501806945750132,27.619077621.37685516545895,1024.20325
1681779158.3244107,28.097434798992666,0.4724764111240034,27.678840621.450996868069247,1024.42468
1681779163.3172688,28.180868021763356,0.4793362657075937,27.769199321.527300328054068,1024.65259
1681779168.3315592,28.264206644015502,0.48781994793405525,27.855981821.62279969974412,1024.93787
1681779173.3277843,28.34752567620773,0.4898843004021184,27.954751921.698141158209783,1025.16296
1681779178.3900852,28.431877307213338,0.48408734348955407,28.069063121.793905748394085,1025.4491
1681779183.349821,28.51474815618693,0.474060512986786,28.188262921.89222745192916,1025.74292
1681779188.3712444,28.5981873672376,0.4641303101930625,28.306163721.994132332533194,1026.04749
1681779193.3545702,28.681498046832274,0.4381855811612062,28.452798822.102472270230948,1026.37134
1681779198.3698592,28.764926493284097,0.41294961171921973,28.595186222.215531938246357,1026.70935
1681779203.3870509,28.848468152798205,0.38399294429519554,28.741981522.326614292808497,1027.0415
1681779208.3895576,28.931863884247335,0.3634179971259449,28.869638422.439274463652517,1027.37842
1681779213.4021358,29.01536788157323,0.33052979232274954,29.018749222.559258370882606,1027.7373
1681779218.3948536,29.098803118980914,0.3010264840011144,29.158220222.684653844314372,1028.11243
1681779223.4152193,29.182276980198413,0.2779866097033601,29.282735822.791667216830362,1028.43262
1681779228.4300158,29.265844170368702,0.2556845508173506,29.403978322.906045968568655,1028.7749
1681779233.4326923,29.349257878578694,0.2373969068868133,29.515647823.010253635867052,1029.08679
1681779238.430846,29.432560722149404,0.216911676725904,29.630046823.115221281202345,1029.401
1681779243.467272,29.51651051850815,0.2106907351488314,29.716382923.21683039866861,1029.7052
1681779248.4398427,29.59934527885615,0.2058803441085298,29.798921523.306970663178454,1029.9751
1681779253.4543664,29.682959950086463,0.20925276629985262,29.866580923.40031863016958,1030.25464
1681779258.4572256,29.76652671110331,0.20939061286667848,29.941116323.48570842208094,1030.51038
1681779263.457845,29.849853336927286,0.22653319420184903,29.983476623.55943057051733,1030.7312
1681779268.4807203,29.933416772004954,0.2529851669345649,30.010280623.631883429241256,1030.94824
1681779273.4972494,30.01696455092926,0.27545336297402323,30.04736723.701845768573353,1031.15784
1681779278.504144,30.100443371253203,0.3024925983201706,30.07789823.76674515031937,1031.35229
1681779283.518919,30.184010136243693,0.33543392556841,30.099805823.82638937979872,1031.53101
1681779288.5158572,30.26751461438039,0.3701636774962679,30.121168123.88647250494455,1031.71106
1681779293.5281482,30.350827511267852,0.40200754122169446,30.150794923.940361210818647,1031.87256
1681779298.5331051,30.434460679806264,0.4364052267419863,30.178470623.997585627363907,1032.04407
1681779303.5468411,30.51800396056671,0.46627557314922624,30.217353824.05635014270685,1032.22021
1681779308.5568411,30.60150391272405,0.49094774423102205,30.268226624.123582860133315,1032.42175
1681779313.576856,30.684944268183898,0.5172548661655443,30.317428524.18743048681272,1032.61316
1681779318.590106,30.76855395249227,0.5383466721935,30.378419824.254771112890314,1032.81506
1681779323.5978534,30.851993401961515,0.5553173500693246,30.448173524.328825237080714,1033.03711
1681779328.5878088,30.935376374043017,0.5621631354611507,30.537746424.405069235387593,1033.26575
1681779333.5986564,31.018884643035125,0.5746267035330834,30.616449324.487530045095408,1033.51306
1681779338.6011388,31.102343571302285,0.5675163381989297,30.732671724.576575587390387,1033.78015
1681779343.6038303,31.185643963135274,0.5502335556938054,30.866495124.67301675459689,1034.06946
1681779348.679034,31.270007232941182,0.5345436516704694,30.996103224.778393677065306,1034.38562
1681779353.6243744,31.35246071032384,0.508805772520719,31.140499124.879120050652823,1034.68787
1681779358.6408234,31.436096414046478,0.47058498916838903,31.307067824.989144923810898,1035.01807
1681779363.6320913,31.51947416873474,0.4342600157308867,31.465780225.09285024999168,1035.32935
1681779368.6538432,31.602932079749298,0.3987864307318987,31.619363725.218087790614895,1035.70532
1681779373.6458313,31.68634311369756,0.3629890305484701,31.770177825.324687727337764,1036.02539
1681779378.6658256,31.76982562950948,0.3307485767344099,31.911058425.44232681782934,1036.37866
1681779383.6708329,31.85318578493296,0.3070641915694768,32.032806325.553974248307398,1036.71399
1681779388.6772807,31.936638816313934,0.28638229333311327,32.14706825.661377039226313,1037.03662
1681779393.6758304,32.01992745411097,0.27292174017207743,32.246009825.76051652635679,1037.33447
1681779398.6639028,32.103240939097596,0.2659842111428324,32.331771825.857489379521223,1037.62585
1681779403.6666112,32.18667396318614,0.25684243272380586,32.421699525.951850594775618,1037.90942
1681779408.6866212,32.27016013077596,0.27521647478812056,32.458995826.039499011562203,1038.17285
1681779413.691723,32.35354371877212,0.29344416109700266,32.498645726.114668662382286,1038.3988
1681779418.7072842,32.437128694968415,0.3123661413764717,32.539264626.189102076184216,1038.62256
1681779423.6950045,32.52050599268773,0.34412900005332503,32.557277626.257151948690773,1038.82715
1681779428.7128491,32.60389200460612,0.3789804861276698,32.572528826.31938877065286,1039.01428
1681779433.7288492,32.68751083624064,0.4190787288418476,32.581279726.382192238767807,1039.20313
1681779438.7268407,32.77082061381836,0.4529511529761668,32.605129226.44267265320884,1039.38501
1681779443.7387114,32.854341197130076,0.49455402526405057,32.617332426.5022569691925,1039.56421
1681779448.7320876,32.93779356888631,0.5306792778643277,32.643260926.554611991571676,1039.72168
1681779453.7918448,33.022087264177195,0.5693367859300525,32.668155626.617351928753177,1039.9104
1681779458.7533016,33.10457441818415,0.5933507632104302,32.721584326.677733009300837,1040.09204
1681779463.7354467,33.18786821774343,0.6111467754372986,32.789161626.745820259820473,1040.29688
1681779468.7453637,33.271329339461516,0.6243908414983672,32.866439826.816859007851097,1040.51062
1681779473.762111,33.354957016425324,0.6298854265602265,32.958942426.89852139862924,1040.75635
1681779478.7785091,33.438394037998705,0.6297292182968854,33.061534826.972831425386236,1040.97998
1681779483.7878277,33.52186061155497,0.6158084391371828,33.189510327.065180870866108,1041.25793
1681779488.7938366,33.605290365335335,0.5977466326607491,33.323169727.16538810692826,1041.55957
1681779493.8068404,33.688781905290476,0.5679702877470081,33.476844727.26189146844317,1041.8501
1681779498.7970955,33.77217021794815,0.5473350370245491,33.609630527.369527130394953,1042.17419
1681779503.80729,33.85544858785171,0.5154255666726241,33.761428827.474231537047437,1042.4895
1681779508.8221898,33.939051600413514,0.48693513954789686,33.903781827.580056315468347,1042.80823
1681779513.8234394,34.02261041017074,0.4498654861840369,34.059623727.706406355521352,1043.18884
1681779518.8938537,34.10694446575343,0.4186426433184182,34.201610527.812277056686185,1043.50781
1681779523.850834,34.189543962594854,0.390498690862808,34.33337427.923398684894526,1043.84265
1681779528.8448515,34.27296599161326,0.3653408901623416,34.457866628.03401895418702,1044.17603
1681779533.8726275,34.35655781837006,0.3494087060894592,34.562969228.137450203352795,1044.48779
1681779538.8612385,34.43994095734456,0.3419821745103239,34.65066928.239533359166177,1044.79553
1681779543.8661547,34.5233411551684,0.3391214938380801,34.72945428.335732005027563,1045.08557
1681779548.8696618,34.60679327658514,0.3384937639610734,34.804286928.42390294573234,1045.35144
1681779553.8986678,34.69037657987772,0.3447732944986969,34.866477928.509390751725718,1045.60925
1681779558.9011545,34.77369322391052,0.3596508321128603,34.913070628.586898415137814,1045.84302
1681779563.916846,34.85731756301422,0.3896072855173077,34.932987228.660913742659464,1046.06628
1681779568.9338317,34.94090067954559,0.41551910170999806,34.963607728.730393660334762,1046.27588
1681779573.9428484,35.02439485402603,0.44393831789318844,34.991893728.78926409147225,1046.45349
1681779578.9448335,35.107798795021566,0.48124603326649534,35.00578328.850476213211373,1046.63818
1681779583.9821382,35.19175702345072,0.5182273431659892,35.02420828.910632691676632,1046.8197
1681779588.9548452,35.2746437431544,0.5525334506172327,35.04969428.968113418073266,1046.99316
1681779593.957805,35.35802225680847,0.5827528738644814,35.086223629.0287870232231,1047.17627
1681779598.951097,35.44141601733068,0.6062929045588552,35.13772229.08860411805081,1047.35681
1681779603.9677637,35.524821408705904,0.6304341429641118,35.189605729.156668509794187,1047.56226
1681779608.9608047,35.60820910942255,0.6487932635580005,35.253986329.223388311188295,1047.76367
1681779613.9612072,35.6916030209432,0.652499783851586,35.347240429.296736283622344,1047.98511
1681779618.9751978,35.775209009763586,0.6577789259786532,35.437240629.371772535262625,1048.21167
1681779624.0088787,35.85886014314194,0.6606483782621393,35.531566629.4566261423349,1048.4679
1681779629.0008097,35.94205630234578,0.64871858097251,35.653030329.545065670267434,1048.73499
1681779634.0026217,36.02539010456899,0.6321388421983386,35.781707729.643879841470895,1049.03345
1681779639.0072844,36.109004457907865,0.6126283233144637,35.914146429.742601200088806,1049.33167
1681779644.03128,36.19254852942327,0.5878627748077492,36.054141929.838760756291087,1049.62219
1681779649.0593188,36.27659376871287,0.5577567815460027,36.20215629.954422090493548,1049.97168
1681779654.0440297,36.359427472071836,0.526081242611749,36.348865530.05839211915215,1050.28589
1681779659.045524,36.44281232368647,0.502048056511227,36.478530830.171755896033886,1050.62854
1681779664.0438428,36.52632577430903,0.4740884853301761,36.613586430.28284294560812,1050.96436
1681779669.0772984,36.60999307644068,0.45374440381313297,36.731830530.3920941620575,1051.29468
1681779674.0828571,36.69339013906021,0.437273276987326,36.840778330.493214379452382,1051.60046
1681779679.0901148,36.77689178398946,0.4242428090516861,36.942081430.59682676368688,1051.91382
1681779684.0897992,36.86041853439509,0.4221049504371258,37.021789530.698120325615907,1052.22021
1681779689.0937045,36.943842884020995,0.417754652350602,37.105815830.791295103730096,1052.50208
1681779694.1168342,37.02731085232595,0.4202835266914122,37.176731130.88316246695354,1052.78003
1681779699.112165,37.11076901368001,0.43111391521044357,37.232444730.971832697522952,1053.04834
1681779704.1294158,37.194175438202414,0.4453998891095664,37.28283331.0477478977802,1053.27808
1681779709.127869,37.27771367243627,0.46152639053739797,37.331432331.125749880143893,1053.51416
1681779714.1913054,37.361994044102225,0.4849340927478262,37.368564631.198018524907784,1053.73291
1681779719.1688273,37.444877390183,0.5103825714843573,37.402648931.271168599134523,1053.95435
1681779724.1853564,37.52847760530014,0.5402877798838579,37.431312531.333101281592118,1054.14185
1681779729.1846623,37.61177370162506,0.5793557105869452,37.444820431.397284435417948,1054.33618
1681779734.187284,37.69537654332021,0.6087408803889915,37.480434431.464810544833384,1054.54065
1681779739.1928382,37.778797324614715,0.6347980743934776,37.524494131.529467553726196,1054.73645
1681779744.213858,37.86226031394501,0.6557440869072496,37.580169631.593838203408044,1054.9314
1681779749.228808,37.94584713391164,0.6730579399890756,37.644256531.667509979863258,1055.15454
1681779754.2164476,38.02920542569656,0.6823297815239491,37.724315631.740210424346724,1055.37476
1681779759.2218862,38.11263962598343,0.6880650198169669,37.811344131.821723264487588,1055.6217
1681779764.2395205,38.196026714759064,0.6885236317989492,37.908248931.913705620546864,1055.90039
1681779769.2548437,38.279611019409685,0.6830028661634734,38.016090331.994073872137797,1056.14392
1681779774.2608273,38.36324435881475,0.665251162437081,38.146118132.088169391781165,1056.42908
1681779779.2716422,38.44657628150482,0.6569366158197387,38.255626632.185753175148086,1056.72485
1681779784.278406,38.53001028310953,0.6296062411998331,38.400211332.29025440479046,1057.04163
1681779789.2873065,38.61346836499074,0.6098865996075595,38.527423832.3905487716862,1057.3457
1681779794.3423285,38.69771878333587,0.5792081712356103,38.674217232.503795939458755,1057.68909
1681779799.2972872,38.78050963095525,0.5525214092888849,38.808967532.605874559925596,1057.99866
1681779804.321604,38.864073757446796,0.523136073999423,38.947135932.716629136680105,1058.33459
1681779809.3188362,38.94737716527481,0.4968816995452998,39.076492332.82471683287537,1058.66248
1681779814.3403606,39.03104324749806,0.4783663884854287,39.189254732.933147836880465,1058.99146
1681779819.3499887,39.11456954888204,0.46119835484737504,39.297920233.03057968133739,1059.28711
1681779824.3437424,39.19790110599696,0.4489840060547594,39.395786233.13169870249925,1059.59399
1681779829.3715096,39.28157517921626,0.45064234514314994,39.466850233.22729884989545,1059.88416
1681779834.3650537,39.3650051157842,0.4527039012478967,39.537506133.31656866015018,1060.15515
1681779839.3790598,39.44834422679443,0.45935595492287506,39.599960333.39867385847503,1060.40442
1681779844.3838475,39.53173172485529,0.46987405957468764,39.656093533.47662692392826,1060.64111
1681779849.402045,39.61539306652247,0.4999337381566601,39.67656733.548384247618365,1060.85901
1681779854.4101586,39.69888175340195,0.530425904390451,39.699062333.619288347147304,1061.07434
1681779859.471113,39.78319325458705,0.5582390025600091,39.730411533.684802614045594,1061.27332
1681779864.4128525,39.86579260440369,0.5924071054802291,39.750408133.749382673337024,1061.46948
1681779869.4278977,39.94939324867427,0.6197586209082753,39.787429833.81492483626055,1061.66858
1681779874.4603868,40.033026667552186,0.6528593997086193,39.815757733.87334822514918,1061.84607
1681779879.437276,40.11619821798503,0.6803614945133004,39.856853433.93200722841751,1062.02429
1681779884.4516518,40.19977223487396,0.7057056308872526,39.904544834.003075047177205,1062.24023
1681779889.450293,40.28310054552256,0.7255612673496136,39.964111334.06895654736809,1062.44043
1681779894.4644473,40.366691263632966,0.7387810323687354,40.037761634.13949124910892,1062.65479
1681779899.4842803,40.45013196479975,0.7382553595721246,40.137866934.21680313906881,1062.88977
1681779904.484852,40.53346075625915,0.7338957367083045,40.244369534.29053435041284,1063.11389
1681779909.4798455,40.616927417235566,0.7335893310887835,40.342227934.38601994771888,1063.40417
1681779914.4927256,40.70027609280446,0.727746293693339,40.449787134.47800372717875,1063.68384
1681779919.5066736,40.78380998384654,0.7051879236618471,40.588245334.57976877001041,1063.99329
1681779924.5688536,40.8681514145106,0.6807583696381871,40.728515634.67822524978825,1064.29272
1681779929.5172894,40.95082706621984,0.6514405479202561,40.873649534.78819103897636,1064.6272
1681779934.5417492,41.03437735251286,0.6091418749710307,41.041442834.8943669851431,1064.9502
1681779939.5554094,41.11794342211583,0.5791644247911777,41.181762635.00678501691216,1065.29224
1681779944.5623438,41.201414847490184,0.5567697711656107,41.304851535.11421094215171,1065.61914
1681779949.5628579,41.284743436293795,0.5293743964747607,41.435436235.225432332786454,1065.95764
1681779954.5740728,41.36826072545547,0.5044141817060197,41.559291835.32958076861825,1066.27466
1681779959.5671675,41.45164512407481,0.49031120161755715,41.660442335.43287034139423,1066.58911
1681779964.5765834,41.535222379482775,0.4754477088020542,41.762355835.52856901406929,1066.88049
1681779969.5872114,41.61874243827362,0.4758069286173755,41.834342935.62169068471275,1067.16406
1681779974.606826,41.70219399940669,0.4866956241690763,41.886787435.710033238386885,1067.43311
1681779979.6108427,41.78555768342514,0.4991345132639319,41.937667835.79262993014099,1067.68469
1681779984.6238313,41.86908254237671,0.5280320014785227,41.958892835.86852745843009,1067.91589
1681779989.6488376,41.9530430198878,0.5516720486798424,41.993530235.93804955834465,1068.12769
1681779994.6518335,42.03620999665756,0.5748817256939134,42.030559536.00459490207997,1068.33044
1681779999.6628575,42.11974324396947,0.6049577524598879,42.057083136.06577192854472,1068.51685
1681780004.6798964,42.20337664297918,0.6486928773026633,42.060417136.12758047485903,1068.7052
1681780009.686835,42.286781303204094,0.6858003799952245,42.079948436.1889047856328,1068.89209
1681780014.6932347,42.3702248534729,0.7154090363707303,42.116882336.25026336340832,1069.0791
1681780019.6818264,42.45359417211711,0.7523136224957622,42.142021136.30765382995836,1069.25403
1681780024.6908333,42.53693993500569,0.7755270098151951,42.195987736.37288646478691,1069.45288
1681780029.6898518,42.62039879572093,0.7911128850658417,42.26599536.44283987606488,1069.66614
1681780034.6871855,42.70372356187998,0.8045113246923651,42.340675336.51410509758541,1069.88342
1681780039.7093468,42.78721770854492,0.8052932382391244,42.440017736.59445388129009,1070.12842
1681780044.7136858,42.87062720866699,0.7903598410168315,42.568405136.68319795324808,1070.39905
1681780049.7266839,42.95412728003362,0.7821258271233916,42.68202236.77485254841455,1070.67859
1681780054.773837,43.03847611756821,0.7630032625103143,42.815883636.875418832910334,1070.98535
1681780059.731688,43.12114224048157,0.7360579250457452,42.960403436.97513232213478,1071.28955
1681780064.7570555,43.20469408841629,0.711244479157651,43.098888337.08403473131666,1071.62183
1681780069.7508442,43.287941618876644,0.6761160473597427,43.254085537.19967759719511,1071.97473
1681780074.7426312,43.37126069875259,0.6380889197665319,43.411449437.31254380809975,1072.31921
1681780079.7560034,43.454661556201174,0.6055234898958531,43.554965937.4253534502158,1072.66357
1681780084.7672124,43.53814623764852,0.5721740640607375,43.697196937.54122450571424,1073.01733
1681780089.763784,43.621646213647715,0.5475219551626178,43.820049237.653881316178264,1073.36133
1681780094.786009,43.705193646865084,0.522716195151495,43.941364237.7600020607951,1073.68542
1681780099.7859132,43.7887135188947,0.5172601866681814,44.023994437.86427427190844,1074.00391
1681780104.802418,43.87226502906977,0.5079946499824594,44.113990737.958659536538704,1074.29224
1681780109.8244321,43.955809867498274,0.5081811149055642,44.185634638.05295091832292,1074.58032
1681780114.8488317,44.03950488578974,0.5174690485438185,44.240634938.138725065145906,1074.84241
1681780119.8608494,44.12306015503108,0.5450249135326656,44.26210438.220693575330806,1075.0929
1681780124.8404272,44.20622672251561,0.5641363656040239,44.302261338.2916662662533,1075.30981
1681780129.8580017,44.28963034561971,0.5952224282965695,44.321880338.358523104368956,1075.51416
1681780134.8645823,44.373131414370725,0.6299698478044922,44.337665538.42125866421367,1075.70593
1681780139.8618743,44.45639772029419,0.6696526337735809,44.347034438.48351133570168,1075.89624
1681780144.8752618,44.539962780591836,0.7043421859371992,44.369731938.53937104752309,1076.06702
1681780149.8818555,44.62339441390533,0.7389504163801395,44.395381938.597260778331,1076.24402
1681780154.8894615,44.7068749190539,0.7723681594307714,44.426067338.65554494286055,1076.42224
1681780159.8896687,44.79022946369349,0.8007170758429031,44.468795738.71506382726936,1076.60425
1681780164.916048,44.87397933415273,0.8172957958925652,44.536373138.77749121193022,1076.79517
1681780169.9153714,44.95748990785776,0.8317456029421588,44.608489938.85024784295456,1077.0177
1681780174.9236631,45.040996130423736,0.839610717485738,44.69363438.92284040208267,1077.23975
1681780179.9483669,45.1245261471639,0.8339366366986969,44.804561639.00683357218732,1077.4967
1681780184.975281,45.20831365596949,0.8202342171394303,44.929767639.092696472455444,1077.7594
1681780189.9572637,45.29132950714925,0.8012205748754628,45.062229139.1790657362688,1078.02368
1681780194.958141,45.3746776423027,0.7781574710097555,45.200416539.28090301990518,1078.33533
1681780199.959549,45.45807701758245,0.7445918715891916,45.356048539.385434632067174,1078.65527
1681780204.9643428,45.54144587528407,0.7091883698221045,45.511711139.49481859858691,1078.99011
1681780209.9664612,45.624848588423916,0.6729065936026256,45.665637939.599999339448395,1079.31213
1681780214.9794931,45.70834373644689,0.6402453475481984,45.809387239.71198364381496,1079.65503
1681780219.9612594,45.79159844728012,0.6048301166468175,45.955287939.82901183661634,1080.01343
1681780224.9775167,45.874979488171135,0.5801056117966046,46.077968539.93127554443813,1080.32666
1681780229.9794352,45.95837154797414,0.559871752897457,46.190235140.04053972688403,1080.66138
1681780234.985592,46.041806761539966,0.5443881337188731,46.292121840.136162038380164,1080.95435
1681780239.98602,46.12538319837748,0.5438630283769291,46.364742240.22878285300635,1081.23816
1681780244.9895215,46.2087765535881,0.5562988764884496,46.41302140.31884378519068,1081.51416
1681780250.0056767,46.292155548052975,0.5764135524222114,46.448360440.398300415338866,1081.75769
1681780255.0262465,46.37579659632543,0.6010289648062787,46.477661140.46966480191032,1081.97644
1681780260.0218043,46.459093809244024,0.6323440189966771,46.496459940.543530714230165,1082.20288
1681780265.0533874,46.54295257738927,0.6669388813920227,46.512653340.60576495762343,1082.39368
1681780270.041852,46.626112695651244,0.6984708484426352,46.537181840.664807637985874,1082.57471
1681780275.056064,46.709630211310575,0.7433047119959727,46.539562240.725635955597845,1082.76123
1681780280.0643225,46.793166609721375,0.7724426889291883,46.575729340.78391257690269,1082.93994
1681780285.0788498,46.8766627432078,0.8083299517525949,46.601222940.84202484946142,1083.11816
1681780290.1088336,46.96072609833577,0.8390508978816149,46.640029940.905111061160966,1083.31165
1681780295.1060233,47.043796897050726,0.8599051811655934,46.698596940.968504868025455,1083.5061
1681780300.089459,47.12707786174316,0.8742781900553872,46.770938841.03690998167202,1083.71594
1681780305.1128607,47.21081282706756,0.8784962863244509,46.863651241.10519144739712,1083.92542
1681780310.1066184,47.294083964940896,0.8821004868846405,46.956588741.18754589086977,1084.1781
1681780315.115387,47.377477602280166,0.8718808581112792,47.075519541.274586958294826,1084.44519
1681780320.1367383,47.46099621863861,0.8496536197453812,47.215789741.367821578934084,1084.73132
1681780325.15655,47.544646128134914,0.8228402995351597,47.362216941.465462125631255,1085.03101
1681780330.1664865,47.62815021685461,0.7852036122126126,47.526111641.5711974722769,1085.35559
1681780335.1693256,47.71172763120829,0.7535177657721605,47.674907641.68085534979323,1085.69226
1681780340.1806781,47.7952189367185,0.714089814700161,47.83524741.790975721976935,1086.0304
1681780345.1828682,47.878634492672475,0.673641377493963,47.993801141.89980343807585,1086.36462
1681780350.1990201,47.96221376669108,0.6400491704580327,48.135856642.01219619676826,1086.70984
1681780355.2450387,48.04611294281184,0.6168663947155507,48.255580942.12476724426999,1087.05566
1681780360.218938,48.12919161331355,0.5943808215901828,48.371551542.22707614669947,1087.37
1681780365.2155626,48.21232750427424,0.5785045226210483,48.473426842.32988184556134,1087.68591
1681780370.2294407,48.29592390866775,0.5762031591551866,48.548934942.42199168636086,1087.96899
1681780375.2469802,48.379480238871764,0.5795738971960916,48.613986942.51210563095358,1088.24597
1681780380.2404792,48.46293007544378,0.5909933078963396,48.664489742.59307457829919,1088.49487
1681780385.2471511,48.54639904510676,0.6135695638554971,48.695358242.66276131647641,1088.70911
1681780390.2782617,48.6300117771993,0.6441906146459255,48.713539142.72477584789271,1088.89978
1681780395.2801106,48.71359358242849,0.6800980528374165,48.724746742.79127301663229,1089.10425
1681780400.3050704,48.79732189984817,0.72320123224344,48.725864442.84645136172493,1089.27393
1681780405.3289893,48.880853672938535,0.7739908406120865,48.716056842.90472107546113,1089.45313
1681780410.3227456,48.96403336536585,0.8140456434598873,48.730789142.95369726949774,1089.60376
1681780415.3300097,49.0475368858546,0.8615691633506269,48.734878543.00580754498458,1089.76404
1681780420.3600957,49.131426644441476,0.8919360350795831,48.775974243.05723798955704,1089.92224
1681780425.35081,49.214554715272776,0.9263937706558231,48.810333243.11556920279034,1090.10168
1681780430.3636653,49.29811534098485,0.9388910542317684,48.889400443.1773509595504,1090.29175
1681780435.3654022,49.38145754348933,0.9428637390712432,48.984638243.24618670100863,1090.50354
1681780440.3817005,49.46503775528768,0.9476023058842821,49.07814443.325012197927585,1090.74609
1681780445.3918731,49.54857699087957,0.9293634109522162,49.214847543.40740036987985,1090.99963
1681780450.3928385,49.63209244819183,0.9043952073490003,49.361854543.498665310592344,1091.28052
1681780455.402149,49.71563291958669,0.8742413614125223,49.515727943.59899866409552,1091.58936
1681780460.4370382,49.79932248603998,0.8411228644690563,49.67203943.702329437339245,1091.90747
1681780465.4360244,49.882854704178364,0.794068295827041,49.851264943.81472608878503,1092.25354
1681780470.4435894,49.96629579873581,0.7578320658015578,50.005226143.92762205556615,1092.6012
1681780475.450029,50.04951987278163,0.7177356421560616,50.162986744.04592915321271,1092.96558
1681780480.4576478,50,0.6008308488502214,50.330692244.15403133968325,1093.29858
1681780485.5010152,50,0.5216850347302086,50.46555744.26592492238161,1093.64331
1681780490.4574971,50,0.4428598336182257,50.593711844.378950463837725,1093.99158
1681780495.4685414,50,0.3824508815542147,50.680400844.47983692053631,1094.30249
1681780500.4803317,50,0.3369562515542147,50.734657244.569345137567275,1094.57837
1681780505.4856634,50,0.31409034240220135,50.743114444.640666936932824,1094.79822
1681780510.5070755,50,0.3063230184246508,50.722419744.699308877631886,1094.979
1681780515.5122087,50,0.3208967884246531,50.660259244.74575399058786,1095.12219
1681780520.5221066,50,0.34980006926464124,50.57367744.77275563280937,1095.20544
1681780525.517051,50,0.4077141042646444,50.436046644.77936885887789,1095.22583
1681780530.5293036,50,0.4706109265047098,50.295436844.77584656921669,1095.21497
1681780542.7341275,50.0913467,0.7336397429207341,49.885780344.71566344057557,1095.02942
1681780547.7418673,50.00789587399089,0.8069859514438746,49.672462444.66355269954622,1094.86877
1681780552.7254286,49.924639243888095,0.9027077799896795,49.422851544.59868895587687,1094.66882
1681780557.7379637,49.84107186298294,0.9827105736116793,49.210792544.53073086984833,1094.45935
1681780562.7508616,49.75751291812185,1.0326650529930834,49.062194844.46775696511627,1094.26526
1681780567.7687368,49.67404941221797,1.0651954776555832,48.949989344.413214647290374,1094.09717
1681780572.7821925,49.59058668117447,1.0527210166631975,48.924766544.38136481154387,1093.99902
1681780577.810816,49.50673212509079,1.019533335103897,48.936000844.36223154029459,1093.94006
1681780582.7894762,49.42376895249608,0.9600726387587402,48.993408244.36171880340196,1093.93848
1681780587.7918415,49.34034704268697,0.8704764849213559,49.10113944.376613990865756,1093.98438
1681780592.8049097,49.25683181187236,0.763821835247812,49.232170144.41202699573652,1094.09351
1681780597.8250253,49.17316303551916,0.640999673754029,49.383590644.456468535363015,1094.23047
1681780602.8331618,49.08974095086975,0.5195178122348524,49.521480544.51053074221626,1094.39709
1681780607.8399236,49.006248743342596,0.40058970205483846,49.64395944.56186057574003,1094.5553
1681780612.848015,48.92278352082494,0.28208349843428904,49.755725844.61619412629244,1094.72278
1681780617.8738625,48.839050792661546,0.17901527832852682,49.828498844.65955625699194,1094.85645
1681780622.8540287,48.755807152397665,0.10189639450652743,49.845031744.691627753170444,1094.95532
1681780627.862688,48.67234618167801,0.04629169868865024,49.815616644.710872583360974,1095.01465
1681780632.8641741,48.58895478547338,0.013420812044500074,49.740230544.70714886264418,1095.00317
1681780637.901893,48.50524919729157,0.01741856409364817,49.593921644.68410549417167,1094.93213
1681780642.950958,48.42110990187251,0.0437877582675581,49.407272344.63833128449979,1094.79102
1681780647.911865,48.33836999238256,0.0977124423093918,49.175113644.57207680547282,1094.58679
1681780652.921837,48.25489963194453,0.17080882538899428,48.912567144.4855799410468,1094.32019
1681780657.9320197,48.17137892544988,0.25710665055594284,48.633281744.37835661098521,1093.98975
1681780662.951862,48.08774238726222,0.36078436251464313,48.330131544.25954731333562,1093.62366
1681780667.9625072,48.00419663886948,0.475551548725425,48.016437544.12871151412637,1093.22058
1681780672.9728718,47.92075585822983,0.5858485473613493,47.722324343.98750848499431,1092.78564
1681780677.9770215,47.83729959230347,0.7054970298691439,47.420478843.84564542615768,1092.34875
1681780682.9884286,47.75379426778082,0.8065607350757721,47.164409643.70185522242978,1091.90601
1681780687.9891584,47.67044275503083,0.8935411200765461,46.943447143.56592497836453,1091.48755
1681780693.0012891,47.586936274178065,0.9638412765046168,46.760654443.443018714877695,1091.10925
1681780697.9865787,47.50361353060328,1.0058281579823065,46.636703443.32243518635784,1090.73816
1681780703.0061538,47.420162656910456,1.019569628652982,46.568481443.23265666944914,1090.46191
1681780708.069585,47.33579667310639,1.0023760948105038,46.55788843.15949663387038,1090.23682
1681780713.0304966,47.25308174988353,0.9692629368275686,46.574985543.09973856907143,1090.05298
1681780718.0417428,47.16958271166408,0.9020404221927034,46.651893643.06462066471734,1089.94495
1681780723.0429196,47.08616312643611,0.8119510402396232,46.764724743.04350621386845,1089.88
1681780728.0590038,47.00262995859706,0.7024459556537153,46.905094143.04160442096647,1089.87415
1681780733.071558,46.91909841995163,0.584862522255386,47.050155643.05501764623186,1089.91541
1681780738.0708654,46.835529417800146,0.46607493700345515,47.186557743.06914255769492,1089.95886
1681780743.0950313,46.752025205897525,0.34328434369958494,47.320224743.0928731052951,1090.03186
1681780748.0760214,46.66880777578278,0.23568677553678152,47.414897943.11120687288289,1090.08826
1681780753.0994372,46.585279173659515,0.144336264558516,47.469707443.127394823868244,1090.13806
1681780758.0927324,46.50180319449031,0.07132708233616802,47.483180943.12802868225035,1090.14001
1681780763.1060317,46.4182848403923,0.011709642876188475,47.466327643.115650468007814,1090.10193
1681780768.1127393,46.33483252824072,0,47.375610343.087278615645836,1090.01465
1681780773.1742535,46.25069153210246,0,47.225467643.040095986898244,1089.86951
1681780778.157011,46.1676085859609,0.020710139546293194,47.052181242.969293671371105,1089.65173
1681780783.1581051,46.08432932198767,0.07036688856005507,46.83230242.88388172307222,1089.38904
1681780788.1590853,46.00096325378342,0.14112380850167688,46.578460642.77892496783238,1089.06628
1681780793.1710718,45.9174217412941,0.23195532578937117,46.294406842.65327020055152,1088.67993
1681780798.1760137,45.8340000818245,0.3266285990107245,46.012676242.51909682938392,1088.26746
1681780803.1690211,45.75057554543737,0.4290321469530949,45.725688942.369127864846135,1087.80652
1681780808.1886628,45.667125601577,0.5274591650623329,45.45594442.22071683245033,1087.35046
1681780813.1811008,45.58368343413595,0.6398774500659461,45.168491342.077761092465664,1086.91125
1681780818.2022808,45.50014706751429,0.7264213974430784,44.939960441.91764898385315,1086.41943
1681780823.1970184,45.41683009764277,0.8075089524483859,44.728866541.76751943930343,1085.95837
1681780828.2051702,45.33335583111369,0.8756565799616907,44.548347441.630958089728445,1085.53906
1681780833.2081323,45.2499527444514,0.9203065002418281,44.417278241.5055063799743,1085.15393
1681780838.2108386,45.16654999554876,0.9423045919628847,44.331752741.399918062273144,1084.82983
1681780843.2520044,45.08273286720836,0.9292998070062797,44.312576241.30593149482162,1084.54138
1681780848.2549348,44.999307965246075,0.896130133141232,44.329101541.23397297504575,1084.32056
1681780853.273325,44.91572790444616,0.8399728174207919,44.384483341.17680395866193,1084.14514
1681780858.275026,44.83234749139074,0.7660082706778534,44.467285141.13984478752673,1084.03174
1681780863.294317,44.748722202586364,0.6729092155354806,44.578399641.12174259567971,1083.9762
1681780868.2865605,44.66551360587998,0.562154009829287,44.714263941.11155706664589,1083.94495
1681780873.2928658,44.58206228713913,0.45405779013734116,44.834388741.108173810375526,1083.93457
1681780878.3370821,44.49799523254954,0.3427117425568864,44.950191441.11155706664589,1083.94495
1681780883.2992818,44.415082123882804,0.2401095973099403,45.041362741.11597352921066,1083.9585
1681780888.317011,44.33166361948573,0.1545998656840939,45.090881341.11107793591548,1083.94348
1681780893.3222616,44.248002448685206,0.08612385102205145,45.101375541.103398764426444,1083.91992
1681780898.3394864,44.164599389838415,0.028208701344618503,45.087650241.08087903779963,1083.85083
1681780903.3393834,44.081081909941865,0,45.015617341.04200490611888,1083.73157
1681780908.3472273,43.99761737089081,0,44.889938340.98792455543282,1083.56567
1681780913.373959,43.9139814843806,0.013123609401557379,44.734550440.91641117187253,1083.34631
1681780918.39039,43.8304152637792,0.04145237339007396,44.55784640.82654347039415,1083.07068
1681780923.3803988,43.74702940683289,0.08886322864827367,44.349422440.72225093804493,1082.75085
1681780928.3943088,43.663693558183546,0.1591671707781916,44.103488940.604528804180404,1082.38989
1681780933.4065626,43.58019196093801,0.24799080117887368,43.829856840.475080058816815,1081.99304
1681780938.4228537,43.49653208157145,0.3432762577205369,43.552795440.32880202477369,1081.54468
1681780943.4642339,43.41249672075831,0.4326401080726537,43.295898440.1796656637456,1081.08765
1681780948.4319267,43.329770202445225,0.527247821710837,43.03843340.02216911608797,1080.6051
1681780953.438024,43.24632414083405,0.6145700419260982,42.802532139.87285346232428,1080.14771
1681780958.4381945,43.162932724761205,0.6950257576346963,42.587112439.72386363266477,1079.69141
1681780963.4622965,43.07924862604065,0.7666255876599386,42.394565539.58058569736711,1079.25269
1681780968.4592857,42.995931604511775,0.8179388970082944,42.246112839.446688247797525,1078.84277
1681780973.4580064,42.91243622999115,0.8411788529977592,42.154056539.32501563218729,1078.47034
1681780978.457896,42.82907296320521,0.8443667693979888,42.100845339.22900745917473,1078.17651
1681780983.486545,42.74548654457652,0.8306631564056348,42.078140239.13594119063682,1077.89172
1681780988.4969897,42.66197926899516,0.7926627753398329,42.09879339.06648434099743,1077.6792
1681780993.5158706,42.57830483417435,0.7286771908601176,42.163936639.010945543949596,1077.50928
1681780998.5389252,42.494645821061965,0.657644034689499,42.235347738.96984441049803,1077.38354
1681781003.5428677,42.41123310626272,0.5706173649464437,42.330047638.94223208323731,1077.29907
1681781008.5703564,42.32741551300609,0.47853919262935807,42.425453138.92619115878421,1077.25
1681781013.5508456,42.244232725110884,0.3815004265915223,42.5224838.91445854029229,1077.21411
1681781018.5704863,42.16077614526672,0.2843787815047255,42.610698638.902885922872976,1077.17871
1681781023.5814025,42.07724920015259,0.1971189148089464,42.671871138.88943661396327,1077.13757
1681781028.5872357,41.99384595454458,0.12645634336855244,42.694747938.873633199961716,1077.08923
1681781033.5973523,41.91031272312724,0.06208367914790003,42.700332638.84741330304234,1077.00903
1681781038.6308596,41.826431698607635,0.021340478898003112,42.656192738.81093602221491,1076.89746
1681781043.5928266,41.74352792005463,0,42.587863938.76044616852787,1076.74304
1681781048.5983055,41.660077443726095,0,42.465770738.70233050479146,1076.56531
1681781053.6045601,41.57660540641073,0.015459830343799996,42.299621538.62121337253187,1076.31726
1681781058.6319795,41.492979446060694,0.05036158994371315,42.114997838.527671538199506,1076.03125
1681781063.6382551,41.40961538454616,0.10021103130009629,41.907062538.41570732009921,1075.68896
1681781068.6460156,41.326196033763125,0.15917704822335466,41.687583938.29558263736685,1075.32178
1681781073.7158527,41.24166243375066,0.2366308792133766,41.438194238.16524826790843,1074.92346
1681781078.671129,41.15910205345078,0.3162111156966487,41.194709738.02917954877138,1074.50769
1681781083.6808436,41.075591789689895,0.3967835218376291,40.956050837.883693749888394,1074.06323
1681781088.6901445,40.99208242794597,0.48509132503855534,40.710071537.738139992188124,1073.61865
1681781093.6960392,40.90868027906342,0.5595042175738653,40.498359637.59187962391947,1073.172
1681781098.6910198,40.82519580821915,0.6268196698572092,40.306194337.448705342199204,1072.73486
1681781103.7008152,40.741915757464604,0.6754423384165513,40.15501437.318064137572215,1072.33606
1681781108.6969843,40.658418801434074,0.7143006638997917,40.025539337.18951983985405,1071.94373
1681781113.704965,40.57497173449122,0.7334408262906457,39.935771937.076792112425395,1071.59973
1681781118.7101839,40.491568107413485,0.7421293827257179,39.86635236.97433256999974,1071.28711
1681781123.7270532,40.408113319682315,0.7361501093521903,39.824058536.88694459195413,1071.02051
1681781128.7209344,40.32471200129115,0.6936717901888841,39.849380436.81331234647274,1070.7959
1681781133.7371476,40.24131340484543,0.6364959936355545,39.897575336.75456125415841,1070.6167
1681781138.7437246,40.15786334574941,0.5705704952312811,39.956066136.71049486269482,1070.4823
1681781143.7568102,40.074329343445335,0.49893973319113943,40.01858936.66826865741908,1070.35352
1681781148.7701638,39.9907496045105,0.4183401901088429,40.091171236.63968803317758,1070.26636
1681781153.7740176,39.907374468452964,0.3354420512913997,40.160915336.6136674214655,1070.18701
1681781158.7790155,39.82392314176484,0.26106073399145624,40.207069336.59473262713227,1070.12927
1681781163.782762,39.74039745232188,0.19713040280455513,40.227001136.573036047351195,1070.06311
1681781168.8099356,39.656796688842014,0.13143277482877258,40.245277436.543051346204486,1069.97168
1681781173.803235,39.573300662643945,0.08257428703283498,40.226722736.51074337596061,1069.87317
1681781178.8432198,39.48935276966019,0.05435114312520162,40.165218336.46357926490335,1069.72937
1681781183.8364806,39.40637808144811,0.032411817064862014,40.091953236.40808377333432,1069.56018
1681781188.8320544,39.32288761835022,0.03200006097467417,39.976600636.345055454977455,1069.36804
1681781193.8492644,39.23941586316351,0.043764163197447525,39.839500436.26832775151199,1069.13416
1681781198.8670294,39.15584221979701,0.07028008815469738,39.676765436.17308282108942,1068.84387
1681781203.8760169,39.0723662406278,0.10660250458578718,39.49929836.07338219090869,1068.54004
1681781208.8699052,38.98908198575897,0.15774210429534713,39.298274935.96132716325811,1068.19861
1681781213.8806188,38.90558249057058,0.20512391227469418,39.109771735.84616935831246,1067.84778
1681781218.891859,38.822071467843884,0.2707913226074456,38.891456635.718609174593794,1067.45923
1681781223.9070146,38.73849688669765,0.3298677567727027,38.692058535.5889022451384,1067.06421
1681781228.9142284,38.65508210957769,0.39496266545034786,38.486888835.45833164644994,1066.66663
1681781233.9160247,38.57161406179988,0.4582202606064404,38.290939335.32524784101801,1066.26147
1681781238.9200094,38.48823265930736,0.5070980558428647,38.127822835.19631596728525,1065.86902
1681781243.9583955,38.40406392714107,0.5395186942798418,37.999305735.06832105826621,1065.47949
1681781248.9169683,38.32139842411601,0.5705691290665031,37.876571634.95478838980674,1065.13403
1681781253.9340353,38.23801330229365,0.5865465632126644,37.783935534.845735044904025,1064.80225
1681781258.9580104,38.15432944993897,0.5928680323200756,37.709964734.745371168959416,1064.49695
1681781263.9584892,38.07091589670105,0.5889680556186423,37.655139934.65342412669298,1064.21729
1681781268.9721327,37.987382502364355,0.5624664766335974,37.641937234.57338605440279,1063.97388
1681781273.9780223,37.90392502845052,0.5279663653879442,37.64064434.508713951700365,1063.77722
1681781278.9931824,37.82037629187826,0.4877432200421256,37.646274534.447489556128446,1063.59106
1681781284.0031378,37.73683321774725,0.44068309557163265,37.660671234.39288780099302,1063.42505
1681781289.0109837,37.65339529813055,0.3795641932165484,37.69727734.342979281373815,1063.27332
1681781294.0108488,37.56989459098104,0.3220601203675999,37.721195234.30141641386064,1063.14697
1681781299.016973,37.48645990193609,0.26519580589352343,37.738868734.2598939627458,1063.02075
1681781304.029839,37.40311221580429,0.19761830322273366,37.772220634.223429118013314,1062.90991
1681781309.073015,37.31891266803665,0.14428778867697256,37.77175934.17776655369214,1062.77112
1681781314.0430696,37.23597162863337,0.10682000586127505,37.738769534.13081462200117,1062.62842
1681781319.05873,37.1523799608223,0.07149546893715136,37.698436734.080565821827356,1062.47571
1681781324.0680501,37.068925880399576,0.0560765548667716,37.618270834.017979526054056,1062.28552
1681781329.0841203,36.985496774323025,0.05166871368656989,37.517078333.95314004193682,1062.0885
1681781334.1053445,36.901862719662226,0.050144094281291796,37.410957333.87463520562664,1061.84998
1681781339.0942397,36.81856289208654,0.06064912029561281,37.283405333.78727669843524,1061.58459
1681781344.129825,36.7347743342392,0.0840306089561938,37.132827733.69287872439104,1061.29785
1681781349.12707,36.65145993531469,0.10923422037680763,36.982551533.587938337993414,1060.97913
1681781354.1358564,36.567951721953584,0.14825868924509478,36.808944733.480809392750395,1060.65381
1681781359.1424768,36.48458240330938,0.19191576000572874,36.630943233.36783484357321,1060.31079
1681781364.1550395,36.40101505816702,0.24181246143737334,36.445358233.24627770547999,1059.94177
1681781369.1583035,36.317605816331735,0.28056580441424345,36.28602633.12808095914035,1059.58301
1681781374.192859,36.23351350526734,0.3222839316884787,36.124023433.00620068939332,1059.21313
1681781379.1737864,36.15050956706925,0.36098042861375235,35.972473132.882573086558104,1058.83801
1681781384.1794205,36.06704132855657,0.39083449368561424,35.840652432.76210247629807,1058.47253
1681781389.178946,35.983699189630386,0.4241564464632823,35.704620332.65006564058583,1058.13269
1681781394.200886,35.900225193309026,0.44185355313532976,35.60072732.53781053546985,1057.79224
1681781399.2282093,35.816497368621064,0.44271490282403597,35.52970532.43527721084579,1057.48132
1681781404.22731,35.73291824560089,0.4449766695696258,35.455516832.341592375025115,1057.19727
1681781409.2330012,35.649663375821945,0.4404867240756999,35.394023832.25131312575592,1056.92358
1681781414.2349882,35.566121489810186,0.41689901331507334,35.367584232.168478918443796,1056.67249
1681781419.2517815,35.48273288707657,0.3911576640242246,35.342700932.0919539461353,1056.44055
1681781424.257257,35.39928811689936,0.3582699943581034,35.328567532.02275323362898,1056.23083
1681781429.263912,35.315862765915426,0.32428264801402135,35.313247631.959994427597508,1056.04065
1681781434.2931173,35.2320660462054,0.28455107343631597,35.30523331.897550382532874,1055.85144
1681781439.338829,35.14797921082103,0.23944102729868572,35.303516331.840015699137034,1055.67712
1681781444.292863,35.06517921190186,0.20706739090782028,35.275035831.782882507710024,1055.50403
1681781449.306017,34.9816683401736,0.16056021868323805,35.270072931.72872580554268,1055.33997
1681781454.3170154,34.89809462925517,0.12566989395540368,35.239223431.671098623601104,1055.16541
1681781459.317657,34.81472960214539,0.09542827297928441,35.197162631.608950205065632,1054.97717
1681781464.328135,34.7314324369105,0.07775474628460177,35.129318231.54559129002584,1054.78528
1681781469.3418665,34.64790971180522,0.06221607652709038,35.05644631.47883876094369,1054.58313
1681781474.3404818,34.56461530825221,0.05340231745688834,34.970485631.401640613902785,1054.34937
1681781479.352074,34.48103008171641,0.04875668469443448,34.876361831.319714356920176,1054.10132
1681781484.3586237,34.39766278963013,0.055753825892045555,34.760841331.236246164740674,1053.84863
1681781489.3686113,34.31413952808304,0.07489767850681783,34.623512231.14095414398192,1053.56018
1681781494.3824546,34.230329905954235,0.10078460732317343,34.475589731.04722252583983,1053.27649
1681781499.3987122,34.14701264998042,0.12294323308577618,34.338386530.941254893231598,1052.95581
1681781504.4619057,34.06254811188304,0.1513184643368625,34.190685230.836078372955892,1052.63757
1681781509.408028,33.980144980557,0.185522430428786,34.037063530.73129332223476,1052.32056
1681781514.414073,33.89669519564235,0.2093392897571978,33.905536630.619024673469465,1051.98096
1681781519.4105692,33.81328229010823,0.2361685617428432,33.770599330.512307195630694,1051.6582
1681781524.4125516,33.7299001286499,0.2654215942299239,33.633529630.403963565408255,1051.33057
1681781529.4320238,33.64619979362412,0.2875819812006201,33.512248930.29774059759914,1051.0094
1681781534.4450614,33.56284588874105,0.3071512559776117,33.397998830.194410000728077,1050.69702
1681781539.4540136,33.479374558734136,0.3120024299425105,33.31313730.097890300225657,1050.40527
1681781544.4618788,33.39593272507909,0.3120991774763575,33.237449630.00039163226374,1050.1106
1681781549.4486382,33.31258309186224,0.3190981531644842,33.148315429.909177718755675,1049.83496
1681781554.4703639,33.22911523084564,0.307796745927329,33.094196329.827570595562474,1049.58838
1681781559.4804888,33.14558619956894,0.2922446937741693,33.0467329.75027735040799,1049.35486
1681781564.4905248,33.062129349517065,0.2748826780021194,33.001060429.670145488194652,1049.11279
1681781569.5435169,32.97786721687241,0.2487681801244811,32.969451929.592997808589306,1048.87976
1681781574.5002835,32.89524939358953,0.22279505285024775,32.936725629.5290599990772,1048.68665
1681781579.4960241,32.81176842749838,0.19751265707418883,32.89941429.462123089281327,1048.4845
1681781584.522226,32.728231735037994,0.1623775543747481,32.878604829.38919576615827,1048.26428
1681781589.5118463,32.64485842685623,0.12966132345527334,32.850387529.330979816656278,1048.0885
1681781594.5241945,32.56133803427938,0.0984158164664565,32.816558829.267787503777985,1047.89771
1681781599.5180316,32.47806333999558,0.07295735542638257,32.769664729.20527210824896,1047.70898
1681781604.5545266,32.39431335032705,0.0490175677891643,32.717533129.134061698275573,1047.49402
1681781609.5385158,32.31108199259364,0.03444909373729768,32.646659829.063328067576425,1047.28052
1681781614.5544353,32.2277160634669,0.02728755576060002,32.56095528.9927466287859,1047.0675
1681781619.5540926,32.14416330159429,0.015180557004274092,32.484542828.9133036939768,1046.82776
1681781624.5758965,32.06061912676417,0.00508369275832013,32.404022228.827902997610312,1046.57007
1681781629.5760143,31.977319235610203,0.00720200557158851,32.300334928.744878858930512,1046.31958
1681781634.585015,31.893878323840333,0.018434330419432238,32.180076528.654601880172084,1046.04724
1681781639.5738413,31.81053761542562,0.02932530159771521,32.062362628.560471074363576,1045.76331
1681781644.599425,31.726915918794507,0.03395319760552079,31.95789928.46037600677123,1045.46143
1681781649.5891037,31.64358399213079,0.043839934076931764,31.84473628.36309940066511,1045.16809
1681781654.6074107,31.560163175073498,0.0650281549251241,31.71137828.26014463287661,1044.85767
1681781659.6160192,31.47664257586721,0.07912778853272842,31.593782428.15109794448227,1044.52893
1681781664.6108327,31.39319363336487,0.09575956311567937,31.473075828.04479206876107,1044.2085
1681781669.618241,31.3097255339297,0.10617580201387836,31.365955327.943531111952446,1043.90332
1681781674.6831868,31.22531386117859,0.12563216016806322,31.241796427.831035247513412,1043.56433
1681781679.6421723,31.14269630015615,0.14386952071621123,31.123647627.73424549830475,1043.27271
1681781684.6580224,31.059286633141074,0.16257174982967462,31.005529427.634763883117575,1042.97302
1681781689.678741,30.975646316018935,0.1692835069223617,30.911674427.519504365277257,1042.62585
1681781694.6918805,30.892035689957176,0.17581027135160932,30.818689327.422550333063665,1042.33386
1681781699.6943274,30.808492627747093,0.1768676152473315,30.736635227.331382040953613,1042.05933
1681781704.713115,30.725084955500797,0.1749774105117023,30.660249727.23926566263896,1041.78198
1681781709.7172644,30.641420681285098,0.17190523394248472,30.585533127.149290235149795,1041.51111
1681781714.7222793,30.558180041121677,0.16171964238881648,30.524354927.057233863768847,1041.23401
1681781719.7316227,30.474703569220736,0.15037903816886458,30.464090326.974778543109746,1040.98584
1681781724.7363102,30.39136349261526,0.14061756468150757,30.399848926.890652325510796,1040.73267
1681781729.7261834,30.307940494027967,0.12410548058608215,30.347467426.814426243214402,1040.5033
1681781734.7474217,30.22426768840078,0.11330499432913316,30.282476426.736972335595226,1040.27026
1681781739.8022788,30.140002905336257,0.09541435784297395,30.229463526.6637750669323,1040.05005
1681781744.769998,30.0574385434461,0.07412903106781571,30.183238926.58882175304014,1039.82458
1681781749.77001,29.97406628033244,0.05791017651929689,30.124769226.514432582912093,1039.60083
1681781754.7817693,29.89055304031296,0.042828307517380065,30.06280726.44092694532392,1039.37976
1681781759.7884283,29.807100291060642,0.0148162119146147,30.02447726.366033792306876,1039.15454
1681781764.790795,29.72354140580419,0.0004250298119553436,29.957942926.284760571855482,1038.91016
1681781769.8022106,29.64023166001562,0,29.887342426.2108259083105,1038.68787
1681781774.8194134,29.55656100810293,0,29.8195826.130180687725836,1038.44543
